triangle
//Number_of_Node
784
//Number_of_Element
1320
//Number_of_Region
1
//Factor
1.0
347,130,131,
348,347,131,
129,130,345,
346,130,347,
490,346,347,
345,130,346,
131,132,348,
350,133,134,
350,134,135,
491,490,348,
349,348,133,
350,349,133,
347,348,490,
135,351,350,
133,348,132,
349,491,348,
342,126,127,
343,342,127,
126,341,125,
341,126,342,
341,342,488,
125,341,340,
127,128,344,
489,344,345,
345,344,128,
490,345,346,
489,345,490,
343,489,488,
489,343,344,
566,488,489,
343,488,342,
489,490,566,
344,343,127,
128,129,345,
341,488,487,
349,350,491,
355,139,140,
356,140,357,
355,140,356,
354,137,138,
139,354,138,
355,354,139,
355,356,494,
357,141,142,
358,142,143,
495,494,357,
358,357,142,
359,358,143,
357,494,356,
143,360,359,
141,357,140,
357,358,495,
137,352,136,
137,353,352,
492,351,352,
352,351,135,
490,491,567,
491,350,492,
566,490,567,
351,492,350,
493,352,353,
136,352,135,
354,494,493,
494,354,355,
493,494,569,
493,492,352,
568,491,492,
491,568,567,
621,567,622,
568,492,493,
493,569,568,
567,621,566,
569,494,570,
493,353,354,
137,354,353,
568,622,567,
495,358,359,
488,566,565,
117,333,116,
118,334,117,
331,115,332,
116,332,115,
115,331,330,
334,118,335,
120,336,119,
121,337,120,
330,331,483,
332,116,333,
333,117,334,
332,483,331,
121,122,337,
335,118,119,
484,332,333,
112,327,111,
113,328,112,
326,109,110,
111,326,110,
113,114,329,
482,329,330,
329,328,113,
330,329,114,
329,482,328,
481,325,326,
326,325,109,
327,326,111,
327,328,482,
326,327,481,
328,327,112,
114,115,330,
109,325,108,
333,334,484,
339,123,340,
340,123,124,
123,339,338,
486,336,337,
336,120,337,
337,122,338,
338,486,337,
338,339,486,
336,335,119,
340,341,487,
340,124,125,
488,565,487,
487,486,339,
565,564,487,
487,564,486,
565,566,620,
336,486,485,
668,619,620,
487,339,340,
620,566,621,
620,619,565,
485,484,334,
335,336,485,
484,562,483,
484,483,332,
562,482,483,
481,327,482,
482,330,483,
481,482,561,
484,485,563,
485,334,335,
563,564,619,
564,563,485,
619,564,565,
563,619,618,
561,562,617,
562,561,482,
667,618,619,
618,617,562,
562,563,618,
481,561,560,
618,666,617,
563,562,484,
486,564,485,
481,480,325,
620,621,669,
123,338,122,
617,616,561,
568,569,622,
365,148,149,
365,149,150,
147,148,364,
365,150,366,
498,365,366,
364,148,365,
150,151,366,
367,151,152,
368,152,153,
499,367,368,
368,367,152,
369,368,153,
366,367,499,
153,154,369,
151,367,366,
368,369,500,
361,144,145,
362,145,146,
361,496,360,
361,360,144,
362,361,145,
497,361,362,
147,362,146,
496,359,360,
498,363,364,
362,147,363,
363,147,364,
366,499,498,
499,572,498,
498,497,363,
498,364,365,
572,497,498,
500,573,499,
363,497,362,
500,499,368,
496,361,497,
369,370,500,
156,157,373,
157,158,374,
156,372,155,
370,154,155,
159,375,158,
376,160,161,
377,161,162,
503,376,377,
377,376,161,
378,377,162,
504,377,378,
162,379,378,
160,376,159,
376,375,159,
501,371,372,
372,371,155,
373,372,156,
502,501,372,
501,574,500,
501,370,371,
502,574,501,
501,500,370,
502,372,373,
371,370,155,
502,374,375,
375,374,158,
503,377,504,
375,376,503,
502,575,574,
575,502,503,
503,576,575,
576,503,504,
502,375,503,
574,575,627,
504,505,576,
374,502,373,
373,157,374,
628,575,576,
378,379,504,
154,370,369,
500,574,573,
570,495,496,
495,359,496,
496,497,571,
570,496,571,
569,623,622,
569,570,623,
624,623,570,
622,623,671,
570,571,624,
669,621,622,
571,625,624,
625,571,572,
625,572,573,
671,624,672,
670,671,709,
670,622,671,
773,708,709,
670,709,669,
709,671,710,
671,623,624,
572,571,497,
622,670,669,
667,668,707,
667,619,668,
707,668,708,
667,707,666,
665,666,706,
665,617,666,
706,666,707,
705,665,706,
707,770,706,
666,618,667,
709,708,669,
772,708,773,
708,772,771,
669,708,668,
770,771,737,
770,707,771,
738,737,771,
705,706,770,
771,772,738,
771,707,708,
620,669,668,
664,617,665,
672,624,625,
494,495,570,
626,673,625,
573,574,626,
674,626,627,
673,626,674,
672,673,711,
672,625,673,
711,673,674,
672,711,710,
674,712,711,
672,710,671,
627,628,676,
626,574,627,
676,628,629,
627,676,675,
712,675,713,
712,674,675,
713,675,676,
711,712,776,
676,677,713,
675,674,627,
575,628,627,
776,712,713,
710,774,773,
774,710,775,
773,774,740,
772,773,740,
738,772,739,
739,772,740,
774,741,740,
709,710,773,
743,775,776,
775,710,711,
775,711,776,
744,776,777,
741,774,742,
744,743,776,
742,775,743,
777,778,744,
742,774,775,
713,777,776,
713,778,777,
573,626,625,
499,573,572,
576,577,628,
360,143,144,
737,736,770,
106,322,105,
107,322,106,
105,321,104,
103,104,320,
108,323,107,
323,479,322,
321,322,479,
323,322,107,
324,323,108,
318,319,478,
319,320,478,
320,319,103,
321,320,104,
321,478,320,
322,321,105,
108,325,324,
103,319,102,
99,100,315,
100,101,316,
98,99,314,
313,97,98,
101,102,318,
316,476,315,
477,317,318,
315,100,316,
316,101,317,
95,96,311,
312,96,97,
314,99,315,
316,317,477,
317,101,318,
102,319,318,
324,480,323,
480,560,479,
560,480,481,
478,479,559,
478,321,479,
478,558,477,
476,477,558,
476,314,315,
476,316,477,
560,559,479,
477,318,478,
559,616,615,
616,559,560,
661,613,614,
559,615,558,
558,614,557,
614,558,615,
557,614,613,
558,557,476,
662,614,615,
559,558,478,
560,561,616,
476,557,475,
313,475,312,
474,311,312,
311,96,312,
312,97,313,
94,311,310,
94,95,311,
474,310,311,
93,94,310,
475,313,314,
313,98,314,
557,556,475,
475,314,476,
556,613,555,
475,556,474,
310,474,309,
474,556,473,
555,612,554,
473,556,555,
613,612,555,
473,555,472,
612,613,660,
475,474,312,
613,556,557,
473,309,474,
615,616,664,
479,323,480,
324,325,480,
93,309,308,
309,93,310,
309,473,308,
93,308,92,
308,91,92,
90,91,307,
91,308,307,
307,472,306,
307,308,473,
306,472,305,
306,89,90,
304,89,305,
305,89,306,
471,305,472,
304,305,471,
472,554,471,
306,90,307,
307,473,472,
88,304,303,
304,88,89,
304,471,303,
88,303,87,
303,86,87,
85,86,301,
86,303,302,
302,470,301,
302,303,470,
300,84,85,
300,85,301,
300,83,84,
82,83,298,
299,83,300,
301,86,302,
470,300,301,
303,471,470,
300,469,299,
469,300,470,
469,470,553,
299,469,298,
81,298,297,
81,82,298,
468,297,298,
81,297,296,
298,469,468,
298,83,299,
554,611,553,
552,553,610,
552,468,469,
552,469,553,
296,468,467,
296,297,468,
467,468,552,
296,467,295,
467,551,466,
470,554,553,
470,471,554,
81,296,80,
80,296,79,
79,296,295,
295,467,294,
79,295,294,
294,78,79,
78,294,77,
294,293,77,
293,466,292,
466,293,294,
292,466,291,
293,292,76,
75,76,291,
291,74,75,
290,74,291,
76,292,291,
291,466,465,
293,76,77,
467,466,294,
551,467,552,
555,554,472,
612,611,554,
664,705,663,
705,664,665,
663,705,704,
662,615,663,
661,662,703,
704,662,663,
703,662,704,
660,613,661,
705,768,704,
661,614,662,
704,768,703,
768,705,769,
768,769,736,
702,703,767,
660,702,659,
702,660,703,
701,659,702,
659,611,612,
701,702,765,
703,660,661,
705,770,769,
659,612,660,
610,657,609,
610,611,659,
610,609,551,
610,551,552,
550,465,466,
550,551,609,
464,465,550,
465,290,291,
609,608,550,
466,551,550,
658,701,657,
610,659,658,
700,657,701,
657,608,609,
548,549,607,
549,550,608,
608,607,549,
464,550,549,
608,657,656,
610,658,657,
659,701,658,
548,463,549,
768,767,703,
663,615,664,
735,734,767,
735,767,768,
734,766,767,
766,734,733,
766,733,732,
765,702,766,
735,768,736,
764,765,732,
732,765,766,
764,732,731,
763,764,730,
730,764,731,
763,730,729,
765,764,700,
765,700,701,
656,699,655,
699,656,700,
656,655,607,
656,607,608,
607,606,547,
606,607,655,
546,547,606,
607,547,548,
655,654,606,
657,700,656,
699,763,762,
763,699,700,
762,763,729,
699,762,698,
605,606,654,
605,654,653,
698,653,654,
697,653,698,
654,699,698,
604,545,605,
697,698,762,
654,655,699,
700,764,763,
546,606,605,
605,653,652,
702,767,766,
769,770,736,
461,548,547,
288,464,287,
289,464,288,
289,288,73,
290,289,73,
288,72,73,
72,288,287,
71,72,287,
290,465,289,
290,73,74,
548,461,462,
548,462,463,
463,462,285,
463,286,287,
463,285,286,
284,285,462,
282,462,461,
71,287,286,
464,549,463,
463,287,464,
465,464,289,
69,286,285,
286,70,71,
285,284,69,
286,69,70,
284,68,69,
67,68,283,
68,284,283,
462,283,284,
462,282,283,
282,281,65,
283,282,66,
282,65,66,
65,281,64,
64,281,280,
283,66,67,
461,281,282,
281,461,280,
279,280,460,
460,280,461,
459,460,546,
278,460,459,
460,278,279,
278,459,277,
278,277,61,
279,278,62,
459,276,277,
280,279,63,
546,545,458,
545,546,605,
458,545,457,
458,276,459,
458,275,276,
274,275,458,
273,458,457,
276,275,60,
457,456,271,
458,459,546,
461,547,460,
277,276,61,
60,61,276,
278,61,62,
275,59,60,
58,59,274,
63,279,62,
457,272,273,
273,274,458,
273,272,57,
273,57,58,
57,272,56,
55,271,54,
55,56,272,
271,55,272,
271,272,457,
273,58,274,
275,274,59,
544,457,545,
280,63,64,
547,546,460,
729,728,762,
553,611,610,
616,617,664,
380,163,164,
380,164,165,
505,379,380,
380,379,163,
381,380,165,
505,380,381,
165,166,381,
163,379,162,
382,166,167,
168,383,167,
169,170,386,
169,384,168,
381,166,382,
387,170,171,
505,381,506,
506,381,382,
383,382,167,
506,382,383,
577,506,578,
506,577,505,
507,578,506,
577,578,629,
506,383,384,
577,576,505,
507,384,385,
385,384,169,
386,385,169,
507,385,386,
386,508,507,
508,386,387,
388,508,387,
507,508,578,
386,170,387,
384,507,506,
383,168,384,
579,578,508,
387,171,388,
577,629,628,
389,172,173,
390,173,174,
509,388,389,
389,388,172,
390,389,173,
390,509,389,
174,391,390,
172,388,171,
391,175,176,
392,176,177,
176,392,391,
393,392,177,
394,177,178,
390,391,510,
175,391,174,
392,510,391,
509,390,510,
510,392,393,
393,177,394,
511,393,394,
510,511,580,
511,510,393,
395,512,511,
510,580,509,
511,394,395,
509,579,508,
395,179,180,
396,180,181,
396,397,512,
396,395,180,
397,513,512,
398,397,181,
396,181,397,
512,395,396,
181,182,398,
179,395,394,
178,179,394,
513,397,398,
388,509,508,
581,511,512,
677,629,678,
677,676,629,
715,678,679,
677,678,714,
778,714,715,
778,713,714,
715,714,678,
779,778,715,
678,629,630,
778,745,744,
630,579,631,
630,629,578,
631,579,580,
630,631,679,
680,716,715,
680,679,631,
681,716,680,
680,715,679,
781,716,717,
630,679,678,
578,579,630,
779,715,716,
746,745,779,
779,745,778,
780,779,716,
746,779,780,
747,746,780,
780,748,747,
748,781,782,
781,748,780,
718,782,781,
748,782,749,
750,749,782,
783,751,750,
783,750,782,
780,716,781,
631,632,680,
714,713,677,
680,632,681,
631,580,581,
631,581,632,
682,681,634,
717,682,683,
682,717,681,
634,683,682,
717,683,718,
633,681,632,
718,781,717,
512,582,581,
581,580,511,
583,582,514,
582,633,632,
633,583,634,
583,633,582,
635,683,634,
633,634,681,
514,582,513,
582,632,581,
579,509,580,
684,683,636,
783,718,719,
783,782,718,
719,718,684,
783,719,784,
752,784,753,
752,751,784,
689,753,784,
752,753,754,
784,719,720,
751,783,784,
685,686,719,
637,685,684,
638,686,685,
719,686,720,
689,784,720,
689,720,687,
687,688,689,
639,688,687,
720,686,687,
689,688,641,
687,686,639,
719,684,685,
718,683,684,
753,689,754,
584,634,583,
716,681,717,
582,512,513,
513,398,399,
505,504,379,
399,182,183,
399,183,184,
400,514,399,
400,399,184,
401,400,184,
401,514,400,
184,185,401,
399,514,513,
402,185,186,
402,186,187,
187,403,402,
404,403,187,
404,187,188,
514,401,402,
185,402,401,
403,515,402,
583,515,584,
514,402,515,
516,515,404,
584,515,516,
634,585,635,
634,584,585,
517,585,584,
635,585,586,
584,516,517,
514,515,583,
404,189,405,
515,403,404,
405,189,406,
406,516,405,
517,518,585,
518,586,585,
517,516,406,
406,407,517,
406,189,190,
516,404,405,
188,189,404,
636,635,586,
398,182,399,
406,191,407,
408,191,192,
518,517,408,
408,407,191,
193,409,408,
409,518,408,
408,192,193,
191,406,190,
409,194,410,
194,409,193,
410,194,411,
411,195,196,
195,411,194,
411,196,412,
410,518,409,
518,410,411,
518,411,519,
411,412,519,
413,412,197,
519,412,413,
413,520,519,
520,413,414,
520,414,415,
520,586,519,
413,197,414,
519,586,518,
414,198,415,
415,198,199,
520,415,521,
415,199,416,
200,201,416,
199,200,416,
415,416,521,
198,414,197,
196,197,412,
586,520,587,
408,517,407,
417,416,201,
588,587,521,
521,587,520,
522,521,417,
588,521,522,
587,637,636,
637,587,588,
588,589,637,
637,638,685,
588,522,523,
587,636,586,
418,419,522,
417,201,418,
419,418,202,
419,420,522,
523,420,421,
523,522,420,
421,420,205,
524,523,422,
419,204,420,
418,522,417,
521,416,417,
589,588,523,
638,589,590,
589,638,637,
590,589,524,
638,590,639,
639,591,640,
591,639,590,
640,591,592,
688,639,640,
590,526,591,
686,638,639,
525,526,590,
424,525,524,
426,526,525,
526,527,591,
592,527,528,
592,591,527,
431,528,527,
592,528,433,
527,526,429,
525,590,524,
589,523,524,
640,592,529,
422,523,421,
637,684,636,
203,204,419,
204,205,420,
424,524,423,
207,423,422,
208,424,423,
525,424,425,
421,205,206,
203,419,202,
206,207,422,
207,208,423,
424,209,425,
424,208,209,
425,209,426,
422,421,206,
525,425,426,
428,526,427,
427,426,210,
428,427,211,
429,526,428,
430,431,527,
430,429,213,
431,430,215,
527,429,430,
428,212,429,
432,528,431,
211,212,428,
212,213,429,
214,215,430,
430,213,214,
431,216,432,
216,431,215,
211,427,210,
426,209,210,
427,526,426,
423,524,422,
201,202,418,
528,432,217,
636,683,635,
688,640,593,
727,726,759,
728,727,760,
728,760,761,
760,727,759,
695,760,759,
697,761,760,
726,758,759,
728,761,762,
757,724,756,
694,757,693,
724,757,758,
758,694,759,
758,725,724,
694,758,757,
758,726,725,
756,724,723,
694,695,759,
697,696,651,
697,760,696,
603,651,650,
697,651,652,
652,603,604,
603,652,651,
543,604,603,
652,604,605,
651,696,650,
697,652,653,
695,648,649,
648,695,694,
602,649,601,
695,649,650,
649,602,650,
541,602,601,
603,602,542,
650,602,603,
648,601,649,
695,650,696,
760,695,696,
541,542,602,
648,694,647,
761,697,762,
755,722,721,
721,752,754,
755,721,754,
756,755,692,
755,756,722,
691,692,755,
692,693,757,
755,754,691,
756,692,757,
690,641,642,
690,754,689,
594,643,642,
690,642,691,
691,643,644,
643,691,642,
596,645,644,
691,644,692,
644,643,595,
690,691,754,
690,689,641,
692,644,645,
647,693,646,
647,694,693,
646,693,645,
600,647,599,
540,601,539,
601,648,600,
539,601,600,
601,540,541,
647,646,598,
648,647,600,
598,599,647,
597,598,645,
538,599,537,
538,600,599,
540,539,449,
448,539,538,
538,447,448,
446,447,538,
600,538,539,
252,448,251,
598,537,599,
646,645,598,
693,692,645,
541,540,451,
593,642,641,
756,723,722,
448,449,539,
455,544,543,
544,604,543,
454,543,542,
455,543,454,
269,456,455,
455,456,544,
454,267,455,
266,267,454,
454,265,266,
544,456,457,
453,452,262,
452,453,542,
453,262,263,
264,454,453,
264,265,454,
264,453,263,
264,263,47,
265,264,48,
262,47,263,
453,454,542,
603,542,543,
266,265,49,
456,269,270,
455,268,269,
269,268,53,
270,269,54,
269,53,54,
53,268,52,
268,51,52,
270,54,271,
48,49,265,
48,264,47,
49,50,266,
267,50,51,
267,266,50,
267,51,268,
455,267,268,
262,46,47,
456,270,271,
451,452,541,
541,452,542,
450,449,255,
258,451,450,
452,451,260,
256,450,255,
39,256,255,
450,256,257,
449,254,255,
540,450,451,
449,253,254,
449,448,253,
253,252,36,
254,253,37,
254,37,38,
37,253,36,
36,252,35,
255,254,39,
448,252,253,
254,38,39,
452,260,261,
451,259,260,
260,259,44,
261,260,45,
261,45,46,
45,260,44,
259,43,44,
46,262,261,
42,258,257,
259,451,258,
40,256,39,
257,256,40,
43,258,42,
41,42,257,
40,41,257,
258,43,259,
450,257,258,
261,262,452,
540,449,450,
251,448,447,
604,544,545,
593,529,530,
529,592,433,
530,529,434,
593,530,594,
595,594,531,
595,643,594,
531,594,530,
532,595,531,
530,436,531,
644,595,596,
530,434,435,
530,435,436,
222,435,434,
224,436,435,
227,437,226,
437,531,436,
436,226,437,
532,531,437,
434,433,219,
529,433,434,
593,640,529,
228,437,227,
596,595,533,
533,595,532,
532,437,438,
439,532,438,
596,533,534,
596,534,597,
439,533,532,
439,440,533,
438,231,439,
597,645,596,
438,229,230,
230,231,438,
14,230,229,
15,230,14,
232,231,15,
232,439,231,
15,231,230,
232,15,16,
12,229,228,
228,229,438,
437,228,438,
232,233,439,
228,227,11,
642,593,594,
433,218,219,
220,434,219,
218,217,1,
219,218,3,
434,221,222,
221,434,220,
221,220,5,
6,222,221,
219,4,220,
222,223,435,
218,1,2,
218,2,3,
4,5,220,
219,3,4,
216,1,217,
528,217,433,
6,221,5,
436,224,225,
226,436,225,
9,226,225,
228,11,12,
13,14,229,
229,12,13,
225,224,8,
10,227,226,
222,7,223,
7,222,6,
7,8,224,
10,11,227,
10,226,9,
9,225,8,
7,224,223,
224,435,223,
217,218,433,
641,688,593,
535,536,598,
537,598,536,
444,536,443,
537,536,445,
537,445,446,
445,536,444,
445,444,244,
246,446,445,
536,535,443,
447,446,249,
244,243,27,
444,443,242,
243,244,444,
243,444,242,
29,245,244,
245,445,244,
27,28,244,
246,445,245,
442,535,534,
442,443,535,
534,535,597,
28,29,244,
249,250,447,
251,447,250,
250,249,34,
251,250,35,
250,34,35,
34,249,33,
249,32,33,
251,35,252,
31,247,246,
247,248,446,
29,246,245,
30,246,29,
248,32,249,
248,247,32,
32,247,31,
246,30,31,
446,248,249,
246,247,446,
446,538,537,
235,441,440,
441,442,534,
234,440,233,
235,440,234,
442,441,237,
236,441,235,
236,235,19,
236,237,441,
234,19,235,
441,534,440,
232,17,233,
233,440,439,
233,17,18,
19,20,236,
234,18,19,
234,233,18,
534,533,440,
237,236,20,
240,241,443,
242,443,241,
241,240,25,
242,241,25,
242,26,27,
26,242,25,
240,24,25,
242,27,243,
22,238,237,
239,240,442,
21,237,20,
22,237,21,
23,240,239,
240,23,24,
22,23,239,
239,238,22,
238,239,442,
237,238,442,
443,442,240,
17,232,16,
598,597,535,
432,216,217,
0.0919611 ,0.0026758 ,
0.0918444 ,0.0053493 ,
0.0916499 ,0.0080183 ,
0.0913779 ,0.0106805 ,
0.0910286 ,0.0133337 ,
0.0906023 ,0.0159756 ,
0.0900993 ,0.0186040 ,
0.0895201 ,0.0212167 ,
0.0888652 ,0.0238114 ,
0.0881350 ,0.0263859 ,
0.0873303 ,0.0289381 ,
0.0864517 ,0.0314659 ,
0.0855000 ,0.0339670 ,
0.0844759 ,0.0364393 ,
0.0833803 ,0.0388809 ,
0.0822142 ,0.0412895 ,
0.0809785 ,0.0436632 ,
0.0796743 ,0.0460000 ,
0.0783027 ,0.0482978 ,
0.0768649 ,0.0505548 ,
0.0753620 ,0.0527690 ,
0.0737953 ,0.0549386 ,
0.0721662 ,0.0570617 ,
0.0704761 ,0.0591365 ,
0.0687263 ,0.0611612 ,
0.0669184 ,0.0631342 ,
0.0650538 ,0.0650538 ,
0.0631342 ,0.0669184 ,
0.0611612 ,0.0687263 ,
0.0591365 ,0.0704761 ,
0.0570617 ,0.0721662 ,
0.0549386 ,0.0737953 ,
0.0527690 ,0.0753620 ,
0.0505548 ,0.0768649 ,
0.0482978 ,0.0783027 ,
0.0460000 ,0.0796743 ,
0.0436632 ,0.0809785 ,
0.0412895 ,0.0822142 ,
0.0388809 ,0.0833803 ,
0.0364393 ,0.0844759 ,
0.0339670 ,0.0855000 ,
0.0314659 ,0.0864517 ,
0.0289381 ,0.0873303 ,
0.0263859 ,0.0881350 ,
0.0238114 ,0.0888652 ,
0.0212167 ,0.0895201 ,
0.0186040 ,0.0900993 ,
0.0159756 ,0.0906023 ,
0.0133337 ,0.0910286 ,
0.0106805 ,0.0913779 ,
0.0080183 ,0.0916499 ,
0.0053493 ,0.0918444 ,
0.0026758 ,0.0919611 ,
0.0000000 ,0.0920000 ,
-0.0026758 ,0.0919611 ,
-0.0053493 ,0.0918444 ,
-0.0080183 ,0.0916499 ,
-0.0106805 ,0.0913779 ,
-0.0133337 ,0.0910286 ,
-0.0159756 ,0.0906023 ,
-0.0186040 ,0.0900993 ,
-0.0212167 ,0.0895201 ,
-0.0238114 ,0.0888652 ,
-0.0263859 ,0.0881350 ,
-0.0289381 ,0.0873303 ,
-0.0314659 ,0.0864517 ,
-0.0339670 ,0.0855000 ,
-0.0364393 ,0.0844759 ,
-0.0388809 ,0.0833803 ,
-0.0412895 ,0.0822142 ,
-0.0436632 ,0.0809785 ,
-0.0460000 ,0.0796743 ,
-0.0482978 ,0.0783027 ,
-0.0505548 ,0.0768649 ,
-0.0527690 ,0.0753620 ,
-0.0549386 ,0.0737953 ,
-0.0570617 ,0.0721662 ,
-0.0591365 ,0.0704761 ,
-0.0611612 ,0.0687263 ,
-0.0631342 ,0.0669184 ,
-0.0650538 ,0.0650538 ,
-0.0669184 ,0.0631342 ,
-0.0687263 ,0.0611612 ,
-0.0704761 ,0.0591365 ,
-0.0721662 ,0.0570617 ,
-0.0737953 ,0.0549386 ,
-0.0753620 ,0.0527690 ,
-0.0768649 ,0.0505548 ,
-0.0783027 ,0.0482978 ,
-0.0796743 ,0.0460000 ,
-0.0809785 ,0.0436632 ,
-0.0822142 ,0.0412895 ,
-0.0833803 ,0.0388809 ,
-0.0844759 ,0.0364393 ,
-0.0855000 ,0.0339670 ,
-0.0864517 ,0.0314659 ,
-0.0873303 ,0.0289381 ,
-0.0881350 ,0.0263859 ,
-0.0888652 ,0.0238114 ,
-0.0895201 ,0.0212167 ,
-0.0900993 ,0.0186040 ,
-0.0906023 ,0.0159756 ,
-0.0910286 ,0.0133337 ,
-0.0913779 ,0.0106805 ,
-0.0916499 ,0.0080183 ,
-0.0918444 ,0.0053493 ,
-0.0919611 ,0.0026758 ,
-0.0920000 ,0.0000000 ,
-0.0919611 ,-0.0026758 ,
-0.0918444 ,-0.0053493 ,
-0.0916499 ,-0.0080183 ,
-0.0913779 ,-0.0106805 ,
-0.0910286 ,-0.0133337 ,
-0.0906023 ,-0.0159756 ,
-0.0900993 ,-0.0186040 ,
-0.0895201 ,-0.0212167 ,
-0.0888652 ,-0.0238114 ,
-0.0881350 ,-0.0263859 ,
-0.0873303 ,-0.0289381 ,
-0.0864517 ,-0.0314659 ,
-0.0855000 ,-0.0339670 ,
-0.0844759 ,-0.0364393 ,
-0.0833803 ,-0.0388809 ,
-0.0822142 ,-0.0412895 ,
-0.0809785 ,-0.0436632 ,
-0.0796743 ,-0.0460000 ,
-0.0783027 ,-0.0482978 ,
-0.0768649 ,-0.0505548 ,
-0.0753620 ,-0.0527690 ,
-0.0737953 ,-0.0549386 ,
-0.0721662 ,-0.0570617 ,
-0.0704761 ,-0.0591365 ,
-0.0687263 ,-0.0611612 ,
-0.0669184 ,-0.0631342 ,
-0.0650538 ,-0.0650538 ,
-0.0631342 ,-0.0669184 ,
-0.0611612 ,-0.0687263 ,
-0.0591365 ,-0.0704761 ,
-0.0570617 ,-0.0721662 ,
-0.0549386 ,-0.0737953 ,
-0.0527690 ,-0.0753620 ,
-0.0505548 ,-0.0768649 ,
-0.0482978 ,-0.0783027 ,
-0.0460000 ,-0.0796743 ,
-0.0436632 ,-0.0809785 ,
-0.0412895 ,-0.0822142 ,
-0.0388809 ,-0.0833803 ,
-0.0364393 ,-0.0844759 ,
-0.0339670 ,-0.0855000 ,
-0.0314659 ,-0.0864517 ,
-0.0289381 ,-0.0873303 ,
-0.0263859 ,-0.0881350 ,
-0.0238114 ,-0.0888652 ,
-0.0212167 ,-0.0895201 ,
-0.0186040 ,-0.0900993 ,
-0.0159756 ,-0.0906023 ,
-0.0133337 ,-0.0910286 ,
-0.0106805 ,-0.0913779 ,
-0.0080183 ,-0.0916499 ,
-0.0053493 ,-0.0918444 ,
-0.0026758 ,-0.0919611 ,
-0.0000000 ,-0.0920000 ,
0.0026758 ,-0.0919611 ,
0.0053493 ,-0.0918444 ,
0.0080183 ,-0.0916499 ,
0.0106805 ,-0.0913779 ,
0.0133337 ,-0.0910286 ,
0.0159756 ,-0.0906023 ,
0.0186040 ,-0.0900993 ,
0.0212167 ,-0.0895201 ,
0.0238114 ,-0.0888652 ,
0.0263859 ,-0.0881350 ,
0.0289381 ,-0.0873303 ,
0.0314659 ,-0.0864517 ,
0.0339670 ,-0.0855000 ,
0.0364393 ,-0.0844759 ,
0.0388809 ,-0.0833803 ,
0.0412895 ,-0.0822142 ,
0.0436632 ,-0.0809785 ,
0.0460000 ,-0.0796743 ,
0.0482978 ,-0.0783027 ,
0.0505548 ,-0.0768649 ,
0.0527690 ,-0.0753620 ,
0.0549386 ,-0.0737953 ,
0.0570617 ,-0.0721662 ,
0.0591365 ,-0.0704761 ,
0.0611612 ,-0.0687263 ,
0.0631342 ,-0.0669184 ,
0.0650538 ,-0.0650538 ,
0.0669184 ,-0.0631342 ,
0.0687263 ,-0.0611612 ,
0.0704761 ,-0.0591365 ,
0.0721662 ,-0.0570617 ,
0.0737953 ,-0.0549386 ,
0.0753620 ,-0.0527690 ,
0.0768649 ,-0.0505548 ,
0.0783027 ,-0.0482978 ,
0.0796743 ,-0.0460000 ,
0.0809785 ,-0.0436632 ,
0.0822142 ,-0.0412895 ,
0.0833803 ,-0.0388809 ,
0.0844759 ,-0.0364393 ,
0.0855000 ,-0.0339670 ,
0.0864517 ,-0.0314659 ,
0.0873303 ,-0.0289381 ,
0.0881350 ,-0.0263859 ,
0.0888652 ,-0.0238114 ,
0.0895201 ,-0.0212167 ,
0.0900993 ,-0.0186040 ,
0.0906023 ,-0.0159756 ,
0.0910286 ,-0.0133337 ,
0.0913779 ,-0.0106805 ,
0.0916499 ,-0.0080183 ,
0.0918444 ,-0.0053493 ,
0.0919611 ,-0.0026758 ,
0.0920000 ,-0.0000000 ,
0.0884626 ,0.0025740 ,
0.0883503 ,0.0051458 ,
0.0881632 ,0.0077133 ,
0.0879016 ,0.0102742 ,
0.0875656 ,0.0128265 ,
0.0871555 ,0.0153679 ,
0.0866716 ,0.0178963 ,
0.0861145 ,0.0204095 ,
0.0854844 ,0.0229055 ,
0.0847821 ,0.0253821 ,
0.0840080 ,0.0278372 ,
0.0831628 ,0.0302688 ,
0.0822473 ,0.0326747 ,
0.0812621 ,0.0350531 ,
0.0802082 ,0.0374017 ,
0.0790865 ,0.0397187 ,
0.0778978 ,0.0420021 ,
0.0766432 ,0.0442500 ,
0.0753238 ,0.0464604 ,
0.0739407 ,0.0486315 ,
0.0724950 ,0.0507615 ,
0.0709879 ,0.0528485 ,
0.0694208 ,0.0548908 ,
0.0677949 ,0.0568867 ,
0.0661117 ,0.0588344 ,
0.0643726 ,0.0607324 ,
0.0625790 ,0.0625790 ,
0.0607324 ,0.0643726 ,
0.0588344 ,0.0661117 ,
0.0568867 ,0.0677949 ,
0.0548908 ,0.0694208 ,
0.0528485 ,0.0709879 ,
0.0507615 ,0.0724950 ,
0.0486315 ,0.0739407 ,
0.0464604 ,0.0753238 ,
0.0442500 ,0.0766432 ,
0.0420021 ,0.0778978 ,
0.0397187 ,0.0790865 ,
0.0374017 ,0.0802082 ,
0.0350531 ,0.0812621 ,
0.0326747 ,0.0822473 ,
0.0302688 ,0.0831628 ,
0.0278372 ,0.0840080 ,
0.0253821 ,0.0847821 ,
0.0229055 ,0.0854844 ,
0.0204095 ,0.0861145 ,
0.0178963 ,0.0866716 ,
0.0153679 ,0.0871555 ,
0.0128265 ,0.0875656 ,
0.0102742 ,0.0879016 ,
0.0077133 ,0.0881632 ,
0.0051458 ,0.0883503 ,
0.0025740 ,0.0884626 ,
0.0000000 ,0.0885000 ,
-0.0025740 ,0.0884626 ,
-0.0051458 ,0.0883503 ,
-0.0077133 ,0.0881632 ,
-0.0102742 ,0.0879016 ,
-0.0128265 ,0.0875656 ,
-0.0153679 ,0.0871555 ,
-0.0178963 ,0.0866716 ,
-0.0204095 ,0.0861145 ,
-0.0229055 ,0.0854844 ,
-0.0253821 ,0.0847821 ,
-0.0278372 ,0.0840080 ,
-0.0302688 ,0.0831628 ,
-0.0326747 ,0.0822473 ,
-0.0350531 ,0.0812621 ,
-0.0374017 ,0.0802082 ,
-0.0397187 ,0.0790865 ,
-0.0420021 ,0.0778978 ,
-0.0442500 ,0.0766432 ,
-0.0464604 ,0.0753238 ,
-0.0486315 ,0.0739407 ,
-0.0507615 ,0.0724950 ,
-0.0528485 ,0.0709879 ,
-0.0548908 ,0.0694208 ,
-0.0568867 ,0.0677949 ,
-0.0588344 ,0.0661117 ,
-0.0607324 ,0.0643726 ,
-0.0625790 ,0.0625790 ,
-0.0643726 ,0.0607324 ,
-0.0661117 ,0.0588344 ,
-0.0677949 ,0.0568867 ,
-0.0694208 ,0.0548908 ,
-0.0709879 ,0.0528485 ,
-0.0724950 ,0.0507615 ,
-0.0739407 ,0.0486315 ,
-0.0753238 ,0.0464604 ,
-0.0766432 ,0.0442500 ,
-0.0778978 ,0.0420021 ,
-0.0790865 ,0.0397187 ,
-0.0802082 ,0.0374017 ,
-0.0812621 ,0.0350531 ,
-0.0822473 ,0.0326747 ,
-0.0831628 ,0.0302688 ,
-0.0840080 ,0.0278372 ,
-0.0847821 ,0.0253821 ,
-0.0854844 ,0.0229055 ,
-0.0861145 ,0.0204095 ,
-0.0866716 ,0.0178963 ,
-0.0871555 ,0.0153679 ,
-0.0875656 ,0.0128265 ,
-0.0879016 ,0.0102742 ,
-0.0881632 ,0.0077133 ,
-0.0883503 ,0.0051458 ,
-0.0884626 ,0.0025740 ,
-0.0885000 ,0.0000000 ,
-0.0884626 ,-0.0025740 ,
-0.0883503 ,-0.0051458 ,
-0.0881632 ,-0.0077133 ,
-0.0879016 ,-0.0102742 ,
-0.0875656 ,-0.0128265 ,
-0.0871555 ,-0.0153679 ,
-0.0866716 ,-0.0178963 ,
-0.0861145 ,-0.0204095 ,
-0.0854844 ,-0.0229055 ,
-0.0847821 ,-0.0253821 ,
-0.0840080 ,-0.0278372 ,
-0.0831628 ,-0.0302688 ,
-0.0822473 ,-0.0326747 ,
-0.0812621 ,-0.0350531 ,
-0.0802082 ,-0.0374017 ,
-0.0790865 ,-0.0397187 ,
-0.0778978 ,-0.0420021 ,
-0.0766432 ,-0.0442500 ,
-0.0753238 ,-0.0464604 ,
-0.0739407 ,-0.0486315 ,
-0.0724950 ,-0.0507615 ,
-0.0709879 ,-0.0528485 ,
-0.0694208 ,-0.0548908 ,
-0.0677949 ,-0.0568867 ,
-0.0661117 ,-0.0588344 ,
-0.0643726 ,-0.0607324 ,
-0.0625790 ,-0.0625790 ,
-0.0607324 ,-0.0643726 ,
-0.0588344 ,-0.0661117 ,
-0.0568867 ,-0.0677949 ,
-0.0548908 ,-0.0694208 ,
-0.0528485 ,-0.0709879 ,
-0.0507615 ,-0.0724950 ,
-0.0486315 ,-0.0739407 ,
-0.0464604 ,-0.0753238 ,
-0.0442500 ,-0.0766432 ,
-0.0420021 ,-0.0778978 ,
-0.0397187 ,-0.0790865 ,
-0.0374017 ,-0.0802082 ,
-0.0350531 ,-0.0812621 ,
-0.0326747 ,-0.0822473 ,
-0.0302688 ,-0.0831628 ,
-0.0278372 ,-0.0840080 ,
-0.0253821 ,-0.0847821 ,
-0.0229055 ,-0.0854844 ,
-0.0204095 ,-0.0861145 ,
-0.0178963 ,-0.0866716 ,
-0.0153679 ,-0.0871555 ,
-0.0128265 ,-0.0875656 ,
-0.0102742 ,-0.0879016 ,
-0.0077133 ,-0.0881632 ,
-0.0051458 ,-0.0883503 ,
-0.0025740 ,-0.0884626 ,
-0.0000000 ,-0.0885000 ,
0.0025740 ,-0.0884626 ,
0.0051458 ,-0.0883503 ,
0.0077133 ,-0.0881632 ,
0.0102742 ,-0.0879016 ,
0.0128265 ,-0.0875656 ,
0.0153679 ,-0.0871555 ,
0.0178963 ,-0.0866716 ,
0.0204095 ,-0.0861145 ,
0.0229055 ,-0.0854844 ,
0.0253821 ,-0.0847821 ,
0.0278372 ,-0.0840080 ,
0.0302688 ,-0.0831628 ,
0.0326747 ,-0.0822473 ,
0.0350531 ,-0.0812621 ,
0.0374017 ,-0.0802082 ,
0.0397187 ,-0.0790865 ,
0.0420021 ,-0.0778978 ,
0.0442500 ,-0.0766432 ,
0.0464604 ,-0.0753238 ,
0.0486315 ,-0.0739407 ,
0.0507615 ,-0.0724950 ,
0.0528485 ,-0.0709879 ,
0.0548908 ,-0.0694208 ,
0.0568867 ,-0.0677949 ,
0.0588344 ,-0.0661117 ,
0.0607324 ,-0.0643726 ,
0.0625790 ,-0.0625790 ,
0.0643726 ,-0.0607324 ,
0.0661117 ,-0.0588344 ,
0.0677949 ,-0.0568867 ,
0.0694208 ,-0.0548908 ,
0.0709879 ,-0.0528485 ,
0.0724950 ,-0.0507615 ,
0.0739407 ,-0.0486315 ,
0.0753238 ,-0.0464604 ,
0.0766432 ,-0.0442500 ,
0.0778978 ,-0.0420021 ,
0.0790865 ,-0.0397187 ,
0.0802082 ,-0.0374017 ,
0.0812621 ,-0.0350531 ,
0.0822473 ,-0.0326747 ,
0.0831628 ,-0.0302688 ,
0.0840080 ,-0.0278372 ,
0.0847821 ,-0.0253821 ,
0.0854844 ,-0.0229055 ,
0.0861145 ,-0.0204095 ,
0.0866716 ,-0.0178963 ,
0.0871555 ,-0.0153679 ,
0.0875656 ,-0.0128265 ,
0.0879016 ,-0.0102742 ,
0.0881632 ,-0.0077133 ,
0.0883503 ,-0.0051458 ,
0.0884626 ,-0.0025740 ,
0.0885000 ,-0.0000000 ,
0.0828223 ,0.0054285 ,
0.0822899 ,0.0108337 ,
0.0814052 ,0.0161925 ,
0.0801718 ,0.0214820 ,
0.0785952 ,0.0266795 ,
0.0766820 ,0.0317627 ,
0.0744404 ,0.0367100 ,
0.0718801 ,0.0415000 ,
0.0690120 ,0.0461123 ,
0.0658483 ,0.0505272 ,
0.0624027 ,0.0547257 ,
0.0586899 ,0.0586899 ,
0.0547257 ,0.0624027 ,
0.0505272 ,0.0658483 ,
0.0461123 ,0.0690120 ,
0.0415000 ,0.0718801 ,
0.0367100 ,0.0744404 ,
0.0317627 ,0.0766820 ,
0.0266795 ,0.0785952 ,
0.0214820 ,0.0801718 ,
0.0161925 ,0.0814052 ,
0.0108337 ,0.0822899 ,
0.0054285 ,0.0828223 ,
0.0000000 ,0.0830000 ,
-0.0054285 ,0.0828223 ,
-0.0108337 ,0.0822899 ,
-0.0161925 ,0.0814052 ,
-0.0214820 ,0.0801718 ,
-0.0266795 ,0.0785952 ,
-0.0317627 ,0.0766820 ,
-0.0367100 ,0.0744404 ,
-0.0415000 ,0.0718801 ,
-0.0461123 ,0.0690120 ,
-0.0505272 ,0.0658483 ,
-0.0547257 ,0.0624027 ,
-0.0586899 ,0.0586899 ,
-0.0624027 ,0.0547257 ,
-0.0658483 ,0.0505272 ,
-0.0690120 ,0.0461123 ,
-0.0718801 ,0.0415000 ,
-0.0744404 ,0.0367100 ,
-0.0766820 ,0.0317627 ,
-0.0785952 ,0.0266795 ,
-0.0801718 ,0.0214820 ,
-0.0814052 ,0.0161925 ,
-0.0822899 ,0.0108337 ,
-0.0828223 ,0.0054285 ,
-0.0830000 ,0.0000000 ,
-0.0828223 ,-0.0054285 ,
-0.0822899 ,-0.0108337 ,
-0.0814052 ,-0.0161925 ,
-0.0801718 ,-0.0214820 ,
-0.0785952 ,-0.0266795 ,
-0.0766820 ,-0.0317627 ,
-0.0744404 ,-0.0367100 ,
-0.0718801 ,-0.0415000 ,
-0.0690120 ,-0.0461123 ,
-0.0658483 ,-0.0505272 ,
-0.0624027 ,-0.0547257 ,
-0.0586899 ,-0.0586899 ,
-0.0547257 ,-0.0624027 ,
-0.0505272 ,-0.0658483 ,
-0.0461123 ,-0.0690120 ,
-0.0415000 ,-0.0718801 ,
-0.0367100 ,-0.0744404 ,
-0.0317627 ,-0.0766820 ,
-0.0266795 ,-0.0785952 ,
-0.0214820 ,-0.0801718 ,
-0.0161925 ,-0.0814052 ,
-0.0108337 ,-0.0822899 ,
-0.0054285 ,-0.0828223 ,
-0.0000000 ,-0.0830000 ,
0.0054285 ,-0.0828223 ,
0.0108337 ,-0.0822899 ,
0.0161925 ,-0.0814052 ,
0.0214820 ,-0.0801718 ,
0.0266795 ,-0.0785952 ,
0.0317627 ,-0.0766820 ,
0.0367100 ,-0.0744404 ,
0.0415000 ,-0.0718801 ,
0.0461123 ,-0.0690120 ,
0.0505272 ,-0.0658483 ,
0.0547257 ,-0.0624027 ,
0.0586899 ,-0.0586899 ,
0.0624027 ,-0.0547257 ,
0.0658483 ,-0.0505272 ,
0.0690120 ,-0.0461123 ,
0.0718801 ,-0.0415000 ,
0.0744404 ,-0.0367100 ,
0.0766820 ,-0.0317627 ,
0.0785952 ,-0.0266795 ,
0.0801718 ,-0.0214820 ,
0.0814052 ,-0.0161925 ,
0.0822899 ,-0.0108337 ,
0.0828223 ,-0.0054285 ,
0.0830000 ,-0.0000000 ,
0.0746389 ,0.0073513 ,
0.0735589 ,0.0146318 ,
0.0717705 ,0.0217714 ,
0.0692910 ,0.0287013 ,
0.0661441 ,0.0353548 ,
0.0623602 ,0.0416678 ,
0.0579758 ,0.0475795 ,
0.0530330 ,0.0530330 ,
0.0475795 ,0.0579758 ,
0.0416678 ,0.0623602 ,
0.0353548 ,0.0661441 ,
0.0287013 ,0.0692910 ,
0.0217714 ,0.0717705 ,
0.0146318 ,0.0735589 ,
0.0073513 ,0.0746389 ,
0.0000000 ,0.0750000 ,
-0.0073513 ,0.0746389 ,
-0.0146318 ,0.0735589 ,
-0.0217714 ,0.0717705 ,
-0.0287013 ,0.0692910 ,
-0.0353548 ,0.0661441 ,
-0.0416678 ,0.0623602 ,
-0.0475795 ,0.0579758 ,
-0.0530330 ,0.0530330 ,
-0.0579758 ,0.0475795 ,
-0.0623602 ,0.0416678 ,
-0.0661441 ,0.0353548 ,
-0.0692910 ,0.0287013 ,
-0.0717705 ,0.0217714 ,
-0.0735589 ,0.0146318 ,
-0.0746389 ,0.0073513 ,
-0.0750000 ,0.0000000 ,
-0.0746389 ,-0.0073513 ,
-0.0735589 ,-0.0146318 ,
-0.0717705 ,-0.0217714 ,
-0.0692910 ,-0.0287013 ,
-0.0661441 ,-0.0353548 ,
-0.0623602 ,-0.0416678 ,
-0.0579758 ,-0.0475795 ,
-0.0530330 ,-0.0530330 ,
-0.0475795 ,-0.0579758 ,
-0.0416678 ,-0.0623602 ,
-0.0353548 ,-0.0661441 ,
-0.0287013 ,-0.0692910 ,
-0.0217714 ,-0.0717705 ,
-0.0146318 ,-0.0735589 ,
-0.0073513 ,-0.0746389 ,
-0.0000000 ,-0.0750000 ,
0.0073513 ,-0.0746389 ,
0.0146318 ,-0.0735589 ,
0.0217714 ,-0.0717705 ,
0.0287013 ,-0.0692910 ,
0.0353548 ,-0.0661441 ,
0.0416678 ,-0.0623602 ,
0.0475795 ,-0.0579758 ,
0.0530330 ,-0.0530330 ,
0.0579758 ,-0.0475795 ,
0.0623602 ,-0.0416678 ,
0.0661441 ,-0.0353548 ,
0.0692910 ,-0.0287013 ,
0.0717705 ,-0.0217714 ,
0.0735589 ,-0.0146318 ,
0.0746389 ,-0.0073513 ,
0.0750000 ,-0.0000000 ,
0.0624610 ,0.0082232 ,
0.0608533 ,0.0163056 ,
0.0582044 ,0.0241091 ,
0.0545596 ,0.0315000 ,
0.0499813 ,0.0383520 ,
0.0445477 ,0.0445477 ,
0.0383520 ,0.0499813 ,
0.0315000 ,0.0545596 ,
0.0241091 ,0.0582044 ,
0.0163056 ,0.0608533 ,
0.0082232 ,0.0624610 ,
0.0000000 ,0.0630000 ,
-0.0082232 ,0.0624610 ,
-0.0163056 ,0.0608533 ,
-0.0241091 ,0.0582044 ,
-0.0315000 ,0.0545596 ,
-0.0383520 ,0.0499813 ,
-0.0445477 ,0.0445477 ,
-0.0499813 ,0.0383520 ,
-0.0545596 ,0.0315000 ,
-0.0582044 ,0.0241091 ,
-0.0608533 ,0.0163056 ,
-0.0624610 ,0.0082232 ,
-0.0630000 ,0.0000000 ,
-0.0624610 ,-0.0082232 ,
-0.0608533 ,-0.0163056 ,
-0.0582044 ,-0.0241091 ,
-0.0545596 ,-0.0315000 ,
-0.0499813 ,-0.0383520 ,
-0.0445477 ,-0.0445477 ,
-0.0383520 ,-0.0499813 ,
-0.0315000 ,-0.0545596 ,
-0.0241091 ,-0.0582044 ,
-0.0163056 ,-0.0608533 ,
-0.0082232 ,-0.0624610 ,
-0.0000000 ,-0.0630000 ,
0.0082232 ,-0.0624610 ,
0.0163056 ,-0.0608533 ,
0.0241091 ,-0.0582044 ,
0.0315000 ,-0.0545596 ,
0.0383520 ,-0.0499813 ,
0.0445477 ,-0.0445477 ,
0.0499813 ,-0.0383520 ,
0.0545596 ,-0.0315000 ,
0.0582044 ,-0.0241091 ,
0.0608533 ,-0.0163056 ,
0.0624610 ,-0.0082232 ,
0.0630000 ,-0.0000000 ,
0.0426321 ,0.0056126 ,
0.0415348 ,0.0111292 ,
0.0397268 ,0.0164554 ,
0.0372391 ,0.0215000 ,
0.0341142 ,0.0261767 ,
0.0304056 ,0.0304056 ,
0.0261767 ,0.0341142 ,
0.0215000 ,0.0372391 ,
0.0164554 ,0.0397268 ,
0.0111292 ,0.0415348 ,
0.0056126 ,0.0426321 ,
0.0000000 ,0.0430000 ,
-0.0056126 ,0.0426321 ,
-0.0111292 ,0.0415348 ,
-0.0164554 ,0.0397268 ,
-0.0215000 ,0.0372391 ,
-0.0261767 ,0.0341142 ,
-0.0304056 ,0.0304056 ,
-0.0341142 ,0.0261767 ,
-0.0372391 ,0.0215000 ,
-0.0397268 ,0.0164554 ,
-0.0415348 ,0.0111292 ,
-0.0426321 ,0.0056126 ,
-0.0430000 ,0.0000000 ,
-0.0426321 ,-0.0056126 ,
-0.0415348 ,-0.0111292 ,
-0.0397268 ,-0.0164554 ,
-0.0372391 ,-0.0215000 ,
-0.0341142 ,-0.0261767 ,
-0.0304056 ,-0.0304056 ,
-0.0261767 ,-0.0341142 ,
-0.0215000 ,-0.0372391 ,
-0.0164554 ,-0.0397268 ,
-0.0111292 ,-0.0415348 ,
-0.0056126 ,-0.0426321 ,
-0.0000000 ,-0.0430000 ,
0.0056126 ,-0.0426321 ,
0.0111292 ,-0.0415348 ,
0.0164554 ,-0.0397268 ,
0.0215000 ,-0.0372391 ,
0.0261767 ,-0.0341142 ,
0.0304056 ,-0.0304056 ,
0.0341142 ,-0.0261767 ,
0.0372391 ,-0.0215000 ,
0.0397268 ,-0.0164554 ,
0.0415348 ,-0.0111292 ,
0.0426321 ,-0.0056126 ,
0.0430000 ,-0.0000000 ,
0.0400000 ,0.0000000 ,
0.0392314 ,0.0078036 ,
0.0369552 ,0.0153073 ,
0.0332588 ,0.0222228 ,
0.0282843 ,0.0282843 ,
0.0222228 ,0.0332588 ,
0.0153073 ,0.0369552 ,
0.0078036 ,0.0392314 ,
0.0000000 ,0.0400000 ,
-0.0078036 ,0.0392314 ,
-0.0153073 ,0.0369552 ,
-0.0222228 ,0.0332588 ,
-0.0282843 ,0.0282843 ,
-0.0332588 ,0.0222228 ,
-0.0369552 ,0.0153073 ,
-0.0392314 ,0.0078036 ,
-0.0400000 ,0.0000000 ,
-0.0392314 ,-0.0078036 ,
-0.0369552 ,-0.0153073 ,
-0.0332588 ,-0.0222228 ,
-0.0282843 ,-0.0282843 ,
-0.0222228 ,-0.0332588 ,
-0.0153073 ,-0.0369552 ,
-0.0078036 ,-0.0392314 ,
-0.0000000 ,-0.0400000 ,
0.0078036 ,-0.0392314 ,
0.0153073 ,-0.0369552 ,
0.0222228 ,-0.0332588 ,
0.0282843 ,-0.0282843 ,
0.0332588 ,-0.0222228 ,
0.0369552 ,-0.0153073 ,
0.0392314 ,-0.0078036 ,
0.0245196 ,0.0048773 ,
0.0230970 ,0.0095671 ,
0.0207867 ,0.0138893 ,
0.0176777 ,0.0176777 ,
0.0138893 ,0.0207867 ,
0.0095671 ,0.0230970 ,
0.0048773 ,0.0245196 ,
0.0000000 ,0.0250000 ,
-0.0048773 ,0.0245196 ,
-0.0095671 ,0.0230970 ,
-0.0138893 ,0.0207867 ,
-0.0176777 ,0.0176777 ,
-0.0207867 ,0.0138893 ,
-0.0230970 ,0.0095671 ,
-0.0245196 ,0.0048773 ,
-0.0250000 ,0.0000000 ,
-0.0245196 ,-0.0048773 ,
-0.0230970 ,-0.0095671 ,
-0.0207867 ,-0.0138893 ,
-0.0176777 ,-0.0176777 ,
-0.0138893 ,-0.0207867 ,
-0.0095671 ,-0.0230970 ,
-0.0048773 ,-0.0245196 ,
-0.0000000 ,-0.0250000 ,
0.0048773 ,-0.0245196 ,
0.0095671 ,-0.0230970 ,
0.0138893 ,-0.0207867 ,
0.0176777 ,-0.0176777 ,
0.0207867 ,-0.0138893 ,
0.0230970 ,-0.0095671 ,
0.0245196 ,-0.0048773 ,
0.0250000 ,-0.0000000 ,
0.0280000 ,0.0000000 ,
0.0274620 ,0.0054625 ,
0.0258686 ,0.0107151 ,
0.0232811 ,0.0155560 ,
0.0197990 ,0.0197990 ,
0.0155560 ,0.0232811 ,
0.0107151 ,0.0258686 ,
0.0054625 ,0.0274620 ,
0.0000000 ,0.0280000 ,
-0.0054625 ,0.0274620 ,
-0.0107151 ,0.0258686 ,
-0.0155560 ,0.0232811 ,
-0.0197990 ,0.0197990 ,
-0.0232811 ,0.0155560 ,
-0.0258686 ,0.0107151 ,
-0.0274620 ,0.0054625 ,
-0.0280000 ,0.0000000 ,
-0.0274620 ,-0.0054625 ,
-0.0258686 ,-0.0107151 ,
-0.0232811 ,-0.0155560 ,
-0.0197990 ,-0.0197990 ,
-0.0155560 ,-0.0232811 ,
-0.0107151 ,-0.0258686 ,
-0.0054625 ,-0.0274620 ,
-0.0000000 ,-0.0280000 ,
0.0054625 ,-0.0274620 ,
0.0107151 ,-0.0258686 ,
0.0155560 ,-0.0232811 ,
0.0197990 ,-0.0197990 ,
0.0232811 ,-0.0155560 ,
0.0258686 ,-0.0107151 ,
0.0274620 ,-0.0054625 ,
1,1320,iron
