triangle
//Number_of_Node
36
//Number_of_Element
40
//Number_of_Region
1
//Factor
1.0
9,8,13,
13,14,9,
10,9,14,
14,15,10,
11,10,15,
15,16,11,
12,11,16,
16,17,12,
14,13,1,
1,2,14,
15,14,2,
2,3,15,
16,15,3,
3,4,16,
17,16,4,
4,18,17,
6,5,9,
9,10,6,
7,6,10,
10,11,7,
31,26,27,
27,32,31,
32,27,28,
28,33,32,
33,28,29,
29,34,33,
34,29,30,
30,35,34,
19,31,32,
32,20,19,
20,32,33,
33,21,20,
21,33,34,
34,22,21,
22,34,35,
35,36,22,
27,23,24,
24,28,27,
28,24,25,
25,29,28,
-0.0640000 ,-0.0820000 ,
-0.0720000 ,-0.0820000 ,
-0.0800000 ,-0.0820000 ,
-0.0920000 ,-0.0820000 ,
-0.0720000 ,-0.1100000 ,
-0.0800000 ,-0.1100000 ,
-0.0880000 ,-0.1100000 ,
-0.0640000 ,-0.1000000 ,
-0.0720000 ,-0.1000000 ,
-0.0800000 ,-0.1000000 ,
-0.0880000 ,-0.1000000 ,
-0.0960000 ,-0.1000000 ,
-0.0640000 ,-0.0910000 ,
-0.0720000 ,-0.0910000 ,
-0.0800000 ,-0.0910000 ,
-0.0880000 ,-0.0910000 ,
-0.0960000 ,-0.0910000 ,
-0.0960000 ,-0.0820000 ,
0.0640000 ,-0.0820000 ,
0.0720000 ,-0.0820000 ,
0.0800000 ,-0.0820000 ,
0.0920000 ,-0.0820000 ,
0.0720000 ,-0.1100000 ,
0.0800000 ,-0.1100000 ,
0.0880000 ,-0.1100000 ,
0.0640000 ,-0.1000000 ,
0.0720000 ,-0.1000000 ,
0.0800000 ,-0.1000000 ,
0.0880000 ,-0.1000000 ,
0.0960000 ,-0.1000000 ,
0.0640000 ,-0.0910000 ,
0.0720000 ,-0.0910000 ,
0.0800000 ,-0.0910000 ,
0.0880000 ,-0.0910000 ,
0.0960000 ,-0.0910000 ,
0.0960000 ,-0.0820000 ,
1,40,iron1
