triangle
//Number_of_Node
36
//Number_of_Element
40
//Number_of_Region
1
//Factor
1.0
18,17,12,
12,13,18,
19,18,13,
13,14,19,
20,19,14,
14,15,20,
21,20,15,
15,16,21,
2,1,17,
17,18,2,
3,2,18,
18,19,3,
4,3,20,
19,20,3,
22,4,21,
20,21,4,
14,13,9,
9,10,14,
15,14,10,
10,11,15,
27,26,31,
31,32,27,
28,27,32,
32,33,28,
29,28,33,
33,34,29,
30,29,34,
34,35,30,
32,31,5,
5,6,32,
33,32,6,
6,7,33,
34,33,7,
7,8,34,
35,34,8,
8,36,35,
24,23,27,
27,28,24,
25,24,28,
28,29,25,
0.0640000 ,-0.0820000 ,
0.0720000 ,-0.0820000 ,
0.0800000 ,-0.0820000 ,
0.0920000 ,-0.0820000 ,
-0.0640000 ,-0.0820000 ,
-0.0720000 ,-0.0820000 ,
-0.0800000 ,-0.0820000 ,
-0.0920000 ,-0.0820000 ,
0.0720000 ,-0.1100000 ,
0.0800000 ,-0.1100000 ,
0.0880000 ,-0.1100000 ,
0.0640000 ,-0.1000000 ,
0.0720000 ,-0.1000000 ,
0.0800000 ,-0.1000000 ,
0.0880000 ,-0.1000000 ,
0.0960000 ,-0.1000000 ,
0.0640000 ,-0.0910000 ,
0.0720000 ,-0.0910000 ,
0.0800000 ,-0.0910000 ,
0.0880000 ,-0.0910000 ,
0.0960000 ,-0.0910000 ,
0.0960000 ,-0.0820000 ,
-0.0720000 ,-0.1100000 ,
-0.0800000 ,-0.1100000 ,
-0.0880000 ,-0.1100000 ,
-0.0640000 ,-0.1000000 ,
-0.0720000 ,-0.1000000 ,
-0.0800000 ,-0.1000000 ,
-0.0880000 ,-0.1000000 ,
-0.0960000 ,-0.1000000 ,
-0.0640000 ,-0.0910000 ,
-0.0720000 ,-0.0910000 ,
-0.0800000 ,-0.0910000 ,
-0.0880000 ,-0.0910000 ,
-0.0960000 ,-0.0910000 ,
-0.0960000 ,-0.0820000 ,
1,40,iron1
