6513	1
6514	2
6515	3
6516	4
6517	5
6518	6
6519	7
6520	8
6521	9
6522	10
6523	11
6524	12
6525	13
6526	14
6527	15
6528	16
6529	17
6530	18
6531	19
6532	20
6533	21
6534	22
6535	23
6536	24
6537	25
6538	26
6539	27
6540	28
6541	29
6550	30
6551	31
6552	32
6553	33
6554	34
6555	35
6556	36
6557	37
6558	38
6559	39
6560	40
6561	41
6562	42
6563	43
6564	44
6565	45
6566	46
6567	47
6568	48
6569	49
6570	50
6571	51
6572	52
6573	53
6574	54
6575	55
6576	56
6577	57
6578	58
6587	59
6588	60
6589	61
6590	62
6591	63
6592	64
6593	65
6594	66
6595	67
6596	68
6597	69
6598	70
6599	71
6600	72
6601	73
6602	74
6603	75
6604	76
6605	77
6606	78
6607	79
6608	80
6609	81
6610	82
6611	83
6612	84
6613	85
6614	86
6615	87
6624	88
6625	89
6626	90
6627	91
6628	92
6629	93
6630	94
6631	95
6632	96
6633	97
6634	98
6635	99
6636	100
6637	101
6638	102
6639	103
6640	104
6641	105
6642	106
6643	107
6644	108
6645	109
6646	110
6647	111
6648	112
6649	113
6650	114
6651	115
6652	116
6661	117
6662	118
6663	119
6664	120
6665	121
6666	122
6667	123
6668	124
6669	125
6670	126
6671	127
6672	128
6673	129
6674	130
6675	131
6676	132
6677	133
6678	134
6679	135
6680	136
6681	137
6682	138
6683	139
6684	140
6685	141
6686	142
6687	143
6688	144
6689	145
6698	146
6699	147
6700	148
6701	149
6702	150
6703	151
6704	152
6705	153
6706	154
6707	155
6708	156
6709	157
6710	158
6711	159
6712	160
6713	161
6714	162
6715	163
6716	164
6717	165
6718	166
6719	167
6720	168
6721	169
6722	170
6723	171
6724	172
6725	173
6726	174
6735	175
6736	176
6737	177
6738	178
6739	179
6740	180
6741	181
6742	182
6743	183
6744	184
6745	185
6746	186
6747	187
6748	188
6749	189
6750	190
6751	191
6752	192
6753	193
6754	194
6755	195
6756	196
6757	197
6758	198
6759	199
6760	200
6761	201
6762	202
6763	203
6772	204
6773	205
6774	206
6775	207
6776	208
6777	209
6778	210
6779	211
6780	212
6781	213
6782	214
6783	215
6784	216
6785	217
6786	218
6787	219
6788	220
6789	221
6790	222
6791	223
6792	224
6793	225
6794	226
6795	227
6796	228
6797	229
6798	230
6799	231
6800	232
6809	233
6810	234
6811	235
6812	236
6813	237
6814	238
6815	239
6816	240
6817	241
6818	242
6819	243
6820	244
6821	245
6822	246
6823	247
6824	248
6825	249
6826	250
6827	251
6828	252
6829	253
6830	254
6831	255
6832	256
6833	257
6834	258
6835	259
6836	260
6837	261
6846	262
6847	263
6848	264
6849	265
6850	266
6851	267
6852	268
6853	269
6854	270
6855	271
6856	272
6857	273
6858	274
6859	275
6860	276
6861	277
6862	278
6863	279
6864	280
6865	281
6866	282
6867	283
6868	284
6869	285
6870	286
6871	287
6872	288
6873	289
6874	290
6883	291
6884	292
6885	293
6886	294
6887	295
6888	296
6889	297
6890	298
6891	299
6892	300
6893	301
6894	302
6895	303
6896	304
6897	305
6898	306
6899	307
6900	308
6901	309
6902	310
6903	311
6904	312
6905	313
6906	314
6907	315
6908	316
6909	317
6910	318
6911	319
6920	320
6921	321
6922	322
6923	323
6924	324
6925	325
6926	326
6927	327
6928	328
6929	329
6930	330
6931	331
6932	332
6933	333
6934	334
6935	335
6936	336
6937	337
6938	338
6939	339
6940	340
6941	341
6942	342
6943	343
6944	344
6945	345
6946	346
6947	347
6948	348
7327	349
7328	350
7329	351
7330	352
7331	353
7332	354
7333	355
7334	356
7335	357
7336	358
7337	359
7338	360
7339	361
7340	362
7341	363
7342	364
7343	365
7344	366
7345	367
7346	368
7347	369
7348	370
7349	371
7350	372
7351	373
7352	374
7353	375
7354	376
7355	377
7364	378
7365	379
7366	380
7367	381
7368	382
7369	383
7370	384
7371	385
7372	386
7373	387
7374	388
7375	389
7376	390
7377	391
7378	392
7379	393
7380	394
7381	395
7382	396
7383	397
7384	398
7385	399
7386	400
7387	401
7388	402
7389	403
7390	404
7391	405
7392	406
7401	407
7402	408
7403	409
7404	410
7405	411
7406	412
7407	413
7408	414
7409	415
7410	416
7411	417
7412	418
7413	419
7414	420
7415	421
7416	422
7417	423
7418	424
7419	425
7420	426
7421	427
7422	428
7423	429
7424	430
7425	431
7426	432
7427	433
7428	434
7429	435
7438	436
7439	437
7440	438
7441	439
7442	440
7443	441
7444	442
7445	443
7446	444
7447	445
7448	446
7449	447
7450	448
7451	449
7452	450
7453	451
7454	452
7455	453
7456	454
7457	455
7458	456
7459	457
7460	458
7461	459
7462	460
7463	461
7464	462
7465	463
7466	464
7475	465
7476	466
7477	467
7478	468
7479	469
7480	470
7481	471
7482	472
7483	473
7484	474
7485	475
7486	476
7487	477
7488	478
7489	479
7490	480
7491	481
7492	482
7493	483
7494	484
7495	485
7496	486
7497	487
7498	488
7499	489
7500	490
7501	491
7502	492
7503	493
7512	494
7513	495
7514	496
7515	497
7516	498
7517	499
7518	500
7519	501
7520	502
7521	503
7522	504
7523	505
7524	506
7525	507
7526	508
7527	509
7528	510
7529	511
7530	512
7531	513
7532	514
7533	515
7534	516
7535	517
7536	518
7537	519
7538	520
7539	521
7540	522
7549	523
7550	524
7551	525
7552	526
7553	527
7554	528
7555	529
7556	530
7557	531
7558	532
7559	533
7560	534
7561	535
7562	536
7563	537
7564	538
7565	539
7566	540
7567	541
7568	542
7569	543
7570	544
7571	545
7572	546
7573	547
7574	548
7575	549
7576	550
7577	551
7586	552
7587	553
7588	554
7589	555
7590	556
7591	557
7592	558
7593	559
7594	560
7595	561
7596	562
7597	563
7598	564
7599	565
7600	566
7601	567
7602	568
7603	569
7604	570
7605	571
7606	572
7607	573
7608	574
7609	575
7610	576
7611	577
7612	578
7613	579
7614	580
7623	581
7624	582
7625	583
7626	584
7627	585
7628	586
7629	587
7630	588
7631	589
7632	590
7633	591
7634	592
7635	593
7636	594
7637	595
7638	596
7639	597
7640	598
7641	599
7642	600
7643	601
7644	602
7645	603
7646	604
7647	605
7648	606
7649	607
7650	608
7651	609
7660	610
7661	611
7662	612
7663	613
7664	614
7665	615
7666	616
7667	617
7668	618
7669	619
7670	620
7671	621
7672	622
7673	623
7674	624
7675	625
7676	626
7677	627
7678	628
7679	629
7680	630
7681	631
7682	632
7683	633
7684	634
7685	635
7686	636
7687	637
7688	638
7697	639
7698	640
7699	641
7700	642
7701	643
7702	644
7703	645
7704	646
7705	647
7706	648
7707	649
7708	650
7709	651
7710	652
7711	653
7712	654
7713	655
7714	656
7715	657
7716	658
7717	659
7718	660
7719	661
7720	662
7721	663
7722	664
7723	665
7724	666
7725	667
7734	668
7735	669
7736	670
7737	671
7738	672
7739	673
7740	674
7741	675
7742	676
7743	677
7744	678
7745	679
7746	680
7747	681
7748	682
7749	683
7750	684
7751	685
7752	686
7753	687
7754	688
7755	689
7756	690
7757	691
7758	692
7759	693
7760	694
7761	695
7762	696
8141	697
8142	698
8143	699
8144	700
8145	701
8146	702
8147	703
8148	704
8149	705
8150	706
8151	707
8152	708
8153	709
8154	710
8155	711
8156	712
8157	713
8158	714
8159	715
8160	716
8161	717
8162	718
8163	719
8164	720
8165	721
8166	722
8167	723
8168	724
8169	725
8178	726
8179	727
8180	728
8181	729
8182	730
8183	731
8184	732
8185	733
8186	734
8187	735
8188	736
8189	737
8190	738
8191	739
8192	740
8193	741
8194	742
8195	743
8196	744
8197	745
8198	746
8199	747
8200	748
8201	749
8202	750
8203	751
8204	752
8205	753
8206	754
8215	755
8216	756
8217	757
8218	758
8219	759
8220	760
8221	761
8222	762
8223	763
8224	764
8225	765
8226	766
8227	767
8228	768
8229	769
8230	770
8231	771
8232	772
8233	773
8234	774
8235	775
8236	776
8237	777
8238	778
8239	779
8240	780
8241	781
8242	782
8243	783
8252	784
8253	785
8254	786
8255	787
8256	788
8257	789
8258	790
8259	791
8260	792
8261	793
8262	794
8263	795
8264	796
8265	797
8266	798
8267	799
8268	800
8269	801
8270	802
8271	803
8272	804
8273	805
8274	806
8275	807
8276	808
8277	809
8278	810
8279	811
8280	812
8289	813
8290	814
8291	815
8292	816
8293	817
8294	818
8295	819
8296	820
8297	821
8298	822
8299	823
8300	824
8301	825
8302	826
8303	827
8304	828
8305	829
8306	830
8307	831
8308	832
8309	833
8310	834
8311	835
8312	836
8313	837
8314	838
8315	839
8316	840
8317	841
8326	842
8327	843
8328	844
8329	845
8330	846
8331	847
8332	848
8333	849
8334	850
8335	851
8336	852
8337	853
8338	854
8339	855
8340	856
8341	857
8342	858
8343	859
8344	860
8345	861
8346	862
8347	863
8348	864
8349	865
8350	866
8351	867
8352	868
8353	869
8354	870
8363	871
8364	872
8365	873
8366	874
8367	875
8368	876
8369	877
8370	878
8371	879
8372	880
8373	881
8374	882
8375	883
8376	884
8377	885
8378	886
8379	887
8380	888
8381	889
8382	890
8383	891
8384	892
8385	893
8386	894
8387	895
8388	896
8389	897
8390	898
8391	899
8400	900
8401	901
8402	902
8403	903
8404	904
8405	905
8406	906
8407	907
8408	908
8409	909
8410	910
8411	911
8412	912
8413	913
8414	914
8415	915
8416	916
8417	917
8418	918
8419	919
8420	920
8421	921
8422	922
8423	923
8424	924
8425	925
8426	926
8427	927
8428	928
8437	929
8438	930
8439	931
8440	932
8441	933
8442	934
8443	935
8444	936
8445	937
8446	938
8447	939
8448	940
8449	941
8450	942
8451	943
8452	944
8453	945
8454	946
8455	947
8456	948
8457	949
8458	950
8459	951
8460	952
8461	953
8462	954
8463	955
8464	956
8465	957
8474	958
8475	959
8476	960
8477	961
8478	962
8479	963
8480	964
8481	965
8482	966
8483	967
8484	968
8485	969
8486	970
8487	971
8488	972
8489	973
8490	974
8491	975
8492	976
8493	977
8494	978
8495	979
8496	980
8497	981
8498	982
8499	983
8500	984
8501	985
8502	986
8511	987
8512	988
8513	989
8514	990
8515	991
8516	992
8517	993
8518	994
8519	995
8520	996
8521	997
8522	998
8523	999
8524	1000
8525	1001
8526	1002
8527	1003
8528	1004
8529	1005
8530	1006
8531	1007
8532	1008
8533	1009
8534	1010
8535	1011
8536	1012
8537	1013
8538	1014
8539	1015
8548	1016
8549	1017
8550	1018
8551	1019
8552	1020
8553	1021
8554	1022
8555	1023
8556	1024
8557	1025
8558	1026
8559	1027
8560	1028
8561	1029
8562	1030
8563	1031
8564	1032
8565	1033
8566	1034
8567	1035
8568	1036
8569	1037
8570	1038
8571	1039
8572	1040
8573	1041
8574	1042
8575	1043
8576	1044
8955	1045
8956	1046
8957	1047
8958	1048
8959	1049
8960	1050
8961	1051
8962	1052
8963	1053
8964	1054
8965	1055
8966	1056
8967	1057
8968	1058
8969	1059
8970	1060
8971	1061
8972	1062
8973	1063
8974	1064
8975	1065
8976	1066
8977	1067
8978	1068
8979	1069
8980	1070
8981	1071
8982	1072
8983	1073
8992	1074
8993	1075
8994	1076
8995	1077
8996	1078
8997	1079
8998	1080
8999	1081
9000	1082
9001	1083
9002	1084
9003	1085
9004	1086
9005	1087
9006	1088
9007	1089
9008	1090
9009	1091
9010	1092
9011	1093
9012	1094
9013	1095
9014	1096
9015	1097
9016	1098
9017	1099
9018	1100
9019	1101
9020	1102
9029	1103
9030	1104
9031	1105
9032	1106
9033	1107
9034	1108
9035	1109
9036	1110
9037	1111
9038	1112
9039	1113
9040	1114
9041	1115
9042	1116
9043	1117
9044	1118
9045	1119
9046	1120
9047	1121
9048	1122
9049	1123
9050	1124
9051	1125
9052	1126
9053	1127
9054	1128
9055	1129
9056	1130
9057	1131
9066	1132
9067	1133
9068	1134
9069	1135
9070	1136
9071	1137
9072	1138
9073	1139
9074	1140
9075	1141
9076	1142
9077	1143
9078	1144
9079	1145
9080	1146
9081	1147
9082	1148
9083	1149
9084	1150
9085	1151
9086	1152
9087	1153
9088	1154
9089	1155
9090	1156
9091	1157
9092	1158
9093	1159
9094	1160
9103	1161
9104	1162
9105	1163
9106	1164
9107	1165
9108	1166
9109	1167
9110	1168
9111	1169
9112	1170
9113	1171
9114	1172
9115	1173
9116	1174
9117	1175
9118	1176
9119	1177
9120	1178
9121	1179
9122	1180
9123	1181
9124	1182
9125	1183
9126	1184
9127	1185
9128	1186
9129	1187
9130	1188
9131	1189
9140	1190
9141	1191
9142	1192
9143	1193
9144	1194
9145	1195
9146	1196
9147	1197
9148	1198
9149	1199
9150	1200
9151	1201
9152	1202
9153	1203
9154	1204
9155	1205
9156	1206
9157	1207
9158	1208
9159	1209
9160	1210
9161	1211
9162	1212
9163	1213
9164	1214
9165	1215
9166	1216
9167	1217
9168	1218
9177	1219
9178	1220
9179	1221
9180	1222
9181	1223
9182	1224
9183	1225
9184	1226
9185	1227
9186	1228
9187	1229
9188	1230
9189	1231
9190	1232
9191	1233
9192	1234
9193	1235
9194	1236
9195	1237
9196	1238
9197	1239
9198	1240
9199	1241
9200	1242
9201	1243
9202	1244
9203	1245
9204	1246
9205	1247
9214	1248
9215	1249
9216	1250
9217	1251
9218	1252
9219	1253
9220	1254
9221	1255
9222	1256
9223	1257
9224	1258
9225	1259
9226	1260
9227	1261
9228	1262
9229	1263
9230	1264
9231	1265
9232	1266
9233	1267
9234	1268
9235	1269
9236	1270
9237	1271
9238	1272
9239	1273
9240	1274
9241	1275
9242	1276
9251	1277
9252	1278
9253	1279
9254	1280
9255	1281
9256	1282
9257	1283
9258	1284
9259	1285
9260	1286
9261	1287
9262	1288
9263	1289
9264	1290
9265	1291
9266	1292
9267	1293
9268	1294
9269	1295
9270	1296
9271	1297
9272	1298
9273	1299
9274	1300
9275	1301
9276	1302
9277	1303
9278	1304
9279	1305
9288	1306
9289	1307
9290	1308
9291	1309
9292	1310
9293	1311
9294	1312
9295	1313
9296	1314
9297	1315
9298	1316
9299	1317
9300	1318
9301	1319
9302	1320
9303	1321
9304	1322
9305	1323
9306	1324
9307	1325
9308	1326
9309	1327
9310	1328
9311	1329
9312	1330
9313	1331
9314	1332
9315	1333
9316	1334
9325	1335
9326	1336
9327	1337
9328	1338
9329	1339
9330	1340
9331	1341
9332	1342
9333	1343
9334	1344
9335	1345
9336	1346
9337	1347
9338	1348
9339	1349
9340	1350
9341	1351
9342	1352
9343	1353
9344	1354
9345	1355
9346	1356
9347	1357
9348	1358
9349	1359
9350	1360
9351	1361
9352	1362
9353	1363
9362	1364
9363	1365
9364	1366
9365	1367
9366	1368
9367	1369
9368	1370
9369	1371
9370	1372
9371	1373
9372	1374
9373	1375
9374	1376
9375	1377
9376	1378
9377	1379
9378	1380
9379	1381
9380	1382
9381	1383
9382	1384
9383	1385
9384	1386
9385	1387
9386	1388
9387	1389
9388	1390
9389	1391
9390	1392
9769	1393
9770	1394
9771	1395
9772	1396
9773	1397
9774	1398
9775	1399
9776	1400
9777	1401
9778	1402
9779	1403
9780	1404
9781	1405
9782	1406
9783	1407
9784	1408
9785	1409
9786	1410
9787	1411
9788	1412
9789	1413
9790	1414
9791	1415
9792	1416
9793	1417
9794	1418
9795	1419
9796	1420
9797	1421
9806	1422
9807	1423
9808	1424
9809	1425
9810	1426
9811	1427
9812	1428
9813	1429
9814	1430
9815	1431
9816	1432
9817	1433
9818	1434
9819	1435
9820	1436
9821	1437
9822	1438
9823	1439
9824	1440
9825	1441
9826	1442
9827	1443
9828	1444
9829	1445
9830	1446
9831	1447
9832	1448
9833	1449
9834	1450
9843	1451
9844	1452
9845	1453
9846	1454
9847	1455
9848	1456
9849	1457
9850	1458
9851	1459
9852	1460
9853	1461
9854	1462
9855	1463
9856	1464
9857	1465
9858	1466
9859	1467
9860	1468
9861	1469
9862	1470
9863	1471
9864	1472
9865	1473
9866	1474
9867	1475
9868	1476
9869	1477
9870	1478
9871	1479
9880	1480
9881	1481
9882	1482
9883	1483
9884	1484
9885	1485
9886	1486
9887	1487
9888	1488
9889	1489
9890	1490
9891	1491
9892	1492
9893	1493
9894	1494
9895	1495
9896	1496
9897	1497
9898	1498
9899	1499
9900	1500
9901	1501
9902	1502
9903	1503
9904	1504
9905	1505
9906	1506
9907	1507
9908	1508
9917	1509
9918	1510
9919	1511
9920	1512
9921	1513
9922	1514
9923	1515
9924	1516
9925	1517
9926	1518
9927	1519
9928	1520
9929	1521
9930	1522
9931	1523
9932	1524
9933	1525
9934	1526
9935	1527
9936	1528
9937	1529
9938	1530
9939	1531
9940	1532
9941	1533
9942	1534
9943	1535
9944	1536
9945	1537
9954	1538
9955	1539
9956	1540
9957	1541
9958	1542
9959	1543
9960	1544
9961	1545
9962	1546
9963	1547
9964	1548
9965	1549
9966	1550
9967	1551
9968	1552
9969	1553
9970	1554
9971	1555
9972	1556
9973	1557
9974	1558
9975	1559
9976	1560
9977	1561
9978	1562
9979	1563
9980	1564
9981	1565
9982	1566
9991	1567
9992	1568
9993	1569
9994	1570
9995	1571
9996	1572
9997	1573
9998	1574
9999	1575
10000	1576
10001	1577
10002	1578
10003	1579
10004	1580
10005	1581
10006	1582
10007	1583
10008	1584
10009	1585
10010	1586
10011	1587
10012	1588
10013	1589
10014	1590
10015	1591
10016	1592
10017	1593
10018	1594
10019	1595
10028	1596
10029	1597
10030	1598
10031	1599
10032	1600
10033	1601
10034	1602
10035	1603
10036	1604
10037	1605
10038	1606
10039	1607
10040	1608
10041	1609
10042	1610
10043	1611
10044	1612
10045	1613
10046	1614
10047	1615
10048	1616
10049	1617
10050	1618
10051	1619
10052	1620
10053	1621
10054	1622
10055	1623
10056	1624
10065	1625
10066	1626
10067	1627
10068	1628
10069	1629
10070	1630
10071	1631
10072	1632
10073	1633
10074	1634
10075	1635
10076	1636
10077	1637
10078	1638
10079	1639
10080	1640
10081	1641
10082	1642
10083	1643
10084	1644
10085	1645
10086	1646
10087	1647
10088	1648
10089	1649
10090	1650
10091	1651
10092	1652
10093	1653
10102	1654
10103	1655
10104	1656
10105	1657
10106	1658
10107	1659
10108	1660
10109	1661
10110	1662
10111	1663
10112	1664
10113	1665
10114	1666
10115	1667
10116	1668
10117	1669
10118	1670
10119	1671
10120	1672
10121	1673
10122	1674
10123	1675
10124	1676
10125	1677
10126	1678
10127	1679
10128	1680
10129	1681
10130	1682
10139	1683
10140	1684
10141	1685
10142	1686
10143	1687
10144	1688
10145	1689
10146	1690
10147	1691
10148	1692
10149	1693
10150	1694
10151	1695
10152	1696
10153	1697
10154	1698
10155	1699
10156	1700
10157	1701
10158	1702
10159	1703
10160	1704
10161	1705
10162	1706
10163	1707
10164	1708
10165	1709
10166	1710
10167	1711
10176	1712
10177	1713
10178	1714
10179	1715
10180	1716
10181	1717
10182	1718
10183	1719
10184	1720
10185	1721
10186	1722
10187	1723
10188	1724
10189	1725
10190	1726
10191	1727
10192	1728
10193	1729
10194	1730
10195	1731
10196	1732
10197	1733
10198	1734
10199	1735
10200	1736
10201	1737
10202	1738
10203	1739
10204	1740
10583	1741
10584	1742
10585	1743
10586	1744
10587	1745
10588	1746
10589	1747
10590	1748
10591	1749
10592	1750
10593	1751
10594	1752
10595	1753
10596	1754
10597	1755
10598	1756
10599	1757
10600	1758
10601	1759
10602	1760
10603	1761
10604	1762
10605	1763
10606	1764
10607	1765
10608	1766
10609	1767
10610	1768
10611	1769
10620	1770
10621	1771
10622	1772
10623	1773
10624	1774
10625	1775
10626	1776
10627	1777
10628	1778
10629	1779
10630	1780
10631	1781
10632	1782
10633	1783
10634	1784
10635	1785
10636	1786
10637	1787
10638	1788
10639	1789
10640	1790
10641	1791
10642	1792
10643	1793
10644	1794
10645	1795
10646	1796
10647	1797
10648	1798
10657	1799
10658	1800
10659	1801
10660	1802
10661	1803
10662	1804
10663	1805
10664	1806
10665	1807
10666	1808
10667	1809
10668	1810
10669	1811
10670	1812
10671	1813
10672	1814
10673	1815
10674	1816
10675	1817
10676	1818
10677	1819
10678	1820
10679	1821
10680	1822
10681	1823
10682	1824
10683	1825
10684	1826
10685	1827
10694	1828
10695	1829
10696	1830
10697	1831
10698	1832
10699	1833
10700	1834
10701	1835
10702	1836
10703	1837
10704	1838
10705	1839
10706	1840
10707	1841
10708	1842
10709	1843
10710	1844
10711	1845
10712	1846
10713	1847
10714	1848
10715	1849
10716	1850
10717	1851
10718	1852
10719	1853
10720	1854
10721	1855
10722	1856
10731	1857
10732	1858
10733	1859
10734	1860
10735	1861
10736	1862
10737	1863
10738	1864
10739	1865
10740	1866
10741	1867
10742	1868
10743	1869
10744	1870
10745	1871
10746	1872
10747	1873
10748	1874
10749	1875
10750	1876
10751	1877
10752	1878
10753	1879
10754	1880
10755	1881
10756	1882
10757	1883
10758	1884
10759	1885
10768	1886
10769	1887
10770	1888
10771	1889
10772	1890
10773	1891
10774	1892
10775	1893
10776	1894
10777	1895
10778	1896
10779	1897
10780	1898
10781	1899
10782	1900
10783	1901
10784	1902
10785	1903
10786	1904
10787	1905
10788	1906
10789	1907
10790	1908
10791	1909
10792	1910
10793	1911
10794	1912
10795	1913
10796	1914
10805	1915
10806	1916
10807	1917
10808	1918
10809	1919
10810	1920
10811	1921
10812	1922
10813	1923
10814	1924
10815	1925
10816	1926
10817	1927
10818	1928
10819	1929
10820	1930
10821	1931
10822	1932
10823	1933
10824	1934
10825	1935
10826	1936
10827	1937
10828	1938
10829	1939
10830	1940
10831	1941
10832	1942
10833	1943
10842	1944
10843	1945
10844	1946
10845	1947
10846	1948
10847	1949
10848	1950
10849	1951
10850	1952
10851	1953
10852	1954
10853	1955
10854	1956
10855	1957
10856	1958
10857	1959
10858	1960
10859	1961
10860	1962
10861	1963
10862	1964
10863	1965
10864	1966
10865	1967
10866	1968
10867	1969
10868	1970
10869	1971
10870	1972
10879	1973
10880	1974
10881	1975
10882	1976
10883	1977
10884	1978
10885	1979
10886	1980
10887	1981
10888	1982
10889	1983
10890	1984
10891	1985
10892	1986
10893	1987
10894	1988
10895	1989
10896	1990
10897	1991
10898	1992
10899	1993
10900	1994
10901	1995
10902	1996
10903	1997
10904	1998
10905	1999
10906	2000
10907	2001
10916	2002
10917	2003
10918	2004
10919	2005
10920	2006
10921	2007
10922	2008
10923	2009
10924	2010
10925	2011
10926	2012
10927	2013
10928	2014
10929	2015
10930	2016
10931	2017
10932	2018
10933	2019
10934	2020
10935	2021
10936	2022
10937	2023
10938	2024
10939	2025
10940	2026
10941	2027
10942	2028
10943	2029
10944	2030
10953	2031
10954	2032
10955	2033
10956	2034
10957	2035
10958	2036
10959	2037
10960	2038
10961	2039
10962	2040
10963	2041
10964	2042
10965	2043
10966	2044
10967	2045
10968	2046
10969	2047
10970	2048
10971	2049
10972	2050
10973	2051
10974	2052
10975	2053
10976	2054
10977	2055
10978	2056
10979	2057
10980	2058
10981	2059
10990	2060
10991	2061
10992	2062
10993	2063
10994	2064
10995	2065
10996	2066
10997	2067
10998	2068
10999	2069
11000	2070
11001	2071
11002	2072
11003	2073
11004	2074
11005	2075
11006	2076
11007	2077
11008	2078
11009	2079
11010	2080
11011	2081
11012	2082
11013	2083
11014	2084
11015	2085
11016	2086
11017	2087
11018	2088
11397	2089
11398	2090
11399	2091
11400	2092
11401	2093
11402	2094
11403	2095
11404	2096
11405	2097
11406	2098
11407	2099
11408	2100
11409	2101
11410	2102
11411	2103
11412	2104
11413	2105
11414	2106
11415	2107
11416	2108
11417	2109
11418	2110
11419	2111
11420	2112
11421	2113
11422	2114
11423	2115
11424	2116
11425	2117
11434	2118
11435	2119
11436	2120
11437	2121
11438	2122
11439	2123
11440	2124
11441	2125
11442	2126
11443	2127
11444	2128
11445	2129
11446	2130
11447	2131
11448	2132
11449	2133
11450	2134
11451	2135
11452	2136
11453	2137
11454	2138
11455	2139
11456	2140
11457	2141
11458	2142
11459	2143
11460	2144
11461	2145
11462	2146
11471	2147
11472	2148
11473	2149
11474	2150
11475	2151
11476	2152
11477	2153
11478	2154
11479	2155
11480	2156
11481	2157
11482	2158
11483	2159
11484	2160
11485	2161
11486	2162
11487	2163
11488	2164
11489	2165
11490	2166
11491	2167
11492	2168
11493	2169
11494	2170
11495	2171
11496	2172
11497	2173
11498	2174
11499	2175
11508	2176
11509	2177
11510	2178
11511	2179
11512	2180
11513	2181
11514	2182
11515	2183
11516	2184
11517	2185
11518	2186
11519	2187
11520	2188
11521	2189
11522	2190
11523	2191
11524	2192
11525	2193
11526	2194
11527	2195
11528	2196
11529	2197
11530	2198
11531	2199
11532	2200
11533	2201
11534	2202
11535	2203
11536	2204
11545	2205
11546	2206
11547	2207
11548	2208
11549	2209
11550	2210
11551	2211
11552	2212
11553	2213
11554	2214
11555	2215
11556	2216
11557	2217
11558	2218
11559	2219
11560	2220
11561	2221
11562	2222
11563	2223
11564	2224
11565	2225
11566	2226
11567	2227
11568	2228
11569	2229
11570	2230
11571	2231
11572	2232
11573	2233
11582	2234
11583	2235
11584	2236
11585	2237
11586	2238
11587	2239
11588	2240
11589	2241
11590	2242
11591	2243
11592	2244
11593	2245
11594	2246
11595	2247
11596	2248
11597	2249
11598	2250
11599	2251
11600	2252
11601	2253
11602	2254
11603	2255
11604	2256
11605	2257
11606	2258
11607	2259
11608	2260
11609	2261
11610	2262
11619	2263
11620	2264
11621	2265
11622	2266
11623	2267
11624	2268
11625	2269
11626	2270
11627	2271
11628	2272
11629	2273
11630	2274
11631	2275
11632	2276
11633	2277
11634	2278
11635	2279
11636	2280
11637	2281
11638	2282
11639	2283
11640	2284
11641	2285
11642	2286
11643	2287
11644	2288
11645	2289
11646	2290
11647	2291
11656	2292
11657	2293
11658	2294
11659	2295
11660	2296
11661	2297
11662	2298
11663	2299
11664	2300
11665	2301
11666	2302
11667	2303
11668	2304
11669	2305
11670	2306
11671	2307
11672	2308
11673	2309
11674	2310
11675	2311
11676	2312
11677	2313
11678	2314
11679	2315
11680	2316
11681	2317
11682	2318
11683	2319
11684	2320
11693	2321
11694	2322
11695	2323
11696	2324
11697	2325
11698	2326
11699	2327
11700	2328
11701	2329
11702	2330
11703	2331
11704	2332
11705	2333
11706	2334
11707	2335
11708	2336
11709	2337
11710	2338
11711	2339
11712	2340
11713	2341
11714	2342
11715	2343
11716	2344
11717	2345
11718	2346
11719	2347
11720	2348
11721	2349
11730	2350
11731	2351
11732	2352
11733	2353
11734	2354
11735	2355
11736	2356
11737	2357
11738	2358
11739	2359
11740	2360
11741	2361
11742	2362
11743	2363
11744	2364
11745	2365
11746	2366
11747	2367
11748	2368
11749	2369
11750	2370
11751	2371
11752	2372
11753	2373
11754	2374
11755	2375
11756	2376
11757	2377
11758	2378
11767	2379
11768	2380
11769	2381
11770	2382
11771	2383
11772	2384
11773	2385
11774	2386
11775	2387
11776	2388
11777	2389
11778	2390
11779	2391
11780	2392
11781	2393
11782	2394
11783	2395
11784	2396
11785	2397
11786	2398
11787	2399
11788	2400
11789	2401
11790	2402
11791	2403
11792	2404
11793	2405
11794	2406
11795	2407
11804	2408
11805	2409
11806	2410
11807	2411
11808	2412
11809	2413
11810	2414
11811	2415
11812	2416
11813	2417
11814	2418
11815	2419
11816	2420
11817	2421
11818	2422
11819	2423
11820	2424
11821	2425
11822	2426
11823	2427
11824	2428
11825	2429
11826	2430
11827	2431
11828	2432
11829	2433
11830	2434
11831	2435
11832	2436
12211	2437
12212	2438
12213	2439
12214	2440
12215	2441
12216	2442
12217	2443
12218	2444
12219	2445
12220	2446
12221	2447
12222	2448
12223	2449
12224	2450
12225	2451
12226	2452
12227	2453
12228	2454
12229	2455
12230	2456
12231	2457
12232	2458
12233	2459
12234	2460
12235	2461
12236	2462
12237	2463
12238	2464
12239	2465
12248	2466
12249	2467
12250	2468
12251	2469
12252	2470
12253	2471
12254	2472
12255	2473
12256	2474
12257	2475
12258	2476
12259	2477
12260	2478
12261	2479
12262	2480
12263	2481
12264	2482
12265	2483
12266	2484
12267	2485
12268	2486
12269	2487
12270	2488
12271	2489
12272	2490
12273	2491
12274	2492
12275	2493
12276	2494
12285	2495
12286	2496
12287	2497
12288	2498
12289	2499
12290	2500
12291	2501
12292	2502
12293	2503
12294	2504
12295	2505
12296	2506
12297	2507
12298	2508
12299	2509
12300	2510
12301	2511
12302	2512
12303	2513
12304	2514
12305	2515
12306	2516
12307	2517
12308	2518
12309	2519
12310	2520
12311	2521
12312	2522
12313	2523
12322	2524
12323	2525
12324	2526
12325	2527
12326	2528
12327	2529
12328	2530
12329	2531
12330	2532
12331	2533
12332	2534
12333	2535
12334	2536
12335	2537
12336	2538
12337	2539
12338	2540
12339	2541
12340	2542
12341	2543
12342	2544
12343	2545
12344	2546
12345	2547
12346	2548
12347	2549
12348	2550
12349	2551
12350	2552
12359	2553
12360	2554
12361	2555
12362	2556
12363	2557
12364	2558
12365	2559
12366	2560
12367	2561
12368	2562
12369	2563
12370	2564
12371	2565
12372	2566
12373	2567
12374	2568
12375	2569
12376	2570
12377	2571
12378	2572
12379	2573
12380	2574
12381	2575
12382	2576
12383	2577
12384	2578
12385	2579
12386	2580
12387	2581
12396	2582
12397	2583
12398	2584
12399	2585
12400	2586
12401	2587
12402	2588
12403	2589
12404	2590
12405	2591
12406	2592
12407	2593
12408	2594
12409	2595
12410	2596
12411	2597
12412	2598
12413	2599
12414	2600
12415	2601
12416	2602
12417	2603
12418	2604
12419	2605
12420	2606
12421	2607
12422	2608
12423	2609
12424	2610
12433	2611
12434	2612
12435	2613
12436	2614
12437	2615
12438	2616
12439	2617
12440	2618
12441	2619
12442	2620
12443	2621
12444	2622
12445	2623
12446	2624
12447	2625
12448	2626
12449	2627
12450	2628
12451	2629
12452	2630
12453	2631
12454	2632
12455	2633
12456	2634
12457	2635
12458	2636
12459	2637
12460	2638
12461	2639
12470	2640
12471	2641
12472	2642
12473	2643
12474	2644
12475	2645
12476	2646
12477	2647
12478	2648
12479	2649
12480	2650
12481	2651
12482	2652
12483	2653
12484	2654
12485	2655
12486	2656
12487	2657
12488	2658
12489	2659
12490	2660
12491	2661
12492	2662
12493	2663
12494	2664
12495	2665
12496	2666
12497	2667
12498	2668
12507	2669
12508	2670
12509	2671
12510	2672
12511	2673
12512	2674
12513	2675
12514	2676
12515	2677
12516	2678
12517	2679
12518	2680
12519	2681
12520	2682
12521	2683
12522	2684
12523	2685
12524	2686
12525	2687
12526	2688
12527	2689
12528	2690
12529	2691
12530	2692
12531	2693
12532	2694
12533	2695
12534	2696
12535	2697
12544	2698
12545	2699
12546	2700
12547	2701
12548	2702
12549	2703
12550	2704
12551	2705
12552	2706
12553	2707
12554	2708
12555	2709
12556	2710
12557	2711
12558	2712
12559	2713
12560	2714
12561	2715
12562	2716
12563	2717
12564	2718
12565	2719
12566	2720
12567	2721
12568	2722
12569	2723
12570	2724
12571	2725
12572	2726
12581	2727
12582	2728
12583	2729
12584	2730
12585	2731
12586	2732
12587	2733
12588	2734
12589	2735
12590	2736
12591	2737
12592	2738
12593	2739
12594	2740
12595	2741
12596	2742
12597	2743
12598	2744
12599	2745
12600	2746
12601	2747
12602	2748
12603	2749
12604	2750
12605	2751
12606	2752
12607	2753
12608	2754
12609	2755
12618	2756
12619	2757
12620	2758
12621	2759
12622	2760
12623	2761
12624	2762
12625	2763
12626	2764
12627	2765
12628	2766
12629	2767
12630	2768
12631	2769
12632	2770
12633	2771
12634	2772
12635	2773
12636	2774
12637	2775
12638	2776
12639	2777
12640	2778
12641	2779
12642	2780
12643	2781
12644	2782
12645	2783
12646	2784
13046	2785
13047	2786
13048	2787
13049	2788
13050	2789
13051	2790
13052	2791
13053	2792
13083	2793
13084	2794
13085	2795
13086	2796
13087	2797
13088	2798
13089	2799
13090	2800
13120	2801
13121	2802
13122	2803
13123	2804
13124	2805
13125	2806
13126	2807
13127	2808
13157	2809
13158	2810
13159	2811
13160	2812
13161	2813
13162	2814
13163	2815
13164	2816
13194	2817
13195	2818
13196	2819
13197	2820
13198	2821
13199	2822
13200	2823
13201	2824
13231	2825
13232	2826
13233	2827
13234	2828
13235	2829
13236	2830
13237	2831
13238	2832
13268	2833
13269	2834
13270	2835
13271	2836
13272	2837
13273	2838
13274	2839
13275	2840
13305	2841
13306	2842
13307	2843
13308	2844
13309	2845
13310	2846
13311	2847
13312	2848
13342	2849
13343	2850
13344	2851
13345	2852
13346	2853
13347	2854
13348	2855
13349	2856
13379	2857
13380	2858
13381	2859
13382	2860
13383	2861
13384	2862
13385	2863
13386	2864
13416	2865
13417	2866
13418	2867
13419	2868
13420	2869
13421	2870
13422	2871
13423	2872
13453	2873
13454	2874
13455	2875
13456	2876
13457	2877
13458	2878
13459	2879
13460	2880
13860	2881
13861	2882
13862	2883
13863	2884
13864	2885
13865	2886
13866	2887
13867	2888
13897	2889
13898	2890
13899	2891
13900	2892
13901	2893
13902	2894
13903	2895
13904	2896
13934	2897
13935	2898
13936	2899
13937	2900
13938	2901
13939	2902
13940	2903
13941	2904
13971	2905
13972	2906
13973	2907
13974	2908
13975	2909
13976	2910
13977	2911
13978	2912
14008	2913
14009	2914
14010	2915
14011	2916
14012	2917
14013	2918
14014	2919
14015	2920
14045	2921
14046	2922
14047	2923
14048	2924
14049	2925
14050	2926
14051	2927
14052	2928
14082	2929
14083	2930
14084	2931
14085	2932
14086	2933
14087	2934
14088	2935
14089	2936
14119	2937
14120	2938
14121	2939
14122	2940
14123	2941
14124	2942
14125	2943
14126	2944
14156	2945
14157	2946
14158	2947
14159	2948
14160	2949
14161	2950
14162	2951
14163	2952
14193	2953
14194	2954
14195	2955
14196	2956
14197	2957
14198	2958
14199	2959
14200	2960
14230	2961
14231	2962
14232	2963
14233	2964
14234	2965
14235	2966
14236	2967
14237	2968
14267	2969
14268	2970
14269	2971
14270	2972
14271	2973
14272	2974
14273	2975
14274	2976
14653	2977
14654	2978
14655	2979
14656	2980
14657	2981
14658	2982
14659	2983
14660	2984
14674	2985
14675	2986
14676	2987
14677	2988
14678	2989
14679	2990
14680	2991
14681	2992
14690	2993
14691	2994
14692	2995
14693	2996
14694	2997
14695	2998
14696	2999
14697	3000
14711	3001
14712	3002
14713	3003
14714	3004
14715	3005
14716	3006
14717	3007
14718	3008
14727	3009
14728	3010
14729	3011
14730	3012
14731	3013
14732	3014
14733	3015
14734	3016
14748	3017
14749	3018
14750	3019
14751	3020
14752	3021
14753	3022
14754	3023
14755	3024
14764	3025
14765	3026
14766	3027
14767	3028
14768	3029
14769	3030
14770	3031
14771	3032
14785	3033
14786	3034
14787	3035
14788	3036
14789	3037
14790	3038
14791	3039
14792	3040
14801	3041
14802	3042
14803	3043
14804	3044
14805	3045
14806	3046
14807	3047
14808	3048
14822	3049
14823	3050
14824	3051
14825	3052
14826	3053
14827	3054
14828	3055
14829	3056
14838	3057
14839	3058
14840	3059
14841	3060
14842	3061
14843	3062
14844	3063
14845	3064
14859	3065
14860	3066
14861	3067
14862	3068
14863	3069
14864	3070
14865	3071
14866	3072
14896	3073
14897	3074
14898	3075
14899	3076
14900	3077
14901	3078
14902	3079
14903	3080
14933	3081
14934	3082
14935	3083
14936	3084
14937	3085
14938	3086
14939	3087
14940	3088
14970	3089
14971	3090
14972	3091
14973	3092
14974	3093
14975	3094
14976	3095
14977	3096
15007	3097
15008	3098
15009	3099
15010	3100
15011	3101
15012	3102
15013	3103
15014	3104
15044	3105
15045	3106
15046	3107
15047	3108
15048	3109
15049	3110
15050	3111
15051	3112
15081	3113
15082	3114
15083	3115
15084	3116
15085	3117
15086	3118
15087	3119
15088	3120
15467	3121
15468	3122
15469	3123
15470	3124
15471	3125
15472	3126
15473	3127
15474	3128
15488	3129
15489	3130
15490	3131
15491	3132
15492	3133
15493	3134
15494	3135
15495	3136
15504	3137
15505	3138
15506	3139
15507	3140
15508	3141
15509	3142
15510	3143
15511	3144
15525	3145
15526	3146
15527	3147
15528	3148
15529	3149
15530	3150
15531	3151
15532	3152
15541	3153
15542	3154
15543	3155
15544	3156
15545	3157
15546	3158
15547	3159
15548	3160
15562	3161
15563	3162
15564	3163
15565	3164
15566	3165
15567	3166
15568	3167
15569	3168
15578	3169
15579	3170
15580	3171
15581	3172
15582	3173
15583	3174
15584	3175
15585	3176
15599	3177
15600	3178
15601	3179
15602	3180
15603	3181
15604	3182
15605	3183
15606	3184
15615	3185
15616	3186
15617	3187
15618	3188
15619	3189
15620	3190
15621	3191
15622	3192
15636	3193
15637	3194
15638	3195
15639	3196
15640	3197
15641	3198
15642	3199
15643	3200
15652	3201
15653	3202
15654	3203
15655	3204
15656	3205
15657	3206
15658	3207
15659	3208
15673	3209
15674	3210
15675	3211
15676	3212
15677	3213
15678	3214
15679	3215
15680	3216
15710	3217
15711	3218
15712	3219
15713	3220
15714	3221
15715	3222
15716	3223
15717	3224
15747	3225
15748	3226
15749	3227
15750	3228
15751	3229
15752	3230
15753	3231
15754	3232
15784	3233
15785	3234
15786	3235
15787	3236
15788	3237
15789	3238
15790	3239
15791	3240
15821	3241
15822	3242
15823	3243
15824	3244
15825	3245
15826	3246
15827	3247
15828	3248
15858	3249
15859	3250
15860	3251
15861	3252
15862	3253
15863	3254
15864	3255
15865	3256
15895	3257
15896	3258
15897	3259
15898	3260
15899	3261
15900	3262
15901	3263
15902	3264
16281	3265
16282	3266
16283	3267
16284	3268
16285	3269
16286	3270
16287	3271
16288	3272
16302	3273
16303	3274
16304	3275
16305	3276
16306	3277
16307	3278
16308	3279
16309	3280
16318	3281
16319	3282
16320	3283
16321	3284
16322	3285
16323	3286
16324	3287
16325	3288
16339	3289
16340	3290
16341	3291
16342	3292
16343	3293
16344	3294
16345	3295
16346	3296
16355	3297
16356	3298
16357	3299
16358	3300
16359	3301
16360	3302
16361	3303
16362	3304
16376	3305
16377	3306
16378	3307
16379	3308
16380	3309
16381	3310
16382	3311
16383	3312
16392	3313
16393	3314
16394	3315
16395	3316
16396	3317
16397	3318
16398	3319
16399	3320
16413	3321
16414	3322
16415	3323
16416	3324
16417	3325
16418	3326
16419	3327
16420	3328
16429	3329
16430	3330
16431	3331
16432	3332
16433	3333
16434	3334
16435	3335
16436	3336
16450	3337
16451	3338
16452	3339
16453	3340
16454	3341
16455	3342
16456	3343
16457	3344
16466	3345
16467	3346
16468	3347
16469	3348
16470	3349
16471	3350
16472	3351
16473	3352
16487	3353
16488	3354
16489	3355
16490	3356
16491	3357
16492	3358
16493	3359
16494	3360
16524	3361
16525	3362
16526	3363
16527	3364
16528	3365
16529	3366
16530	3367
16531	3368
16561	3369
16562	3370
16563	3371
16564	3372
16565	3373
16566	3374
16567	3375
16568	3376
16598	3377
16599	3378
16600	3379
16601	3380
16602	3381
16603	3382
16604	3383
16605	3384
16635	3385
16636	3386
16637	3387
16638	3388
16639	3389
16640	3390
16641	3391
16642	3392
16672	3393
16673	3394
16674	3395
16675	3396
16676	3397
16677	3398
16678	3399
16679	3400
16709	3401
16710	3402
16711	3403
16712	3404
16713	3405
16714	3406
16715	3407
16716	3408
17095	3409
17096	3410
17097	3411
17098	3412
17099	3413
17100	3414
17101	3415
17102	3416
17116	3417
17117	3418
17118	3419
17119	3420
17120	3421
17121	3422
17122	3423
17123	3424
17132	3425
17133	3426
17134	3427
17135	3428
17136	3429
17137	3430
17138	3431
17139	3432
17153	3433
17154	3434
17155	3435
17156	3436
17157	3437
17158	3438
17159	3439
17160	3440
17169	3441
17170	3442
17171	3443
17172	3444
17173	3445
17174	3446
17175	3447
17176	3448
17190	3449
17191	3450
17192	3451
17193	3452
17194	3453
17195	3454
17196	3455
17197	3456
17206	3457
17207	3458
17208	3459
17209	3460
17210	3461
17211	3462
17212	3463
17213	3464
17227	3465
17228	3466
17229	3467
17230	3468
17231	3469
17232	3470
17233	3471
17234	3472
17243	3473
17244	3474
17245	3475
17246	3476
17247	3477
17248	3478
17249	3479
17250	3480
17264	3481
17265	3482
17266	3483
17267	3484
17268	3485
17269	3486
17270	3487
17271	3488
17280	3489
17281	3490
17282	3491
17283	3492
17284	3493
17285	3494
17286	3495
17287	3496
17301	3497
17302	3498
17303	3499
17304	3500
17305	3501
17306	3502
17307	3503
17308	3504
17338	3505
17339	3506
17340	3507
17341	3508
17342	3509
17343	3510
17344	3511
17345	3512
17375	3513
17376	3514
17377	3515
17378	3516
17379	3517
17380	3518
17381	3519
17382	3520
17412	3521
17413	3522
17414	3523
17415	3524
17416	3525
17417	3526
17418	3527
17419	3528
17449	3529
17450	3530
17451	3531
17452	3532
17453	3533
17454	3534
17455	3535
17456	3536
17486	3537
17487	3538
17488	3539
17489	3540
17490	3541
17491	3542
17492	3543
17493	3544
17523	3545
17524	3546
17525	3547
17526	3548
17527	3549
17528	3550
17529	3551
17530	3552
17909	3553
17910	3554
17911	3555
17912	3556
17913	3557
17914	3558
17915	3559
17916	3560
17930	3561
17931	3562
17932	3563
17933	3564
17934	3565
17935	3566
17936	3567
17937	3568
17946	3569
17947	3570
17948	3571
17949	3572
17950	3573
17951	3574
17952	3575
17953	3576
17967	3577
17968	3578
17969	3579
17970	3580
17971	3581
17972	3582
17973	3583
17974	3584
17983	3585
17984	3586
17985	3587
17986	3588
17987	3589
17988	3590
17989	3591
17990	3592
18004	3593
18005	3594
18006	3595
18007	3596
18008	3597
18009	3598
18010	3599
18011	3600
18020	3601
18021	3602
18022	3603
18023	3604
18024	3605
18025	3606
18026	3607
18027	3608
18041	3609
18042	3610
18043	3611
18044	3612
18045	3613
18046	3614
18047	3615
18048	3616
18057	3617
18058	3618
18059	3619
18060	3620
18061	3621
18062	3622
18063	3623
18064	3624
18078	3625
18079	3626
18080	3627
18081	3628
18082	3629
18083	3630
18084	3631
18085	3632
18094	3633
18095	3634
18096	3635
18097	3636
18098	3637
18099	3638
18100	3639
18101	3640
18115	3641
18116	3642
18117	3643
18118	3644
18119	3645
18120	3646
18121	3647
18122	3648
18152	3649
18153	3650
18154	3651
18155	3652
18156	3653
18157	3654
18158	3655
18159	3656
18189	3657
18190	3658
18191	3659
18192	3660
18193	3661
18194	3662
18195	3663
18196	3664
18226	3665
18227	3666
18228	3667
18229	3668
18230	3669
18231	3670
18232	3671
18233	3672
18263	3673
18264	3674
18265	3675
18266	3676
18267	3677
18268	3678
18269	3679
18270	3680
18300	3681
18301	3682
18302	3683
18303	3684
18304	3685
18305	3686
18306	3687
18307	3688
18337	3689
18338	3690
18339	3691
18340	3692
18341	3693
18342	3694
18343	3695
18344	3696
18723	3697
18724	3698
18725	3699
18726	3700
18727	3701
18728	3702
18729	3703
18730	3704
18744	3705
18745	3706
18746	3707
18747	3708
18748	3709
18749	3710
18750	3711
18751	3712
18760	3713
18761	3714
18762	3715
18763	3716
18764	3717
18765	3718
18766	3719
18767	3720
18781	3721
18782	3722
18783	3723
18784	3724
18785	3725
18786	3726
18787	3727
18788	3728
18797	3729
18798	3730
18799	3731
18800	3732
18801	3733
18802	3734
18803	3735
18804	3736
18818	3737
18819	3738
18820	3739
18821	3740
18822	3741
18823	3742
18824	3743
18825	3744
18834	3745
18835	3746
18836	3747
18837	3748
18838	3749
18839	3750
18840	3751
18841	3752
18855	3753
18856	3754
18857	3755
18858	3756
18859	3757
18860	3758
18861	3759
18862	3760
18871	3761
18872	3762
18873	3763
18874	3764
18875	3765
18876	3766
18877	3767
18878	3768
18892	3769
18893	3770
18894	3771
18895	3772
18896	3773
18897	3774
18898	3775
18899	3776
18908	3777
18909	3778
18910	3779
18911	3780
18912	3781
18913	3782
18914	3783
18915	3784
18929	3785
18930	3786
18931	3787
18932	3788
18933	3789
18934	3790
18935	3791
18936	3792
18966	3793
18967	3794
18968	3795
18969	3796
18970	3797
18971	3798
18972	3799
18973	3800
19003	3801
19004	3802
19005	3803
19006	3804
19007	3805
19008	3806
19009	3807
19010	3808
19040	3809
19041	3810
19042	3811
19043	3812
19044	3813
19045	3814
19046	3815
19047	3816
19077	3817
19078	3818
19079	3819
19080	3820
19081	3821
19082	3822
19083	3823
19084	3824
19114	3825
19115	3826
19116	3827
19117	3828
19118	3829
19119	3830
19120	3831
19121	3832
19151	3833
19152	3834
19153	3835
19154	3836
19155	3837
19156	3838
19157	3839
19158	3840
19537	3841
19538	3842
19539	3843
19540	3844
19541	3845
19542	3846
19543	3847
19544	3848
19558	3849
19559	3850
19560	3851
19561	3852
19562	3853
19563	3854
19564	3855
19565	3856
19574	3857
19575	3858
19576	3859
19577	3860
19578	3861
19579	3862
19580	3863
19581	3864
19595	3865
19596	3866
19597	3867
19598	3868
19599	3869
19600	3870
19601	3871
19602	3872
19611	3873
19612	3874
19613	3875
19614	3876
19615	3877
19616	3878
19617	3879
19618	3880
19632	3881
19633	3882
19634	3883
19635	3884
19636	3885
19637	3886
19638	3887
19639	3888
19648	3889
19649	3890
19650	3891
19651	3892
19652	3893
19653	3894
19654	3895
19655	3896
19669	3897
19670	3898
19671	3899
19672	3900
19673	3901
19674	3902
19675	3903
19676	3904
19685	3905
19686	3906
19687	3907
19688	3908
19689	3909
19690	3910
19691	3911
19692	3912
19706	3913
19707	3914
19708	3915
19709	3916
19710	3917
19711	3918
19712	3919
19713	3920
19722	3921
19723	3922
19724	3923
19725	3924
19726	3925
19727	3926
19728	3927
19729	3928
19743	3929
19744	3930
19745	3931
19746	3932
19747	3933
19748	3934
19749	3935
19750	3936
19780	3937
19781	3938
19782	3939
19783	3940
19784	3941
19785	3942
19786	3943
19787	3944
19817	3945
19818	3946
19819	3947
19820	3948
19821	3949
19822	3950
19823	3951
19824	3952
19854	3953
19855	3954
19856	3955
19857	3956
19858	3957
19859	3958
19860	3959
19861	3960
19891	3961
19892	3962
19893	3963
19894	3964
19895	3965
19896	3966
19897	3967
19898	3968
19928	3969
19929	3970
19930	3971
19931	3972
19932	3973
19933	3974
19934	3975
19935	3976
19965	3977
19966	3978
19967	3979
19968	3980
19969	3981
19970	3982
19971	3983
19972	3984
20351	3985
20352	3986
20353	3987
20354	3988
20355	3989
20356	3990
20357	3991
20358	3992
20372	3993
20373	3994
20374	3995
20375	3996
20376	3997
20377	3998
20378	3999
20379	4000
20388	4001
20389	4002
20390	4003
20391	4004
20392	4005
20393	4006
20394	4007
20395	4008
20409	4009
20410	4010
20411	4011
20412	4012
20413	4013
20414	4014
20415	4015
20416	4016
20425	4017
20426	4018
20427	4019
20428	4020
20429	4021
20430	4022
20431	4023
20432	4024
20446	4025
20447	4026
20448	4027
20449	4028
20450	4029
20451	4030
20452	4031
20453	4032
20462	4033
20463	4034
20464	4035
20465	4036
20466	4037
20467	4038
20468	4039
20469	4040
20483	4041
20484	4042
20485	4043
20486	4044
20487	4045
20488	4046
20489	4047
20490	4048
20499	4049
20500	4050
20501	4051
20502	4052
20503	4053
20504	4054
20505	4055
20506	4056
20520	4057
20521	4058
20522	4059
20523	4060
20524	4061
20525	4062
20526	4063
20527	4064
20536	4065
20537	4066
20538	4067
20539	4068
20540	4069
20541	4070
20542	4071
20543	4072
20557	4073
20558	4074
20559	4075
20560	4076
20561	4077
20562	4078
20563	4079
20564	4080
20594	4081
20595	4082
20596	4083
20597	4084
20598	4085
20599	4086
20600	4087
20601	4088
20631	4089
20632	4090
20633	4091
20634	4092
20635	4093
20636	4094
20637	4095
20638	4096
20668	4097
20669	4098
20670	4099
20671	4100
20672	4101
20673	4102
20674	4103
20675	4104
20705	4105
20706	4106
20707	4107
20708	4108
20709	4109
20710	4110
20711	4111
20712	4112
20742	4113
20743	4114
20744	4115
20745	4116
20746	4117
20747	4118
20748	4119
20749	4120
20779	4121
20780	4122
20781	4123
20782	4124
20783	4125
20784	4126
20785	4127
20786	4128
21165	4129
21166	4130
21167	4131
21168	4132
21169	4133
21170	4134
21171	4135
21172	4136
21186	4137
21187	4138
21188	4139
21189	4140
21190	4141
21191	4142
21192	4143
21193	4144
21202	4145
21203	4146
21204	4147
21205	4148
21206	4149
21207	4150
21208	4151
21209	4152
21223	4153
21224	4154
21225	4155
21226	4156
21227	4157
21228	4158
21229	4159
21230	4160
21239	4161
21240	4162
21241	4163
21242	4164
21243	4165
21244	4166
21245	4167
21246	4168
21260	4169
21261	4170
21262	4171
21263	4172
21264	4173
21265	4174
21266	4175
21267	4176
21276	4177
21277	4178
21278	4179
21279	4180
21280	4181
21281	4182
21282	4183
21283	4184
21297	4185
21298	4186
21299	4187
21300	4188
21301	4189
21302	4190
21303	4191
21304	4192
21313	4193
21314	4194
21315	4195
21316	4196
21317	4197
21318	4198
21319	4199
21320	4200
21334	4201
21335	4202
21336	4203
21337	4204
21338	4205
21339	4206
21340	4207
21341	4208
21350	4209
21351	4210
21352	4211
21353	4212
21354	4213
21355	4214
21356	4215
21357	4216
21371	4217
21372	4218
21373	4219
21374	4220
21375	4221
21376	4222
21377	4223
21378	4224
21408	4225
21409	4226
21410	4227
21411	4228
21412	4229
21413	4230
21414	4231
21415	4232
21445	4233
21446	4234
21447	4235
21448	4236
21449	4237
21450	4238
21451	4239
21452	4240
21482	4241
21483	4242
21484	4243
21485	4244
21486	4245
21487	4246
21488	4247
21489	4248
21519	4249
21520	4250
21521	4251
21522	4252
21523	4253
21524	4254
21525	4255
21526	4256
21556	4257
21557	4258
21558	4259
21559	4260
21560	4261
21561	4262
21562	4263
21563	4264
21593	4265
21594	4266
21595	4267
21596	4268
21597	4269
21598	4270
21599	4271
21600	4272
21979	4273
21980	4274
21981	4275
21982	4276
21983	4277
21984	4278
21985	4279
21986	4280
22000	4281
22001	4282
22002	4283
22003	4284
22004	4285
22005	4286
22006	4287
22007	4288
22016	4289
22017	4290
22018	4291
22019	4292
22020	4293
22021	4294
22022	4295
22023	4296
22037	4297
22038	4298
22039	4299
22040	4300
22041	4301
22042	4302
22043	4303
22044	4304
22053	4305
22054	4306
22055	4307
22056	4308
22057	4309
22058	4310
22059	4311
22060	4312
22074	4313
22075	4314
22076	4315
22077	4316
22078	4317
22079	4318
22080	4319
22081	4320
22090	4321
22091	4322
22092	4323
22093	4324
22094	4325
22095	4326
22096	4327
22097	4328
22111	4329
22112	4330
22113	4331
22114	4332
22115	4333
22116	4334
22117	4335
22118	4336
22127	4337
22128	4338
22129	4339
22130	4340
22131	4341
22132	4342
22133	4343
22134	4344
22148	4345
22149	4346
22150	4347
22151	4348
22152	4349
22153	4350
22154	4351
22155	4352
22164	4353
22165	4354
22166	4355
22167	4356
22168	4357
22169	4358
22170	4359
22171	4360
22185	4361
22186	4362
22187	4363
22188	4364
22189	4365
22190	4366
22191	4367
22192	4368
22222	4369
22223	4370
22224	4371
22225	4372
22226	4373
22227	4374
22228	4375
22229	4376
22259	4377
22260	4378
22261	4379
22262	4380
22263	4381
22264	4382
22265	4383
22266	4384
22296	4385
22297	4386
22298	4387
22299	4388
22300	4389
22301	4390
22302	4391
22303	4392
22333	4393
22334	4394
22335	4395
22336	4396
22337	4397
22338	4398
22339	4399
22340	4400
22370	4401
22371	4402
22372	4403
22373	4404
22374	4405
22375	4406
22376	4407
22377	4408
22407	4409
22408	4410
22409	4411
22410	4412
22411	4413
22412	4414
22413	4415
22414	4416
22793	4417
22794	4418
22795	4419
22796	4420
22797	4421
22798	4422
22799	4423
22800	4424
22814	4425
22815	4426
22816	4427
22817	4428
22818	4429
22819	4430
22820	4431
22821	4432
22830	4433
22831	4434
22832	4435
22833	4436
22834	4437
22835	4438
22836	4439
22837	4440
22851	4441
22852	4442
22853	4443
22854	4444
22855	4445
22856	4446
22857	4447
22858	4448
22867	4449
22868	4450
22869	4451
22870	4452
22871	4453
22872	4454
22873	4455
22874	4456
22888	4457
22889	4458
22890	4459
22891	4460
22892	4461
22893	4462
22894	4463
22895	4464
22904	4465
22905	4466
22906	4467
22907	4468
22908	4469
22909	4470
22910	4471
22911	4472
22925	4473
22926	4474
22927	4475
22928	4476
22929	4477
22930	4478
22931	4479
22932	4480
22941	4481
22942	4482
22943	4483
22944	4484
22945	4485
22946	4486
22947	4487
22948	4488
22962	4489
22963	4490
22964	4491
22965	4492
22966	4493
22967	4494
22968	4495
22969	4496
22978	4497
22979	4498
22980	4499
22981	4500
22982	4501
22983	4502
22984	4503
22985	4504
22999	4505
23000	4506
23001	4507
23002	4508
23003	4509
23004	4510
23005	4511
23006	4512
23036	4513
23037	4514
23038	4515
23039	4516
23040	4517
23041	4518
23042	4519
23043	4520
23073	4521
23074	4522
23075	4523
23076	4524
23077	4525
23078	4526
23079	4527
23080	4528
23110	4529
23111	4530
23112	4531
23113	4532
23114	4533
23115	4534
23116	4535
23117	4536
23147	4537
23148	4538
23149	4539
23150	4540
23151	4541
23152	4542
23153	4543
23154	4544
23184	4545
23185	4546
23186	4547
23187	4548
23188	4549
23189	4550
23190	4551
23191	4552
23221	4553
23222	4554
23223	4555
23224	4556
23225	4557
23226	4558
23227	4559
23228	4560
23607	4561
23608	4562
23609	4563
23610	4564
23611	4565
23612	4566
23613	4567
23614	4568
23628	4569
23629	4570
23630	4571
23631	4572
23632	4573
23633	4574
23634	4575
23635	4576
23644	4577
23645	4578
23646	4579
23647	4580
23648	4581
23649	4582
23650	4583
23651	4584
23665	4585
23666	4586
23667	4587
23668	4588
23669	4589
23670	4590
23671	4591
23672	4592
23681	4593
23682	4594
23683	4595
23684	4596
23685	4597
23686	4598
23687	4599
23688	4600
23702	4601
23703	4602
23704	4603
23705	4604
23706	4605
23707	4606
23708	4607
23709	4608
23718	4609
23719	4610
23720	4611
23721	4612
23722	4613
23723	4614
23724	4615
23725	4616
23739	4617
23740	4618
23741	4619
23742	4620
23743	4621
23744	4622
23745	4623
23746	4624
23755	4625
23756	4626
23757	4627
23758	4628
23759	4629
23760	4630
23761	4631
23762	4632
23776	4633
23777	4634
23778	4635
23779	4636
23780	4637
23781	4638
23782	4639
23783	4640
23792	4641
23793	4642
23794	4643
23795	4644
23796	4645
23797	4646
23798	4647
23799	4648
23813	4649
23814	4650
23815	4651
23816	4652
23817	4653
23818	4654
23819	4655
23820	4656
23850	4657
23851	4658
23852	4659
23853	4660
23854	4661
23855	4662
23856	4663
23857	4664
23887	4665
23888	4666
23889	4667
23890	4668
23891	4669
23892	4670
23893	4671
23894	4672
23924	4673
23925	4674
23926	4675
23927	4676
23928	4677
23929	4678
23930	4679
23931	4680
23961	4681
23962	4682
23963	4683
23964	4684
23965	4685
23966	4686
23967	4687
23968	4688
23998	4689
23999	4690
24000	4691
24001	4692
24002	4693
24003	4694
24004	4695
24005	4696
24035	4697
24036	4698
24037	4699
24038	4700
24039	4701
24040	4702
24041	4703
24042	4704
24421	4705
24422	4706
24423	4707
24424	4708
24425	4709
24426	4710
24427	4711
24428	4712
24442	4713
24443	4714
24444	4715
24445	4716
24446	4717
24447	4718
24448	4719
24449	4720
24458	4721
24459	4722
24460	4723
24461	4724
24462	4725
24463	4726
24464	4727
24465	4728
24479	4729
24480	4730
24481	4731
24482	4732
24483	4733
24484	4734
24485	4735
24486	4736
24495	4737
24496	4738
24497	4739
24498	4740
24499	4741
24500	4742
24501	4743
24502	4744
24516	4745
24517	4746
24518	4747
24519	4748
24520	4749
24521	4750
24522	4751
24523	4752
24532	4753
24533	4754
24534	4755
24535	4756
24536	4757
24537	4758
24538	4759
24539	4760
24553	4761
24554	4762
24555	4763
24556	4764
24557	4765
24558	4766
24559	4767
24560	4768
24569	4769
24570	4770
24571	4771
24572	4772
24573	4773
24574	4774
24575	4775
24576	4776
24590	4777
24591	4778
24592	4779
24593	4780
24594	4781
24595	4782
24596	4783
24597	4784
24606	4785
24607	4786
24608	4787
24609	4788
24610	4789
24611	4790
24612	4791
24613	4792
24627	4793
24628	4794
24629	4795
24630	4796
24631	4797
24632	4798
24633	4799
24634	4800
24664	4801
24665	4802
24666	4803
24667	4804
24668	4805
24669	4806
24670	4807
24671	4808
24701	4809
24702	4810
24703	4811
24704	4812
24705	4813
24706	4814
24707	4815
24708	4816
24738	4817
24739	4818
24740	4819
24741	4820
24742	4821
24743	4822
24744	4823
24745	4824
24775	4825
24776	4826
24777	4827
24778	4828
24779	4829
24780	4830
24781	4831
24782	4832
24812	4833
24813	4834
24814	4835
24815	4836
24816	4837
24817	4838
24818	4839
24819	4840
24849	4841
24850	4842
24851	4843
24852	4844
24853	4845
24854	4846
24855	4847
24856	4848
25235	4849
25236	4850
25237	4851
25238	4852
25239	4853
25240	4854
25241	4855
25242	4856
25256	4857
25257	4858
25258	4859
25259	4860
25260	4861
25261	4862
25262	4863
25263	4864
25272	4865
25273	4866
25274	4867
25275	4868
25276	4869
25277	4870
25278	4871
25279	4872
25293	4873
25294	4874
25295	4875
25296	4876
25297	4877
25298	4878
25299	4879
25300	4880
25309	4881
25310	4882
25311	4883
25312	4884
25313	4885
25314	4886
25315	4887
25316	4888
25330	4889
25331	4890
25332	4891
25333	4892
25334	4893
25335	4894
25336	4895
25337	4896
25346	4897
25347	4898
25348	4899
25349	4900
25350	4901
25351	4902
25352	4903
25353	4904
25367	4905
25368	4906
25369	4907
25370	4908
25371	4909
25372	4910
25373	4911
25374	4912
25383	4913
25384	4914
25385	4915
25386	4916
25387	4917
25388	4918
25389	4919
25390	4920
25404	4921
25405	4922
25406	4923
25407	4924
25408	4925
25409	4926
25410	4927
25411	4928
25420	4929
25421	4930
25422	4931
25423	4932
25424	4933
25425	4934
25426	4935
25427	4936
25441	4937
25442	4938
25443	4939
25444	4940
25445	4941
25446	4942
25447	4943
25448	4944
25478	4945
25479	4946
25480	4947
25481	4948
25482	4949
25483	4950
25484	4951
25485	4952
25515	4953
25516	4954
25517	4955
25518	4956
25519	4957
25520	4958
25521	4959
25522	4960
25552	4961
25553	4962
25554	4963
25555	4964
25556	4965
25557	4966
25558	4967
25559	4968
25589	4969
25590	4970
25591	4971
25592	4972
25593	4973
25594	4974
25595	4975
25596	4976
25626	4977
25627	4978
25628	4979
25629	4980
25630	4981
25631	4982
25632	4983
25633	4984
25663	4985
25664	4986
25665	4987
25666	4988
25667	4989
25668	4990
25669	4991
25670	4992
26049	4993
26050	4994
26051	4995
26052	4996
26053	4997
26054	4998
26055	4999
26056	5000
26070	5001
26071	5002
26072	5003
26073	5004
26074	5005
26075	5006
26076	5007
26077	5008
26086	5009
26087	5010
26088	5011
26089	5012
26090	5013
26091	5014
26092	5015
26093	5016
26107	5017
26108	5018
26109	5019
26110	5020
26111	5021
26112	5022
26113	5023
26114	5024
26123	5025
26124	5026
26125	5027
26126	5028
26127	5029
26128	5030
26129	5031
26130	5032
26144	5033
26145	5034
26146	5035
26147	5036
26148	5037
26149	5038
26150	5039
26151	5040
26160	5041
26161	5042
26162	5043
26163	5044
26164	5045
26165	5046
26166	5047
26167	5048
26181	5049
26182	5050
26183	5051
26184	5052
26185	5053
26186	5054
26187	5055
26188	5056
26197	5057
26198	5058
26199	5059
26200	5060
26201	5061
26202	5062
26203	5063
26204	5064
26218	5065
26219	5066
26220	5067
26221	5068
26222	5069
26223	5070
26224	5071
26225	5072
26234	5073
26235	5074
26236	5075
26237	5076
26238	5077
26239	5078
26240	5079
26241	5080
26255	5081
26256	5082
26257	5083
26258	5084
26259	5085
26260	5086
26261	5087
26262	5088
26292	5089
26293	5090
26294	5091
26295	5092
26296	5093
26297	5094
26298	5095
26299	5096
26329	5097
26330	5098
26331	5099
26332	5100
26333	5101
26334	5102
26335	5103
26336	5104
26366	5105
26367	5106
26368	5107
26369	5108
26370	5109
26371	5110
26372	5111
26373	5112
26403	5113
26404	5114
26405	5115
26406	5116
26407	5117
26408	5118
26409	5119
26410	5120
26440	5121
26441	5122
26442	5123
26443	5124
26444	5125
26445	5126
26446	5127
26447	5128
26477	5129
26478	5130
26479	5131
26480	5132
26481	5133
26482	5134
26483	5135
26484	5136
26863	5137
26864	5138
26865	5139
26866	5140
26867	5141
26868	5142
26869	5143
26870	5144
26884	5145
26885	5146
26886	5147
26887	5148
26888	5149
26889	5150
26890	5151
26891	5152
26900	5153
26901	5154
26902	5155
26903	5156
26904	5157
26905	5158
26906	5159
26907	5160
26921	5161
26922	5162
26923	5163
26924	5164
26925	5165
26926	5166
26927	5167
26928	5168
26937	5169
26938	5170
26939	5171
26940	5172
26941	5173
26942	5174
26943	5175
26944	5176
26958	5177
26959	5178
26960	5179
26961	5180
26962	5181
26963	5182
26964	5183
26965	5184
26974	5185
26975	5186
26976	5187
26977	5188
26978	5189
26979	5190
26980	5191
26981	5192
26995	5193
26996	5194
26997	5195
26998	5196
26999	5197
27000	5198
27001	5199
27002	5200
27011	5201
27012	5202
27013	5203
27014	5204
27015	5205
27016	5206
27017	5207
27018	5208
27032	5209
27033	5210
27034	5211
27035	5212
27036	5213
27037	5214
27038	5215
27039	5216
27048	5217
27049	5218
27050	5219
27051	5220
27052	5221
27053	5222
27054	5223
27055	5224
27069	5225
27070	5226
27071	5227
27072	5228
27073	5229
27074	5230
27075	5231
27076	5232
27106	5233
27107	5234
27108	5235
27109	5236
27110	5237
27111	5238
27112	5239
27113	5240
27143	5241
27144	5242
27145	5243
27146	5244
27147	5245
27148	5246
27149	5247
27150	5248
27180	5249
27181	5250
27182	5251
27183	5252
27184	5253
27185	5254
27186	5255
27187	5256
27217	5257
27218	5258
27219	5259
27220	5260
27221	5261
27222	5262
27223	5263
27224	5264
27254	5265
27255	5266
27256	5267
27257	5268
27258	5269
27259	5270
27260	5271
27261	5272
27291	5273
27292	5274
27293	5275
27294	5276
27295	5277
27296	5278
27297	5279
27298	5280
27677	5281
27678	5282
27679	5283
27680	5284
27681	5285
27682	5286
27683	5287
27684	5288
27698	5289
27699	5290
27700	5291
27701	5292
27702	5293
27703	5294
27704	5295
27705	5296
27714	5297
27715	5298
27716	5299
27717	5300
27718	5301
27719	5302
27720	5303
27721	5304
27735	5305
27736	5306
27737	5307
27738	5308
27739	5309
27740	5310
27741	5311
27742	5312
27751	5313
27752	5314
27753	5315
27754	5316
27755	5317
27756	5318
27757	5319
27758	5320
27772	5321
27773	5322
27774	5323
27775	5324
27776	5325
27777	5326
27778	5327
27779	5328
27788	5329
27789	5330
27790	5331
27791	5332
27792	5333
27793	5334
27794	5335
27795	5336
27809	5337
27810	5338
27811	5339
27812	5340
27813	5341
27814	5342
27815	5343
27816	5344
27825	5345
27826	5346
27827	5347
27828	5348
27829	5349
27830	5350
27831	5351
27832	5352
27846	5353
27847	5354
27848	5355
27849	5356
27850	5357
27851	5358
27852	5359
27853	5360
27862	5361
27863	5362
27864	5363
27865	5364
27866	5365
27867	5366
27868	5367
27869	5368
27883	5369
27884	5370
27885	5371
27886	5372
27887	5373
27888	5374
27889	5375
27890	5376
27920	5377
27921	5378
27922	5379
27923	5380
27924	5381
27925	5382
27926	5383
27927	5384
27957	5385
27958	5386
27959	5387
27960	5388
27961	5389
27962	5390
27963	5391
27964	5392
27994	5393
27995	5394
27996	5395
27997	5396
27998	5397
27999	5398
28000	5399
28001	5400
28031	5401
28032	5402
28033	5403
28034	5404
28035	5405
28036	5406
28037	5407
28038	5408
28068	5409
28069	5410
28070	5411
28071	5412
28072	5413
28073	5414
28074	5415
28075	5416
28105	5417
28106	5418
28107	5419
28108	5420
28109	5421
28110	5422
28111	5423
28112	5424
28501	5425
28502	5426
28503	5427
28504	5428
28505	5429
28506	5430
28507	5431
28508	5432
28509	5433
28510	5434
28511	5435
28512	5436
28513	5437
28514	5438
28515	5439
28516	5440
28517	5441
28518	5442
28519	5443
28538	5444
28539	5445
28540	5446
28541	5447
28542	5448
28543	5449
28544	5450
28545	5451
28546	5452
28547	5453
28548	5454
28549	5455
28550	5456
28551	5457
28552	5458
28553	5459
28554	5460
28555	5461
28556	5462
28575	5463
28576	5464
28577	5465
28578	5466
28579	5467
28580	5468
28581	5469
28582	5470
28583	5471
28584	5472
28585	5473
28586	5474
28587	5475
28588	5476
28589	5477
28590	5478
28591	5479
28592	5480
28593	5481
28612	5482
28613	5483
28614	5484
28615	5485
28616	5486
28617	5487
28618	5488
28619	5489
28620	5490
28621	5491
28622	5492
28623	5493
28624	5494
28625	5495
28626	5496
28627	5497
28628	5498
28629	5499
28630	5500
28649	5501
28650	5502
28651	5503
28652	5504
28653	5505
28654	5506
28655	5507
28656	5508
28657	5509
28658	5510
28659	5511
28660	5512
28661	5513
28662	5514
28663	5515
28664	5516
28665	5517
28666	5518
28667	5519
28686	5520
28687	5521
28688	5522
28689	5523
28690	5524
28691	5525
28692	5526
28693	5527
28694	5528
28695	5529
28696	5530
28697	5531
28698	5532
28699	5533
28700	5534
28701	5535
28702	5536
28703	5537
28704	5538
28723	5539
28724	5540
28725	5541
28726	5542
28727	5543
28728	5544
28729	5545
28730	5546
28731	5547
28732	5548
28733	5549
28734	5550
28735	5551
28736	5552
28737	5553
28738	5554
28739	5555
28740	5556
28741	5557
28760	5558
28761	5559
28762	5560
28763	5561
28764	5562
28765	5563
28766	5564
28767	5565
28768	5566
28769	5567
28770	5568
28771	5569
28772	5570
28773	5571
28774	5572
28775	5573
28776	5574
28777	5575
28778	5576
28797	5577
28798	5578
28799	5579
28800	5580
28801	5581
28802	5582
28803	5583
28804	5584
28805	5585
28806	5586
28807	5587
28808	5588
28809	5589
28810	5590
28811	5591
28812	5592
28813	5593
28814	5594
28815	5595
28834	5596
28835	5597
28836	5598
28837	5599
28838	5600
28839	5601
28840	5602
28841	5603
28842	5604
28843	5605
28844	5606
28845	5607
28846	5608
28847	5609
28848	5610
28849	5611
28850	5612
28851	5613
28852	5614
28871	5615
28872	5616
28873	5617
28874	5618
28875	5619
28876	5620
28877	5621
28878	5622
28879	5623
28880	5624
28881	5625
28882	5626
28883	5627
28884	5628
28885	5629
28886	5630
28887	5631
28888	5632
28889	5633
28908	5634
28909	5635
28910	5636
28911	5637
28912	5638
28913	5639
28914	5640
28915	5641
28916	5642
28917	5643
28918	5644
28919	5645
28920	5646
28921	5647
28922	5648
28923	5649
28924	5650
28925	5651
28926	5652
29315	5653
29316	5654
29317	5655
29318	5656
29319	5657
29320	5658
29321	5659
29322	5660
29323	5661
29324	5662
29325	5663
29326	5664
29327	5665
29328	5666
29329	5667
29330	5668
29331	5669
29332	5670
29333	5671
29352	5672
29353	5673
29354	5674
29355	5675
29356	5676
29357	5677
29358	5678
29359	5679
29360	5680
29361	5681
29362	5682
29363	5683
29364	5684
29365	5685
29366	5686
29367	5687
29368	5688
29369	5689
29370	5690
29389	5691
29390	5692
29391	5693
29392	5694
29393	5695
29394	5696
29395	5697
29396	5698
29397	5699
29398	5700
29399	5701
29400	5702
29401	5703
29402	5704
29403	5705
29404	5706
29405	5707
29406	5708
29407	5709
29426	5710
29427	5711
29428	5712
29429	5713
29430	5714
29431	5715
29432	5716
29433	5717
29434	5718
29435	5719
29436	5720
29437	5721
29438	5722
29439	5723
29440	5724
29441	5725
29442	5726
29443	5727
29444	5728
29463	5729
29464	5730
29465	5731
29466	5732
29467	5733
29468	5734
29469	5735
29470	5736
29471	5737
29472	5738
29473	5739
29474	5740
29475	5741
29476	5742
29477	5743
29478	5744
29479	5745
29480	5746
29481	5747
29500	5748
29501	5749
29502	5750
29503	5751
29504	5752
29505	5753
29506	5754
29507	5755
29508	5756
29509	5757
29510	5758
29511	5759
29512	5760
29513	5761
29514	5762
29515	5763
29516	5764
29517	5765
29518	5766
29537	5767
29538	5768
29539	5769
29540	5770
29541	5771
29542	5772
29543	5773
29544	5774
29545	5775
29546	5776
29547	5777
29548	5778
29549	5779
29550	5780
29551	5781
29552	5782
29553	5783
29554	5784
29555	5785
29574	5786
29575	5787
29576	5788
29577	5789
29578	5790
29579	5791
29580	5792
29581	5793
29582	5794
29583	5795
29584	5796
29585	5797
29586	5798
29587	5799
29588	5800
29589	5801
29590	5802
29591	5803
29592	5804
29611	5805
29612	5806
29613	5807
29614	5808
29615	5809
29616	5810
29617	5811
29618	5812
29619	5813
29620	5814
29621	5815
29622	5816
29623	5817
29624	5818
29625	5819
29626	5820
29627	5821
29628	5822
29629	5823
29648	5824
29649	5825
29650	5826
29651	5827
29652	5828
29653	5829
29654	5830
29655	5831
29656	5832
29657	5833
29658	5834
29659	5835
29660	5836
29661	5837
29662	5838
29663	5839
29664	5840
29665	5841
29666	5842
29685	5843
29686	5844
29687	5845
29688	5846
29689	5847
29690	5848
29691	5849
29692	5850
29693	5851
29694	5852
29695	5853
29696	5854
29697	5855
29698	5856
29699	5857
29700	5858
29701	5859
29702	5860
29703	5861
29722	5862
29723	5863
29724	5864
29725	5865
29726	5866
29727	5867
29728	5868
29729	5869
29730	5870
29731	5871
29732	5872
29733	5873
29734	5874
29735	5875
29736	5876
29737	5877
29738	5878
29739	5879
29740	5880
30129	5881
30130	5882
30131	5883
30132	5884
30133	5885
30134	5886
30135	5887
30136	5888
30137	5889
30138	5890
30139	5891
30140	5892
30141	5893
30142	5894
30143	5895
30144	5896
30145	5897
30146	5898
30147	5899
30166	5900
30167	5901
30168	5902
30169	5903
30170	5904
30171	5905
30172	5906
30173	5907
30174	5908
30175	5909
30176	5910
30177	5911
30178	5912
30179	5913
30180	5914
30181	5915
30182	5916
30183	5917
30184	5918
30203	5919
30204	5920
30205	5921
30206	5922
30207	5923
30208	5924
30209	5925
30210	5926
30211	5927
30212	5928
30213	5929
30214	5930
30215	5931
30216	5932
30217	5933
30218	5934
30219	5935
30220	5936
30221	5937
30240	5938
30241	5939
30242	5940
30243	5941
30244	5942
30245	5943
30246	5944
30247	5945
30248	5946
30249	5947
30250	5948
30251	5949
30252	5950
30253	5951
30254	5952
30255	5953
30256	5954
30257	5955
30258	5956
30277	5957
30278	5958
30279	5959
30280	5960
30281	5961
30282	5962
30283	5963
30284	5964
30285	5965
30286	5966
30287	5967
30288	5968
30289	5969
30290	5970
30291	5971
30292	5972
30293	5973
30294	5974
30295	5975
30314	5976
30315	5977
30316	5978
30317	5979
30318	5980
30319	5981
30320	5982
30321	5983
30322	5984
30323	5985
30324	5986
30325	5987
30326	5988
30327	5989
30328	5990
30329	5991
30330	5992
30331	5993
30332	5994
30351	5995
30352	5996
30353	5997
30354	5998
30355	5999
30356	6000
30357	6001
30358	6002
30359	6003
30360	6004
30361	6005
30362	6006
30363	6007
30364	6008
30365	6009
30366	6010
30367	6011
30368	6012
30369	6013
30388	6014
30389	6015
30390	6016
30391	6017
30392	6018
30393	6019
30394	6020
30395	6021
30396	6022
30397	6023
30398	6024
30399	6025
30400	6026
30401	6027
30402	6028
30403	6029
30404	6030
30405	6031
30406	6032
30425	6033
30426	6034
30427	6035
30428	6036
30429	6037
30430	6038
30431	6039
30432	6040
30433	6041
30434	6042
30435	6043
30436	6044
30437	6045
30438	6046
30439	6047
30440	6048
30441	6049
30442	6050
30443	6051
30462	6052
30463	6053
30464	6054
30465	6055
30466	6056
30467	6057
30468	6058
30469	6059
30470	6060
30471	6061
30472	6062
30473	6063
30474	6064
30475	6065
30476	6066
30477	6067
30478	6068
30479	6069
30480	6070
30499	6071
30500	6072
30501	6073
30502	6074
30503	6075
30504	6076
30505	6077
30506	6078
30507	6079
30508	6080
30509	6081
30510	6082
30511	6083
30512	6084
30513	6085
30514	6086
30515	6087
30516	6088
30517	6089
30536	6090
30537	6091
30538	6092
30539	6093
30540	6094
30541	6095
30542	6096
30543	6097
30544	6098
30545	6099
30546	6100
30547	6101
30548	6102
30549	6103
30550	6104
30551	6105
30552	6106
30553	6107
30554	6108
30943	6109
30944	6110
30945	6111
30946	6112
30947	6113
30948	6114
30949	6115
30950	6116
30951	6117
30952	6118
30953	6119
30954	6120
30955	6121
30956	6122
30957	6123
30958	6124
30959	6125
30960	6126
30961	6127
30980	6128
30981	6129
30982	6130
30983	6131
30984	6132
30985	6133
30986	6134
30987	6135
30988	6136
30989	6137
30990	6138
30991	6139
30992	6140
30993	6141
30994	6142
30995	6143
30996	6144
30997	6145
30998	6146
31017	6147
31018	6148
31019	6149
31020	6150
31021	6151
31022	6152
31023	6153
31024	6154
31025	6155
31026	6156
31027	6157
31028	6158
31029	6159
31030	6160
31031	6161
31032	6162
31033	6163
31034	6164
31035	6165
31054	6166
31055	6167
31056	6168
31057	6169
31058	6170
31059	6171
31060	6172
31061	6173
31062	6174
31063	6175
31064	6176
31065	6177
31066	6178
31067	6179
31068	6180
31069	6181
31070	6182
31071	6183
31072	6184
31091	6185
31092	6186
31093	6187
31094	6188
31095	6189
31096	6190
31097	6191
31098	6192
31099	6193
31100	6194
31101	6195
31102	6196
31103	6197
31104	6198
31105	6199
31106	6200
31107	6201
31108	6202
31109	6203
31128	6204
31129	6205
31130	6206
31131	6207
31132	6208
31133	6209
31134	6210
31135	6211
31136	6212
31137	6213
31138	6214
31139	6215
31140	6216
31141	6217
31142	6218
31143	6219
31144	6220
31145	6221
31146	6222
31165	6223
31166	6224
31167	6225
31168	6226
31169	6227
31170	6228
31171	6229
31172	6230
31173	6231
31174	6232
31175	6233
31176	6234
31177	6235
31178	6236
31179	6237
31180	6238
31181	6239
31182	6240
31183	6241
31202	6242
31203	6243
31204	6244
31205	6245
31206	6246
31207	6247
31208	6248
31209	6249
31210	6250
31211	6251
31212	6252
31213	6253
31214	6254
31215	6255
31216	6256
31217	6257
31218	6258
31219	6259
31220	6260
31239	6261
31240	6262
31241	6263
31242	6264
31243	6265
31244	6266
31245	6267
31246	6268
31247	6269
31248	6270
31249	6271
31250	6272
31251	6273
31252	6274
31253	6275
31254	6276
31255	6277
31256	6278
31257	6279
31276	6280
31277	6281
31278	6282
31279	6283
31280	6284
31281	6285
31282	6286
31283	6287
31284	6288
31285	6289
31286	6290
31287	6291
31288	6292
31289	6293
31290	6294
31291	6295
31292	6296
31293	6297
31294	6298
31313	6299
31314	6300
31315	6301
31316	6302
31317	6303
31318	6304
31319	6305
31320	6306
31321	6307
31322	6308
31323	6309
31324	6310
31325	6311
31326	6312
31327	6313
31328	6314
31329	6315
31330	6316
31331	6317
31350	6318
31351	6319
31352	6320
31353	6321
31354	6322
31355	6323
31356	6324
31357	6325
31358	6326
31359	6327
31360	6328
31361	6329
31362	6330
31363	6331
31364	6332
31365	6333
31366	6334
31367	6335
31368	6336
31757	6337
31758	6338
31759	6339
31760	6340
31761	6341
31762	6342
31763	6343
31764	6344
31765	6345
31766	6346
31767	6347
31768	6348
31769	6349
31770	6350
31771	6351
31772	6352
31773	6353
31774	6354
31775	6355
31794	6356
31795	6357
31796	6358
31797	6359
31798	6360
31799	6361
31800	6362
31801	6363
31802	6364
31803	6365
31804	6366
31805	6367
31806	6368
31807	6369
31808	6370
31809	6371
31810	6372
31811	6373
31812	6374
31831	6375
31832	6376
31833	6377
31834	6378
31835	6379
31836	6380
31837	6381
31838	6382
31839	6383
31840	6384
31841	6385
31842	6386
31843	6387
31844	6388
31845	6389
31846	6390
31847	6391
31848	6392
31849	6393
31868	6394
31869	6395
31870	6396
31871	6397
31872	6398
31873	6399
31874	6400
31875	6401
31876	6402
31877	6403
31878	6404
31879	6405
31880	6406
31881	6407
31882	6408
31883	6409
31884	6410
31885	6411
31886	6412
31905	6413
31906	6414
31907	6415
31908	6416
31909	6417
31910	6418
31911	6419
31912	6420
31913	6421
31914	6422
31915	6423
31916	6424
31917	6425
31918	6426
31919	6427
31920	6428
31921	6429
31922	6430
31923	6431
31942	6432
31943	6433
31944	6434
31945	6435
31946	6436
31947	6437
31948	6438
31949	6439
31950	6440
31951	6441
31952	6442
31953	6443
31954	6444
31955	6445
31956	6446
31957	6447
31958	6448
31959	6449
31960	6450
31979	6451
31980	6452
31981	6453
31982	6454
31983	6455
31984	6456
31985	6457
31986	6458
31987	6459
31988	6460
31989	6461
31990	6462
31991	6463
31992	6464
31993	6465
31994	6466
31995	6467
31996	6468
31997	6469
32016	6470
32017	6471
32018	6472
32019	6473
32020	6474
32021	6475
32022	6476
32023	6477
32024	6478
32025	6479
32026	6480
32027	6481
32028	6482
32029	6483
32030	6484
32031	6485
32032	6486
32033	6487
32034	6488
32053	6489
32054	6490
32055	6491
32056	6492
32057	6493
32058	6494
32059	6495
32060	6496
32061	6497
32062	6498
32063	6499
32064	6500
32065	6501
32066	6502
32067	6503
32068	6504
32069	6505
32070	6506
32071	6507
32090	6508
32091	6509
32092	6510
32093	6511
32094	6512
32095	6513
32096	6514
32097	6515
32098	6516
32099	6517
32100	6518
32101	6519
32102	6520
32103	6521
32104	6522
32105	6523
32106	6524
32107	6525
32108	6526
32127	6527
32128	6528
32129	6529
32130	6530
32131	6531
32132	6532
32133	6533
32134	6534
32135	6535
32136	6536
32137	6537
32138	6538
32139	6539
32140	6540
32141	6541
32142	6542
32143	6543
32144	6544
32145	6545
32164	6546
32165	6547
32166	6548
32167	6549
32168	6550
32169	6551
32170	6552
32171	6553
32172	6554
32173	6555
32174	6556
32175	6557
32176	6558
32177	6559
32178	6560
32179	6561
32180	6562
32181	6563
32182	6564
32571	6565
32572	6566
32573	6567
32574	6568
32575	6569
32576	6570
32577	6571
32578	6572
32579	6573
32580	6574
32581	6575
32582	6576
32583	6577
32584	6578
32585	6579
32586	6580
32587	6581
32588	6582
32589	6583
32608	6584
32609	6585
32610	6586
32611	6587
32612	6588
32613	6589
32614	6590
32615	6591
32616	6592
32617	6593
32618	6594
32619	6595
32620	6596
32621	6597
32622	6598
32623	6599
32624	6600
32625	6601
32626	6602
32645	6603
32646	6604
32647	6605
32648	6606
32649	6607
32650	6608
32651	6609
32652	6610
32653	6611
32654	6612
32655	6613
32656	6614
32657	6615
32658	6616
32659	6617
32660	6618
32661	6619
32662	6620
32663	6621
32682	6622
32683	6623
32684	6624
32685	6625
32686	6626
32687	6627
32688	6628
32689	6629
32690	6630
32691	6631
32692	6632
32693	6633
32694	6634
32695	6635
32696	6636
32697	6637
32698	6638
32699	6639
32700	6640
32719	6641
32720	6642
32721	6643
32722	6644
32723	6645
32724	6646
32725	6647
32726	6648
32727	6649
32728	6650
32729	6651
32730	6652
32731	6653
32732	6654
32733	6655
32734	6656
32735	6657
32736	6658
32737	6659
32756	6660
32757	6661
32758	6662
32759	6663
32760	6664
32761	6665
32762	6666
32763	6667
32764	6668
32765	6669
32766	6670
32767	6671
32768	6672
32769	6673
32770	6674
32771	6675
32772	6676
32773	6677
32774	6678
32793	6679
32794	6680
32795	6681
32796	6682
32797	6683
32798	6684
32799	6685
32800	6686
32801	6687
32802	6688
32803	6689
32804	6690
32805	6691
32806	6692
32807	6693
32808	6694
32809	6695
32810	6696
32811	6697
32830	6698
32831	6699
32832	6700
32833	6701
32834	6702
32835	6703
32836	6704
32837	6705
32838	6706
32839	6707
32840	6708
32841	6709
32842	6710
32843	6711
32844	6712
32845	6713
32846	6714
32847	6715
32848	6716
32867	6717
32868	6718
32869	6719
32870	6720
32871	6721
32872	6722
32873	6723
32874	6724
32875	6725
32876	6726
32877	6727
32878	6728
32879	6729
32880	6730
32881	6731
32882	6732
32883	6733
32884	6734
32885	6735
32904	6736
32905	6737
32906	6738
32907	6739
32908	6740
32909	6741
32910	6742
32911	6743
32912	6744
32913	6745
32914	6746
32915	6747
32916	6748
32917	6749
32918	6750
32919	6751
32920	6752
32921	6753
32922	6754
32941	6755
32942	6756
32943	6757
32944	6758
32945	6759
32946	6760
32947	6761
32948	6762
32949	6763
32950	6764
32951	6765
32952	6766
32953	6767
32954	6768
32955	6769
32956	6770
32957	6771
32958	6772
32959	6773
32978	6774
32979	6775
32980	6776
32981	6777
32982	6778
32983	6779
32984	6780
32985	6781
32986	6782
32987	6783
32988	6784
32989	6785
32990	6786
32991	6787
32992	6788
32993	6789
32994	6790
32995	6791
32996	6792
33385	6793
33386	6794
33387	6795
33388	6796
33389	6797
33390	6798
33391	6799
33392	6800
33393	6801
33394	6802
33395	6803
33396	6804
33397	6805
33398	6806
33399	6807
33400	6808
33401	6809
33402	6810
33403	6811
33422	6812
33423	6813
33424	6814
33425	6815
33426	6816
33427	6817
33428	6818
33429	6819
33430	6820
33431	6821
33432	6822
33433	6823
33434	6824
33435	6825
33436	6826
33437	6827
33438	6828
33439	6829
33440	6830
33459	6831
33460	6832
33461	6833
33462	6834
33463	6835
33464	6836
33465	6837
33466	6838
33467	6839
33468	6840
33469	6841
33470	6842
33471	6843
33472	6844
33473	6845
33474	6846
33475	6847
33476	6848
33477	6849
33496	6850
33497	6851
33498	6852
33499	6853
33500	6854
33501	6855
33502	6856
33503	6857
33504	6858
33505	6859
33506	6860
33507	6861
33508	6862
33509	6863
33510	6864
33511	6865
33512	6866
33513	6867
33514	6868
33533	6869
33534	6870
33535	6871
33536	6872
33537	6873
33538	6874
33539	6875
33540	6876
33541	6877
33542	6878
33543	6879
33544	6880
33545	6881
33546	6882
33547	6883
33548	6884
33549	6885
33550	6886
33551	6887
33570	6888
33571	6889
33572	6890
33573	6891
33574	6892
33575	6893
33576	6894
33577	6895
33578	6896
33579	6897
33580	6898
33581	6899
33582	6900
33583	6901
33584	6902
33585	6903
33586	6904
33587	6905
33588	6906
33607	6907
33608	6908
33609	6909
33610	6910
33611	6911
33612	6912
33613	6913
33614	6914
33615	6915
33616	6916
33617	6917
33618	6918
33619	6919
33620	6920
33621	6921
33622	6922
33623	6923
33624	6924
33625	6925
33644	6926
33645	6927
33646	6928
33647	6929
33648	6930
33649	6931
33650	6932
33651	6933
33652	6934
33653	6935
33654	6936
33655	6937
33656	6938
33657	6939
33658	6940
33659	6941
33660	6942
33661	6943
33662	6944
33681	6945
33682	6946
33683	6947
33684	6948
33685	6949
33686	6950
33687	6951
33688	6952
33689	6953
33690	6954
33691	6955
33692	6956
33693	6957
33694	6958
33695	6959
33696	6960
33697	6961
33698	6962
33699	6963
33718	6964
33719	6965
33720	6966
33721	6967
33722	6968
33723	6969
33724	6970
33725	6971
33726	6972
33727	6973
33728	6974
33729	6975
33730	6976
33731	6977
33732	6978
33733	6979
33734	6980
33735	6981
33736	6982
33755	6983
33756	6984
33757	6985
33758	6986
33759	6987
33760	6988
33761	6989
33762	6990
33763	6991
33764	6992
33765	6993
33766	6994
33767	6995
33768	6996
33769	6997
33770	6998
33771	6999
33772	7000
33773	7001
33792	7002
33793	7003
33794	7004
33795	7005
33796	7006
33797	7007
33798	7008
33799	7009
33800	7010
33801	7011
33802	7012
33803	7013
33804	7014
33805	7015
33806	7016
33807	7017
33808	7018
33809	7019
33810	7020
34199	7021
34200	7022
34201	7023
34202	7024
34203	7025
34204	7026
34205	7027
34206	7028
34207	7029
34208	7030
34209	7031
34210	7032
34211	7033
34212	7034
34213	7035
34214	7036
34215	7037
34216	7038
34217	7039
34236	7040
34237	7041
34238	7042
34239	7043
34240	7044
34241	7045
34242	7046
34243	7047
34244	7048
34245	7049
34246	7050
34247	7051
34248	7052
34249	7053
34250	7054
34251	7055
34252	7056
34253	7057
34254	7058
34273	7059
34274	7060
34275	7061
34276	7062
34277	7063
34278	7064
34279	7065
34280	7066
34281	7067
34282	7068
34283	7069
34284	7070
34285	7071
34286	7072
34287	7073
34288	7074
34289	7075
34290	7076
34291	7077
34310	7078
34311	7079
34312	7080
34313	7081
34314	7082
34315	7083
34316	7084
34317	7085
34318	7086
34319	7087
34320	7088
34321	7089
34322	7090
34323	7091
34324	7092
34325	7093
34326	7094
34327	7095
34328	7096
34347	7097
34348	7098
34349	7099
34350	7100
34351	7101
34352	7102
34353	7103
34354	7104
34355	7105
34356	7106
34357	7107
34358	7108
34359	7109
34360	7110
34361	7111
34362	7112
34363	7113
34364	7114
34365	7115
34384	7116
34385	7117
34386	7118
34387	7119
34388	7120
34389	7121
34390	7122
34391	7123
34392	7124
34393	7125
34394	7126
34395	7127
34396	7128
34397	7129
34398	7130
34399	7131
34400	7132
34401	7133
34402	7134
34421	7135
34422	7136
34423	7137
34424	7138
34425	7139
34426	7140
34427	7141
34428	7142
34429	7143
34430	7144
34431	7145
34432	7146
34433	7147
34434	7148
34435	7149
34436	7150
34437	7151
34438	7152
34439	7153
34458	7154
34459	7155
34460	7156
34461	7157
34462	7158
34463	7159
34464	7160
34465	7161
34466	7162
34467	7163
34468	7164
34469	7165
34470	7166
34471	7167
34472	7168
34473	7169
34474	7170
34475	7171
34476	7172
34495	7173
34496	7174
34497	7175
34498	7176
34499	7177
34500	7178
34501	7179
34502	7180
34503	7181
34504	7182
34505	7183
34506	7184
34507	7185
34508	7186
34509	7187
34510	7188
34511	7189
34512	7190
34513	7191
34532	7192
34533	7193
34534	7194
34535	7195
34536	7196
34537	7197
34538	7198
34539	7199
34540	7200
34541	7201
34542	7202
34543	7203
34544	7204
34545	7205
34546	7206
34547	7207
34548	7208
34549	7209
34550	7210
34569	7211
34570	7212
34571	7213
34572	7214
34573	7215
34574	7216
34575	7217
34576	7218
34577	7219
34578	7220
34579	7221
34580	7222
34581	7223
34582	7224
34583	7225
34584	7226
34585	7227
34586	7228
34587	7229
34606	7230
34607	7231
34608	7232
34609	7233
34610	7234
34611	7235
34612	7236
34613	7237
34614	7238
34615	7239
34616	7240
34617	7241
34618	7242
34619	7243
34620	7244
34621	7245
34622	7246
34623	7247
34624	7248
42001	7249
42002	7250
42003	7251
42004	7252
42005	7253
42006	7254
42007	7255
42008	7256
42009	7257
42010	7258
42011	7259
42012	7260
42013	7261
42014	7262
42015	7263
42016	7264
42017	7265
42018	7266
42019	7267
42020	7268
42021	7269
42022	7270
42023	7271
42024	7272
42025	7273
42026	7274
42027	7275
42028	7276
42029	7277
42030	7278
42031	7279
42032	7280
42033	7281
42034	7282
42035	7283
42036	7284
42037	7285
42038	7286
42039	7287
42040	7288
42041	7289
42042	7290
42043	7291
42044	7292
42045	7293
42046	7294
42047	7295
42048	7296
42049	7297
42050	7298
42051	7299
42052	7300
42053	7301
42054	7302
42055	7303
42056	7304
