quadrangle
//Number_of_Node
1856
//Number_of_Element
1806
//Number_of_Region
3
//Factor
1.0
13,12,893,902,
13,902,901,14,
893,894,901,902,
901,900,15,14,
901,894,895,903,
901,903,899,900,
895,896,899,903,
896,897,898,899,
897,888,889,898,
16,15,900,906,
16,906,905,17,
900,899,905,906,
898,889,890,904,
904,905,899,898,
18,17,905,908,
18,908,907,19,
905,904,907,908,
904,890,891,907,
907,891,892,909,
907,909,20,19,
892,21,20,909,
895,894,911,912,
895,912,885,896,
911,884,885,912,
885,886,897,896,
910,883,884,911,
911,894,893,910,
886,887,888,897,
10,9,882,913,
10,913,910,11,
882,883,910,913,
910,893,12,11,
881,23,22,914,
881,914,892,880,
22,21,892,914,
892,891,879,880,
891,890,878,879,
890,889,877,878,
889,888,876,877,
888,887,875,876,
884,883,916,917,
884,917,864,885,
916,863,864,917,
915,862,863,916,
916,883,882,915,
864,865,886,885,
861,862,915,8,
8,7,861,861,
915,882,9,8,
865,866,887,886,
866,867,875,887,
920,877,876,921,
920,921,869,870,
876,875,869,921,
919,878,877,920,
920,870,871,919,
875,867,868,869,
918,879,878,919,
919,871,872,918,
922,873,874,923,
923,881,880,922,
923,874,25,24,
24,23,881,923,
918,872,873,922,
922,880,879,918,
924,874,873,925,
925,858,859,924,
925,873,872,926,
925,926,857,858,
872,871,857,926,
860,28,27,927,
860,927,924,859,
27,26,924,927,
26,25,874,924,
871,870,856,857,
870,869,855,856,
869,868,854,855,
846,931,6,5,
5,4,846,846,
846,847,930,931,
847,848,929,930,
861,7,6,931,
931,930,862,861,
930,929,863,862,
928,864,863,929,
929,848,849,928,
866,865,932,933,
866,933,851,867,
932,850,851,933,
851,852,868,867,
852,853,854,868,
928,849,850,932,
932,865,864,928,
30,29,935,936,
30,936,31,31,
935,934,845,936,
860,859,934,935,
935,29,28,860,
934,859,858,937,
934,937,844,845,
858,857,844,937,
843,844,857,856,
856,855,843,843,
855,854,842,843,
854,853,841,842,
846,4,3,939,
939,938,847,846,
939,3,2,940,
939,940,835,938,
2,1,835,940,
848,847,938,941,
848,941,836,849,
938,835,836,941,
850,849,836,837,
837,851,850,850,
837,838,852,851,
838,839,853,852,
839,840,841,853,
936,845,31,31,
952,953,1817,1808,
1817,953,954,1816,
1809,1808,1817,1816,
1815,1816,954,955,
1809,1816,1818,1810,
1818,1816,1815,1814,
1811,1810,1818,1814,
1812,1811,1814,1813,
1803,1812,1813,1804,
955,956,1821,1815,
1821,956,957,1820,
1814,1815,1821,1820,
1804,1813,1819,1805,
1820,1819,1813,1814,
957,958,1823,1820,
1823,958,959,1822,
1819,1820,1823,1822,
1805,1819,1822,1806,
1806,1822,1824,1807,
1824,1822,959,960,
961,1807,1824,960,
1809,1810,1827,1826,
1827,1810,1811,1800,
1799,1826,1827,1800,
1801,1800,1811,1812,
1798,1825,1826,1799,
1809,1826,1825,1808,
1802,1801,1812,1803,
949,950,1828,1797,
1828,950,951,1825,
1798,1797,1828,1825,
1808,1825,951,952,
963,1796,1829,962,
1829,1796,1795,1807,
961,962,1829,1807,
1806,1807,1795,1794,
1805,1806,1794,1793,
1804,1805,1793,1792,
1803,1804,1792,1791,
1802,1803,1791,1790,
1798,1799,1832,1831,
1832,1799,1800,1779,
1778,1831,1832,1779,
1777,1830,1831,1778,
1798,1831,1830,1797,
1780,1779,1800,1801,
1777,1776,948,1830,
947,948,1776,1776,
1797,1830,948,949,
1781,1780,1801,1802,
1782,1781,1802,1790,
1792,1835,1836,1791,
1836,1835,1785,1784,
1790,1791,1836,1784,
1793,1834,1835,1792,
1785,1835,1834,1786,
1782,1790,1784,1783,
1794,1833,1834,1793,
1786,1834,1833,1787,
1788,1837,1838,1789,
1796,1838,1837,1795,
1789,1838,964,965,
963,964,1838,1796,
1787,1833,1837,1788,
1795,1837,1833,1794,
1789,1839,1840,1788,
1773,1840,1839,1774,
1788,1840,1841,1787,
1841,1840,1773,1772,
1786,1787,1841,1772,
968,1775,1842,967,
1842,1775,1774,1839,
966,967,1842,1839,
965,966,1839,1789,
1785,1786,1772,1771,
1784,1785,1771,1770,
1783,1784,1770,1769,
1846,1761,945,946,
944,945,1761,1761,
1762,1761,1846,1845,
1763,1762,1845,1844,
947,1776,1846,946,
1845,1846,1776,1777,
1844,1845,1777,1778,
1779,1843,1844,1778,
1763,1844,1843,1764,
1780,1781,1848,1847,
1848,1781,1782,1766,
1765,1847,1848,1766,
1767,1766,1782,1783,
1768,1767,1783,1769,
1764,1843,1847,1765,
1780,1847,1843,1779,
969,970,1851,1850,
1851,970,971,971,
1849,1850,1851,1760,
1774,1775,1850,1849,
969,1850,1775,968,
1774,1849,1852,1773,
1852,1849,1760,1759,
1772,1773,1852,1759,
1759,1758,1771,1772,
1770,1771,1758,1758,
1769,1770,1758,1757,
1768,1769,1757,1756,
944,1761,1854,943,
1853,1854,1761,1762,
943,1854,1855,942,
1855,1854,1853,835,
1,942,1855,835,
1762,1763,1856,1853,
1856,1763,1764,836,
835,1853,1856,836,
1764,1765,837,836,
1766,837,1765,1765,
838,837,1766,1767,
839,838,1767,1768,
840,839,1768,1756,
1760,1851,971,971,
182,134,135,184,
182,184,183,181,
135,136,183,184,
183,179,180,181,
174,175,179,183,
183,136,137,174,
178,133,134,182,
182,181,177,178,
181,180,176,177,
179,175,160,161,
161,162,180,179,
162,163,176,180,
173,132,133,178,
178,177,172,173,
177,176,171,172,
176,163,164,171,
170,159,160,175,
175,174,169,170,
174,137,138,169,
173,172,63,64,
64,65,132,173,
172,171,62,63,
171,164,61,62,
168,158,159,170,
170,169,167,168,
169,138,139,167,
166,157,158,168,
168,167,165,166,
167,139,140,165,
13,14,157,166,
166,165,12,13,
165,140,11,12,
194,162,161,195,
195,196,193,194,
196,153,154,193,
195,161,160,188,
188,196,195,195,
188,152,153,196,
192,163,162,194,
194,193,191,192,
193,154,155,191,
190,164,163,192,
192,191,189,190,
191,155,156,189,
190,189,59,60,
60,61,164,190,
189,156,58,59,
187,151,152,188,
188,160,159,187,
186,150,151,187,
187,159,158,186,
185,149,150,186,
186,158,157,185,
15,16,149,185,
185,157,14,15,
152,151,143,144,
144,145,153,152,
145,146,154,153,
151,150,142,143,
146,147,155,154,
150,149,141,142,
147,148,156,155,
148,57,58,156,
149,16,17,141,
231,228,222,223,
223,224,230,231,
224,147,146,230,
229,227,228,231,
231,230,229,229,
230,146,145,229,
225,226,227,229,
229,145,144,225,
210,211,222,228,
228,227,209,210,
227,226,208,209,
225,144,143,217,
217,218,226,225,
218,207,208,226,
222,211,212,219,
219,220,223,222,
221,148,147,224,
224,223,220,221,
219,212,53,54,
54,55,220,219,
221,220,55,56,
56,57,148,221,
217,143,142,215,
215,216,218,217,
216,206,207,218,
215,142,141,213,
213,214,216,215,
214,205,206,216,
19,20,205,214,
214,213,18,19,
213,141,17,18,
205,20,21,197,
197,198,206,205,
198,199,207,206,
199,200,208,207,
200,201,209,208,
204,52,53,212,
212,211,203,204,
211,210,202,203,
210,209,201,202,
200,199,126,127,
127,128,201,200,
128,129,202,201,
199,198,125,126,
129,130,203,202,
198,197,124,125,
130,131,204,203,
197,21,22,124,
131,51,52,204,
254,240,241,256,
256,255,253,254,
256,241,242,257,
256,257,252,255,
242,243,252,257,
135,134,253,255,
255,252,136,135,
251,239,240,254,
254,253,250,251,
253,134,133,250,
247,137,136,252,
252,243,244,247,
249,238,239,251,
251,250,248,249,
250,133,132,248,
249,248,66,67,
67,68,238,249,
248,132,65,66,
246,138,137,247,
247,244,245,246,
237,139,138,246,
246,245,236,237,
243,242,269,270,
243,270,268,244,
269,267,268,270,
268,262,245,244,
265,266,267,269,
269,242,241,265,
113,114,262,268,
268,267,112,113,
267,266,111,112,
265,241,240,263,
263,264,266,265,
264,110,111,266,
263,240,239,260,
260,261,264,263,
261,109,110,264,
235,236,245,262,
262,114,115,235,
260,239,238,258,
258,259,261,260,
259,108,109,261,
258,238,68,69,
69,70,259,258,
70,71,108,259,
235,115,116,232,
232,233,236,235,
233,234,237,236,
234,140,139,237,
8,9,233,232,
232,116,7,8,
10,11,140,234,
234,233,9,10,
316,317,321,323,
323,322,315,316,
301,302,322,323,
323,321,300,301,
320,314,315,322,
322,302,303,320,
321,317,47,48,
48,49,300,321,
319,313,314,320,
320,303,304,319,
318,312,313,319,
319,304,305,318,
310,311,312,318,
318,305,306,310,
326,315,314,327,
326,327,288,289,
314,313,288,327,
325,316,315,326,
326,289,290,325,
313,312,287,288,
324,317,316,325,
325,290,291,324,
312,311,286,287,
324,291,45,46,
46,47,317,324,
309,285,286,311,
311,310,308,309,
310,306,307,308,
26,27,285,309,
309,308,25,26,
308,307,24,25,
297,298,306,305,
305,304,296,297,
304,303,295,296,
298,299,307,306,
303,302,294,295,
299,23,24,307,
302,301,293,294,
301,300,292,293,
300,49,50,292,
296,295,128,127,
127,126,297,296,
126,125,298,297,
295,294,129,128,
125,124,299,298,
294,293,130,129,
124,22,23,299,
293,292,131,130,
292,50,51,131,
285,27,28,278,
278,279,286,285,
279,280,287,286,
280,281,288,287,
281,282,289,288,
282,283,290,289,
283,284,291,290,
284,44,45,291,
278,28,29,271,
271,272,279,278,
272,273,280,279,
273,274,281,280,
274,275,282,281,
275,276,283,282,
276,277,284,283,
277,43,44,284,
271,29,30,117,
117,118,272,271,
118,119,273,272,
119,120,274,273,
120,121,275,274,
121,122,276,275,
122,123,277,276,
123,42,43,277,
331,332,36,37,
37,38,330,331,
38,39,328,330,
332,329,35,36,
120,119,329,332,
332,331,121,120,
331,330,122,121,
330,328,123,122,
329,119,118,333,
333,34,35,329,
33,34,333,334,
33,334,117,32,
333,118,117,334,
117,30,31,32,
328,39,40,335,
328,335,42,123,
40,41,42,335,
372,371,83,84,
84,85,369,372,
372,369,370,373,
372,373,368,371,
370,367,368,373,
82,83,371,374,
82,374,80,81,
371,368,80,374,
376,369,85,86,
86,87,375,376,
87,88,363,375,
370,369,376,377,
370,377,366,367,
376,375,366,377,
375,363,364,366,
379,368,367,380,
380,361,362,379,
378,360,361,380,
380,367,366,378,
79,80,368,379,
379,362,78,79,
365,359,360,378,
378,366,364,365,
365,364,386,387,
365,387,358,359,
386,385,358,387,
381,382,385,386,
386,364,363,381,
384,357,358,385,
385,382,383,384,
355,356,357,384,
384,383,354,355,
381,363,88,89,
89,90,382,381,
90,91,383,382,
91,92,354,383,
359,358,349,350,
350,351,360,359,
351,352,361,360,
358,357,348,349,
352,353,362,361,
357,356,347,348,
353,77,78,362,
354,92,93,94,
94,95,354,354,
95,96,355,354,
96,97,356,355,
97,98,347,356,
391,350,349,392,
391,392,342,343,
349,348,342,392,
348,347,341,342,
390,351,350,391,
391,343,344,390,
389,352,351,390,
390,344,345,389,
347,98,99,341,
388,353,352,389,
389,345,346,388,
76,77,353,388,
388,346,75,76,
395,344,343,396,
395,396,337,338,
343,342,337,396,
342,341,336,337,
394,345,344,395,
395,338,339,394,
341,99,100,336,
393,346,345,394,
394,339,340,393,
74,75,346,393,
393,340,73,74,
111,110,424,426,
111,426,423,112,
424,425,423,426,
425,421,422,423,
424,110,109,418,
418,419,425,424,
419,420,421,425,
417,113,112,423,
423,422,416,417,
411,412,416,422,
422,421,410,411,
421,420,409,410,
427,428,108,71,
71,72,413,427,
428,418,109,108,
428,427,430,429,
429,430,414,419,
428,429,419,418,
427,413,445,430,
414,415,420,419,
415,408,409,420,
416,412,405,406,
406,407,417,416,
407,114,113,417,
445,413,340,339,
339,338,415,414,
338,337,408,415,
413,72,73,340,
431,412,411,432,
431,432,399,400,
411,410,399,432,
404,405,412,431,
431,400,401,404,
410,409,398,399,
409,408,397,398,
408,337,336,397,
439,437,438,440,
440,407,406,439,
115,114,407,440,
440,438,116,115,
435,436,437,439,
439,406,405,435,
5,6,438,437,
437,436,4,5,
6,7,116,438,
434,3,4,436,
436,435,433,434,
435,405,404,433,
403,2,3,434,
434,433,402,403,
433,404,401,402,
442,400,399,443,
442,443,102,103,
399,398,102,443,
398,397,101,102,
441,401,400,442,
442,103,104,441,
441,104,105,444,
441,444,402,401,
105,106,402,444,
106,107,403,402,
397,336,100,101,
107,1,2,403,
430,445,339,414,
1059,1107,1109,1060,
1109,1107,1106,1108,
1061,1060,1109,1108,
1104,1108,1106,1105,
1100,1099,1108,1104,
1061,1108,1099,1062,
1058,1103,1107,1059,
1106,1107,1103,1102,
1105,1106,1102,1101,
1100,1104,1086,1085,
1087,1086,1104,1105,
1088,1087,1105,1101,
1057,1098,1103,1058,
1102,1103,1098,1097,
1101,1102,1097,1096,
1088,1101,1096,1089,
1084,1095,1100,1085,
1099,1100,1095,1094,
1062,1099,1094,1063,
1097,1098,1004,1003,
1005,1004,1098,1057,
1096,1097,1003,1002,
1089,1096,1002,1001,
1083,1093,1095,1084,
1094,1095,1093,1092,
1063,1094,1092,1064,
1082,1091,1093,1083,
1092,1093,1091,1090,
1064,1092,1090,1065,
954,953,1091,1082,
1090,1091,953,952,
1065,1090,952,951,
1087,1119,1120,1086,
1121,1120,1119,1118,
1078,1121,1118,1079,
1086,1120,1113,1085,
1121,1113,1120,1120,
1077,1113,1121,1078,
1088,1117,1119,1087,
1118,1119,1117,1116,
1079,1118,1116,1080,
1089,1115,1117,1088,
1116,1117,1115,1114,
1080,1116,1114,1081,
1114,1115,1000,999,
1001,1000,1115,1089,
1081,1114,999,998,
1076,1112,1113,1077,
1085,1113,1112,1084,
1075,1111,1112,1076,
1084,1112,1111,1083,
1074,1110,1111,1075,
1083,1111,1110,1082,
956,955,1110,1074,
1082,1110,955,954,
1076,1077,1069,1068,
1070,1069,1077,1078,
1071,1070,1078,1079,
1075,1076,1068,1067,
1072,1071,1079,1080,
1074,1075,1067,1066,
1073,1072,1080,1081,
997,1073,1081,998,
956,1074,1066,957,
1153,1156,1148,1147,
1149,1148,1156,1155,
1072,1149,1155,1071,
1152,1154,1156,1153,
1155,1156,1154,1154,
1071,1155,1154,1070,
1151,1150,1154,1152,
1070,1154,1150,1069,
1136,1135,1153,1147,
1152,1153,1135,1134,
1151,1152,1134,1133,
1069,1150,1142,1068,
1143,1142,1150,1151,
1132,1143,1151,1133,
1136,1147,1144,1137,
1145,1144,1147,1148,
1073,1146,1149,1072,
1148,1149,1146,1145,
1137,1144,994,993,
995,994,1144,1145,
1145,1146,996,995,
997,996,1146,1073,
1068,1142,1140,1067,
1141,1140,1142,1143,
1131,1141,1143,1132,
1067,1140,1138,1066,
1139,1138,1140,1141,
1130,1139,1141,1131,
960,959,1139,1130,
1138,1139,959,958,
1066,1138,958,957,
960,1130,1122,961,
1123,1122,1130,1131,
1124,1123,1131,1132,
1125,1124,1132,1133,
1126,1125,1133,1134,
992,1129,1137,993,
1136,1137,1129,1128,
1135,1136,1128,1127,
1134,1135,1127,1126,
1124,1125,1052,1051,
1053,1052,1125,1126,
1054,1053,1126,1127,
1123,1124,1051,1050,
1055,1054,1127,1128,
1122,1123,1050,1049,
1056,1055,1128,1129,
961,1122,1049,962,
991,1056,1129,992,
1165,1179,1181,1166,
1180,1181,1179,1178,
1166,1181,1182,1167,
1182,1181,1180,1177,
1168,1167,1182,1177,
1059,1060,1180,1178,
1177,1180,1060,1061,
1164,1176,1179,1165,
1178,1179,1176,1175,
1059,1178,1175,1058,
1062,1172,1177,1061,
1168,1177,1172,1169,
1163,1174,1176,1164,
1175,1176,1174,1173,
1058,1175,1173,1057,
1173,1174,1007,1006,
1008,1007,1174,1163,
1057,1173,1006,1005,
1063,1171,1172,1062,
1169,1172,1171,1170,
1064,1162,1171,1063,
1170,1171,1162,1161,
1167,1168,1195,1194,
1195,1168,1169,1193,
1192,1194,1195,1193,
1187,1193,1169,1170,
1191,1190,1194,1192,
1167,1194,1190,1166,
1039,1038,1193,1187,
1192,1193,1038,1037,
1191,1192,1037,1036,
1166,1190,1188,1165,
1189,1188,1190,1191,
1035,1189,1191,1036,
1165,1188,1185,1164,
1186,1185,1188,1189,
1034,1186,1189,1035,
1161,1160,1187,1170,
1039,1187,1160,1040,
1164,1185,1183,1163,
1184,1183,1185,1186,
1033,1184,1186,1034,
1163,1183,1009,1008,
1010,1009,1183,1184,
1011,1010,1184,1033,
1040,1160,1157,1041,
1158,1157,1160,1161,
1159,1158,1161,1162,
1065,1159,1162,1064,
949,948,1157,1158,
1041,1157,948,947,
951,950,1159,1065,
1158,1159,950,949,
1242,1241,1248,1246,
1247,1248,1241,1240,
1227,1226,1248,1247,
1246,1248,1226,1225,
1239,1245,1247,1240,
1227,1247,1245,1228,
1242,1246,988,987,
989,988,1246,1225,
1238,1244,1245,1239,
1228,1245,1244,1229,
1237,1243,1244,1238,
1229,1244,1243,1230,
1236,1235,1243,1237,
1230,1243,1235,1231,
1240,1251,1252,1239,
1252,1251,1214,1213,
1238,1239,1252,1213,
1241,1250,1251,1240,
1214,1251,1250,1215,
1237,1238,1213,1212,
1242,1249,1250,1241,
1215,1250,1249,1216,
1236,1237,1212,1211,
1216,1249,986,985,
987,986,1249,1242,
1210,1234,1236,1211,
1235,1236,1234,1233,
1231,1235,1233,1232,
967,966,1234,1210,
1233,1234,966,965,
1232,1233,965,964,
1223,1222,1230,1231,
1229,1230,1222,1221,
1228,1229,1221,1220,
1224,1223,1231,1232,
1227,1228,1220,1219,
963,1224,1232,964,
1226,1227,1219,1218,
1225,1226,1218,1217,
989,1225,1217,990,
1220,1221,1052,1053,
1051,1052,1221,1222,
1050,1051,1222,1223,
1219,1220,1053,1054,
1049,1050,1223,1224,
1218,1219,1054,1055,
962,1049,1224,963,
1217,1218,1055,1056,
990,1217,1056,991,
967,1210,1203,968,
1204,1203,1210,1211,
1205,1204,1211,1212,
1206,1205,1212,1213,
1207,1206,1213,1214,
1208,1207,1214,1215,
1209,1208,1215,1216,
984,1209,1216,985,
968,1203,1196,969,
1197,1196,1203,1204,
1198,1197,1204,1205,
1199,1198,1205,1206,
1200,1199,1206,1207,
1201,1200,1207,1208,
1202,1201,1208,1209,
983,1202,1209,984,
969,1196,1042,970,
1043,1042,1196,1197,
1044,1043,1197,1198,
1045,1044,1198,1199,
1046,1045,1199,1200,
1047,1046,1200,1201,
1048,1047,1201,1202,
982,1048,1202,983,
1257,1256,977,976,
978,977,1256,1255,
979,978,1255,1253,
1254,1257,976,975,
1044,1045,1257,1254,
1256,1257,1045,1046,
1255,1256,1046,1047,
1253,1255,1047,1048,
1044,1254,1258,1043,
974,1258,1254,975,
974,973,1259,1258,
1259,973,972,1042,
1043,1258,1259,1042,
970,1042,972,971,
979,1253,1260,980,
1260,1253,1048,982,
981,980,1260,982,
1296,1297,1024,1023,
1025,1024,1297,1294,
1294,1297,1298,1295,
1298,1297,1296,1293,
1292,1295,1298,1293,
1023,1022,1299,1296,
1299,1022,1021,1020,
1293,1296,1299,1020,
1294,1301,1026,1025,
1027,1026,1301,1300,
1028,1027,1300,1288,
1294,1295,1302,1301,
1302,1295,1292,1291,
1300,1301,1302,1291,
1288,1300,1291,1289,
1293,1304,1305,1292,
1286,1305,1304,1287,
1285,1303,1305,1286,
1292,1305,1303,1291,
1020,1019,1304,1293,
1287,1304,1019,1018,
1284,1290,1303,1285,
1291,1303,1290,1289,
1289,1290,1312,1311,
1312,1290,1284,1283,
1310,1311,1312,1283,
1307,1306,1311,1310,
1289,1311,1306,1288,
1282,1309,1310,1283,
1307,1310,1309,1308,
1281,1280,1309,1282,
1308,1309,1280,1279,
1288,1306,1029,1028,
1030,1029,1306,1307,
1031,1030,1307,1308,
1032,1031,1308,1279,
1283,1284,1275,1274,
1276,1275,1284,1285,
1277,1276,1285,1286,
1282,1283,1274,1273,
1278,1277,1286,1287,
1281,1282,1273,1272,
1017,1278,1287,1018,
1032,1279,94,93,
95,94,1279,1279,
96,95,1279,1280,
97,96,1280,1281,
98,97,1281,1272,
1275,1316,1317,1274,
1317,1316,1268,1267,
1273,1274,1317,1267,
1272,1273,1267,1266,
1276,1315,1316,1275,
1268,1316,1315,1269,
1277,1314,1315,1276,
1269,1315,1314,1270,
98,1272,1266,99,
1278,1313,1314,1277,
1270,1314,1313,1271,
1017,1016,1313,1278,
1271,1313,1016,1015,
1269,1320,1321,1268,
1321,1320,1263,1262,
1267,1268,1321,1262,
1266,1267,1262,1261,
1270,1319,1320,1269,
1263,1320,1319,1264,
99,1266,1261,100,
1271,1318,1319,1270,
1264,1319,1318,1265,
1015,1014,1318,1271,
1265,1318,1014,1013,
1035,1036,1351,1349,
1351,1036,1037,1348,
1350,1349,1351,1348,
1346,1350,1348,1347,
1035,1349,1343,1034,
1344,1343,1349,1350,
1345,1344,1350,1346,
1038,1342,1348,1037,
1347,1348,1342,1341,
1337,1336,1347,1341,
1346,1347,1336,1335,
1345,1346,1335,1334,
1353,1352,1011,1033,
1012,1011,1352,1338,
1343,1353,1033,1034,
1352,1353,1354,1355,
1355,1354,1344,1339,
1354,1353,1343,1344,
1338,1352,1355,1370,
1340,1339,1344,1345,
1333,1340,1345,1334,
1337,1341,1331,1330,
1332,1331,1341,1342,
1039,1332,1342,1038,
1338,1370,1264,1265,
1263,1264,1339,1340,
1262,1263,1340,1333,
1012,1338,1265,1013,
1337,1356,1357,1336,
1357,1356,1325,1324,
1335,1336,1357,1324,
1330,1329,1356,1337,
1325,1356,1329,1326,
1334,1335,1324,1323,
1333,1334,1323,1322,
1262,1333,1322,1261,
1362,1364,1365,1363,
1332,1365,1364,1331,
1039,1040,1365,1332,
1363,1365,1040,1041,
1361,1360,1364,1362,
1331,1364,1360,1330,
946,945,1362,1363,
1361,1362,945,944,
947,946,1363,1041,
943,1359,1361,944,
1360,1361,1359,1358,
1330,1360,1358,1329,
942,1328,1359,943,
1358,1359,1328,1327,
1329,1358,1327,1326,
1325,1367,1368,1324,
1368,1367,103,102,
1323,1324,1368,102,
1322,1323,102,101,
1326,1366,1367,1325,
103,1367,1366,104,
104,1366,1369,105,
1369,1366,1326,1327,
106,105,1369,1327,
107,106,1327,1328,
1261,1322,101,100,
1,107,1328,942,
1370,1355,1339,1264,
566,567,570,571,
566,571,569,565,
570,568,569,571,
569,537,538,565,
551,552,568,570,
570,567,550,551,
564,536,537,569,
569,568,563,564,
568,552,553,563,
562,549,550,567,
567,566,561,562,
566,565,560,561,
565,538,539,560,
556,535,536,564,
564,563,555,556,
563,553,554,555,
559,548,549,562,
562,561,558,559,
561,560,557,558,
560,539,540,557,
557,540,477,478,
478,479,558,557,
559,558,479,480,
480,481,548,559,
59,58,535,556,
556,555,60,59,
555,554,61,60,
548,481,482,541,
541,542,549,548,
542,543,550,549,
543,544,551,550,
547,62,61,554,
554,553,546,547,
553,552,545,546,
552,551,544,545,
544,543,530,531,
531,532,545,544,
532,533,546,545,
543,542,529,530,
533,534,547,546,
542,541,528,529,
534,63,62,547,
541,482,483,528,
537,536,516,517,
517,518,538,537,
518,519,539,538,
536,535,515,516,
519,520,540,539,
535,58,57,515,
520,476,477,540,
531,530,523,524,
524,525,532,531,
525,526,533,532,
530,529,522,523,
526,527,534,533,
529,528,521,522,
527,64,63,534,
528,483,484,521,
582,583,601,606,
606,605,581,582,
603,604,605,606,
606,601,602,603,
600,580,581,605,
605,604,599,600,
603,602,593,594,
594,595,604,603,
595,596,599,604,
601,583,584,597,
597,598,602,601,
598,592,593,602,
591,579,580,600,
600,599,590,591,
599,596,589,590,
597,584,585,586,
586,587,598,597,
587,588,592,598,
592,588,572,573,
573,574,593,592,
574,575,594,593,
575,576,595,594,
577,578,589,596,
596,595,576,577,
68,67,590,589,
589,578,69,68,
66,65,579,591,
591,590,67,66,
586,585,485,486,
486,487,587,586,
487,488,588,587,
488,489,572,588,
524,523,583,582,
582,581,525,524,
581,580,526,525,
523,522,584,583,
580,579,527,526,
522,521,585,584,
579,65,64,527,
521,484,485,585,
575,574,504,505,
505,506,576,575,
506,507,577,576,
574,573,503,504,
507,508,578,577,
573,572,502,503,
508,70,69,578,
572,489,490,502,
644,645,647,648,
644,648,642,643,
647,646,642,648,
628,629,646,647,
647,645,627,628,
608,609,642,646,
646,629,607,608,
641,626,627,645,
645,644,640,641,
644,643,639,640,
642,609,610,636,
636,637,643,642,
637,638,639,643,
624,625,626,641,
641,640,623,624,
640,639,622,623,
639,638,621,622,
636,610,611,633,
633,634,637,636,
634,635,638,637,
635,620,621,638,
633,611,612,630,
630,631,634,633,
631,632,635,634,
632,619,620,635,
55,54,631,630,
630,612,56,55,
54,53,632,631,
53,52,619,632,
626,625,470,471,
471,472,627,626,
472,473,628,627,
629,628,473,474,
474,475,607,629,
655,656,658,659,
655,659,615,616,
658,657,615,659,
622,621,657,658,
658,656,623,622,
654,614,615,657,
657,621,620,654,
653,624,623,656,
656,655,652,653,
655,616,617,652,
649,613,614,654,
654,620,619,649,
651,625,624,653,
653,652,650,651,
652,617,618,650,
651,650,468,469,
469,470,625,651,
650,618,467,468,
51,50,613,649,
649,619,52,51,
615,614,510,511,
511,512,616,615,
512,513,617,616,
614,613,509,510,
513,514,618,617,
613,50,49,509,
514,466,467,618,
517,516,611,610,
610,609,518,517,
609,608,519,518,
516,515,612,611,
608,607,520,519,
515,57,56,612,
607,475,476,520,
690,679,680,691,
691,692,689,690,
692,693,688,689,
693,686,687,688,
692,691,694,695,
692,695,684,693,
694,683,684,695,
681,682,683,694,
694,691,680,681,
684,685,686,693,
688,687,448,449,
449,450,689,688,
451,452,679,690,
690,689,450,451,
686,685,676,677,
677,678,687,686,
678,447,448,687,
684,683,668,669,
669,670,685,684,
670,671,676,685,
683,682,667,668,
673,674,681,680,
680,679,672,673,
679,452,453,672,
674,675,682,681,
675,666,667,682,
446,447,678,696,
446,696,42,41,
678,677,42,696,
677,676,43,42,
676,671,44,43,
672,453,454,697,
672,697,456,673,
454,455,456,697,
456,457,674,673,
457,458,675,674,
458,459,666,675,
706,668,667,703,
703,704,705,706,
704,661,662,705,
700,669,668,706,
706,705,700,700,
705,662,663,700,
703,667,666,701,
701,702,704,703,
702,660,661,704,
701,666,459,460,
460,461,702,701,
461,462,660,702,
699,670,669,700,
700,663,664,699,
698,671,670,699,
699,664,665,698,
45,44,671,698,
698,665,46,45,
713,710,711,715,
715,714,712,713,
661,660,714,715,
715,711,662,661,
714,660,462,463,
463,464,712,714,
513,512,709,717,
717,716,514,513,
713,712,716,717,
717,709,710,713,
716,712,464,465,
465,466,514,716,
707,708,711,710,
710,709,707,707,
709,512,511,707,
708,663,662,711,
719,708,707,721,
721,720,718,719,
510,509,720,721,
721,707,511,510,
48,47,718,720,
720,509,49,48,
664,663,708,719,
719,718,665,664,
718,47,46,665,
82,81,728,730,
82,730,741,83,
728,493,730,730,
741,729,84,83,
85,84,729,731,
85,731,495,86,
729,494,731,731,
728,81,733,732,
732,733,727,492,
728,732,492,493,
81,80,742,733,
78,77,725,726,
726,79,78,78,
726,742,80,79,
77,76,724,725,
76,75,723,724,
75,74,722,723,
735,726,725,736,
735,736,504,503,
725,724,504,736,
724,723,505,504,
734,727,726,735,
735,503,502,734,
723,722,506,505,
734,502,490,491,
491,492,727,734,
722,74,73,507,
507,506,722,722,
73,72,508,507,
72,71,70,508,
90,89,738,739,
90,739,498,91,
738,497,739,739,
737,496,497,738,
738,89,88,737,
498,499,92,91,
737,88,87,740,
737,740,496,496,
87,86,495,740,
92,499,500,501,
501,93,92,92,
729,741,494,494,
733,742,726,727,
493,494,730,730,
494,495,731,731,
497,498,739,739,
740,495,496,496,
741,730,494,494,
500,499,791,790,
499,498,792,791,
498,497,793,792,
497,496,794,793,
496,495,795,794,
495,494,796,795,
494,493,797,796,
493,492,798,797,
492,491,799,798,
491,490,800,799,
490,489,801,800,
489,488,802,801,
488,487,803,802,
487,486,804,803,
486,485,805,804,
485,484,806,805,
484,483,807,806,
483,482,808,807,
482,481,809,808,
481,480,810,809,
480,479,811,810,
479,478,812,811,
478,477,813,812,
477,476,814,813,
476,475,815,814,
475,474,816,815,
474,473,817,816,
473,472,818,817,
472,471,819,818,
471,470,820,819,
470,469,821,820,
469,468,822,821,
468,467,823,822,
467,466,824,823,
466,465,825,824,
465,464,826,825,
464,463,827,826,
463,462,828,827,
462,461,829,828,
461,460,830,829,
460,459,831,830,
459,458,832,831,
458,457,833,832,
457,456,834,833,
456,455,743,834,
790,791,788,789,
791,792,787,788,
792,793,786,787,
793,794,785,786,
794,795,784,785,
795,796,783,784,
796,797,782,783,
797,798,781,782,
798,799,780,781,
799,800,779,780,
800,801,778,779,
801,802,777,778,
802,803,776,777,
803,804,775,776,
804,805,774,775,
805,806,773,774,
806,807,772,773,
807,808,771,772,
808,809,770,771,
809,810,769,770,
810,811,768,769,
811,812,767,768,
812,813,766,767,
813,814,765,766,
814,815,764,765,
815,816,763,764,
816,817,762,763,
817,818,761,762,
818,819,760,761,
819,820,759,760,
820,821,758,759,
821,822,757,758,
822,823,756,757,
823,824,755,756,
824,825,754,755,
825,826,753,754,
826,827,752,753,
827,828,751,752,
828,829,750,751,
829,830,749,750,
830,831,748,749,
831,832,747,748,
832,833,746,747,
833,834,745,746,
834,743,744,745,
1490,1489,1494,1493,
1494,1489,1488,1492,
1491,1493,1494,1492,
1460,1492,1488,1461,
1475,1474,1493,1491,
1490,1493,1474,1473,
1459,1487,1492,1460,
1491,1492,1487,1486,
1475,1491,1486,1476,
1472,1485,1490,1473,
1489,1490,1485,1484,
1488,1489,1484,1483,
1461,1488,1483,1462,
1458,1479,1487,1459,
1486,1487,1479,1478,
1476,1486,1478,1477,
1471,1482,1485,1472,
1484,1485,1482,1481,
1483,1484,1481,1480,
1462,1483,1480,1463,
1463,1480,1403,1402,
1404,1403,1480,1481,
1481,1482,1405,1404,
1406,1405,1482,1471,
998,999,1479,1458,
1478,1479,999,1000,
1477,1478,1000,1001,
1406,1471,1464,1407,
1465,1464,1471,1472,
1466,1465,1472,1473,
1467,1466,1473,1474,
1002,1470,1477,1001,
1476,1477,1470,1469,
1475,1476,1469,1468,
1474,1475,1468,1467,
1466,1467,1454,1453,
1455,1454,1467,1468,
1456,1455,1468,1469,
1465,1466,1453,1452,
1457,1456,1469,1470,
1464,1465,1452,1451,
1003,1457,1470,1002,
1407,1464,1451,1408,
1459,1460,1440,1439,
1441,1440,1460,1461,
1442,1441,1461,1462,
1458,1459,1439,1438,
1443,1442,1462,1463,
998,1458,1438,997,
1401,1443,1463,1402,
1453,1454,1447,1446,
1448,1447,1454,1455,
1449,1448,1455,1456,
1452,1453,1446,1445,
1450,1449,1456,1457,
1451,1452,1445,1444,
1004,1450,1457,1003,
1408,1451,1444,1409,
1506,1505,1529,1524,
1528,1529,1505,1504,
1527,1526,1529,1528,
1524,1529,1526,1525,
1503,1523,1528,1504,
1527,1528,1523,1522,
1525,1526,1517,1516,
1518,1517,1526,1527,
1519,1518,1527,1522,
1506,1524,1520,1507,
1521,1520,1524,1525,
1515,1521,1525,1516,
1502,1514,1523,1503,
1522,1523,1514,1513,
1519,1522,1513,1512,
1507,1520,1509,1508,
1510,1509,1520,1521,
1511,1510,1521,1515,
1511,1515,1496,1495,
1497,1496,1515,1516,
1498,1497,1516,1517,
1499,1498,1517,1518,
1501,1500,1519,1512,
1518,1519,1500,1499,
1007,1008,1512,1513,
1501,1512,1008,1009,
1005,1006,1514,1502,
1513,1514,1006,1007,
1508,1509,1411,1410,
1412,1411,1509,1510,
1413,1412,1510,1511,
1414,1413,1511,1495,
1446,1447,1505,1506,
1504,1505,1447,1448,
1503,1504,1448,1449,
1445,1446,1506,1507,
1502,1503,1449,1450,
1444,1445,1507,1508,
1005,1502,1450,1004,
1409,1444,1508,1410,
1497,1498,1428,1427,
1429,1428,1498,1499,
1430,1429,1499,1500,
1496,1497,1427,1426,
1431,1430,1500,1501,
1495,1496,1426,1425,
1010,1431,1501,1009,
1414,1495,1425,1415,
1568,1567,1571,1570,
1571,1567,1566,1565,
1569,1570,1571,1565,
1552,1551,1570,1569,
1568,1570,1551,1550,
1532,1531,1569,1565,
1552,1569,1531,1530,
1549,1564,1568,1550,
1567,1568,1564,1563,
1566,1567,1563,1562,
1532,1565,1559,1533,
1560,1559,1565,1566,
1561,1560,1566,1562,
1548,1547,1564,1549,
1563,1564,1547,1546,
1562,1563,1546,1545,
1561,1562,1545,1544,
1533,1559,1556,1534,
1557,1556,1559,1560,
1558,1557,1560,1561,
1543,1558,1561,1544,
1534,1556,1553,1535,
1554,1553,1556,1557,
1555,1554,1557,1558,
1542,1555,1558,1543,
994,995,1553,1554,
1535,1553,995,996,
993,994,1554,1555,
992,993,1555,1542,
1548,1549,1396,1395,
1397,1396,1549,1550,
1398,1397,1550,1551,
1551,1552,1399,1398,
1400,1399,1552,1530,
1579,1578,1582,1581,
1582,1578,1539,1538,
1580,1581,1582,1538,
1544,1545,1581,1580,
1579,1581,1545,1546,
1537,1577,1580,1538,
1544,1580,1577,1543,
1547,1576,1579,1546,
1578,1579,1576,1575,
1539,1578,1575,1540,
1536,1572,1577,1537,
1543,1577,1572,1542,
1548,1574,1576,1547,
1575,1576,1574,1573,
1540,1575,1573,1541,
1573,1574,1394,1393,
1395,1394,1574,1548,
1541,1573,1393,1392,
990,991,1572,1536,
1542,1572,991,992,
1537,1538,1434,1433,
1435,1434,1538,1539,
1436,1435,1539,1540,
1536,1537,1433,1432,
1437,1436,1540,1541,
990,1536,1432,989,
1391,1437,1541,1392,
1439,1440,1533,1534,
1532,1533,1440,1441,
1531,1532,1441,1442,
1438,1439,1534,1535,
1530,1531,1442,1443,
997,1438,1535,996,
1400,1530,1443,1401,
1602,1613,1614,1603,
1615,1614,1613,1612,
1616,1615,1612,1611,
1609,1616,1611,1610,
1614,1615,1618,1617,
1618,1615,1616,1607,
1606,1617,1618,1607,
1605,1604,1617,1606,
1614,1617,1604,1603,
1608,1607,1616,1609,
1610,1611,1374,1373,
1375,1374,1611,1612,
1377,1376,1613,1602,
1612,1613,1376,1375,
1608,1609,1600,1599,
1601,1600,1609,1610,
1372,1601,1610,1373,
1606,1607,1592,1591,
1593,1592,1607,1608,
1594,1593,1608,1599,
1605,1606,1591,1590,
1597,1596,1603,1604,
1602,1603,1596,1595,
1377,1602,1595,1378,
1598,1597,1604,1605,
1589,1598,1605,1590,
1372,1371,1619,1601,
1619,1371,981,982,
1600,1601,1619,982,
1599,1600,982,983,
1594,1599,983,984,
1378,1595,1620,1379,
1620,1595,1596,1381,
1380,1379,1620,1381,
1382,1381,1596,1597,
1383,1382,1597,1598,
1384,1383,1598,1589,
1591,1629,1626,1590,
1627,1626,1629,1628,
1584,1627,1628,1585,
1592,1623,1629,1591,
1628,1629,1623,1623,
1585,1628,1623,1586,
1590,1626,1624,1589,
1625,1624,1626,1627,
1583,1625,1627,1584,
1589,1624,1385,1384,
1386,1385,1624,1625,
1387,1386,1625,1583,
1593,1622,1623,1592,
1586,1623,1622,1587,
1594,1621,1622,1593,
1587,1622,1621,1588,
984,985,1621,1594,
1588,1621,985,986,
1633,1636,1638,1634,
1637,1638,1636,1635,
1583,1584,1638,1637,
1634,1638,1584,1585,
1583,1637,1388,1387,
1389,1388,1637,1635,
1435,1436,1640,1632,
1639,1640,1436,1437,
1635,1636,1640,1639,
1632,1640,1636,1633,
1635,1639,1390,1389,
1391,1390,1639,1437,
1631,1630,1633,1634,
1632,1633,1630,1630,
1435,1632,1630,1434,
1586,1631,1634,1585,
1631,1642,1644,1630,
1643,1644,1642,1641,
1432,1433,1644,1643,
1630,1644,1433,1434,
987,988,1643,1641,
1432,1643,988,989,
1586,1587,1642,1631,
1641,1642,1587,1588,
987,1641,1588,986,
1021,1022,1653,1651,
1653,1022,1023,1664,
1418,1651,1653,1653,
1652,1664,1023,1024,
1024,1025,1654,1652,
1654,1025,1026,1420,
1419,1652,1654,1654,
1021,1651,1655,1656,
1656,1655,1417,1650,
1655,1651,1418,1417,
1020,1021,1656,1665,
1017,1018,1649,1648,
1019,1649,1018,1018,
1665,1649,1019,1020,
1016,1017,1648,1647,
1015,1016,1647,1646,
1014,1015,1646,1645,
1649,1658,1659,1648,
1659,1658,1426,1427,
1647,1648,1659,1427,
1646,1647,1427,1428,
1650,1657,1658,1649,
1426,1658,1657,1425,
1645,1646,1428,1429,
1425,1657,1416,1415,
1417,1416,1657,1650,
1014,1645,1430,1013,
1429,1430,1645,1645,
1012,1013,1430,1431,
1011,1012,1431,1010,
1029,1030,1662,1661,
1662,1030,1031,1423,
1422,1661,1662,1662,
1421,1660,1661,1422,
1029,1661,1660,1028,
1424,1423,1031,1032,
1028,1660,1663,1027,
1663,1660,1421,1421,
1026,1027,1663,1420,
1424,1032,501,500,
93,501,1032,1032,
1664,1652,1419,1419,
1665,1656,1650,1649,
1419,1418,1653,1653,
1420,1419,1654,1654,
1423,1422,1662,1662,
1420,1663,1421,1421,
1653,1664,1419,1419,
1424,500,790,1712,
1423,1424,1712,1713,
1422,1423,1713,1714,
1421,1422,1714,1715,
1420,1421,1715,1716,
1419,1420,1716,1717,
1418,1419,1717,1718,
1417,1418,1718,1719,
1416,1417,1719,1720,
1415,1416,1720,1721,
1414,1415,1721,1722,
1413,1414,1722,1723,
1412,1413,1723,1724,
1411,1412,1724,1725,
1410,1411,1725,1726,
1409,1410,1726,1727,
1408,1409,1727,1728,
1407,1408,1728,1729,
1406,1407,1729,1730,
1405,1406,1730,1731,
1404,1405,1731,1732,
1403,1404,1732,1733,
1402,1403,1733,1734,
1401,1402,1734,1735,
1400,1401,1735,1736,
1399,1400,1736,1737,
1398,1399,1737,1738,
1397,1398,1738,1739,
1396,1397,1739,1740,
1395,1396,1740,1741,
1394,1395,1741,1742,
1393,1394,1742,1743,
1392,1393,1743,1744,
1391,1392,1744,1745,
1390,1391,1745,1746,
1389,1390,1746,1747,
1388,1389,1747,1748,
1387,1388,1748,1749,
1386,1387,1749,1750,
1385,1386,1750,1751,
1384,1385,1751,1752,
1383,1384,1752,1753,
1382,1383,1753,1754,
1381,1382,1754,1755,
1380,1381,1755,1666,
1712,790,789,1711,
1713,1712,1711,1710,
1714,1713,1710,1709,
1715,1714,1709,1708,
1716,1715,1708,1707,
1717,1716,1707,1706,
1718,1717,1706,1705,
1719,1718,1705,1704,
1720,1719,1704,1703,
1721,1720,1703,1702,
1722,1721,1702,1701,
1723,1722,1701,1700,
1724,1723,1700,1699,
1725,1724,1699,1698,
1726,1725,1698,1697,
1727,1726,1697,1696,
1728,1727,1696,1695,
1729,1728,1695,1694,
1730,1729,1694,1693,
1731,1730,1693,1692,
1732,1731,1692,1691,
1733,1732,1691,1690,
1734,1733,1690,1689,
1735,1734,1689,1688,
1736,1735,1688,1687,
1737,1736,1687,1686,
1738,1737,1686,1685,
1739,1738,1685,1684,
1740,1739,1684,1683,
1741,1740,1683,1682,
1742,1741,1682,1681,
1743,1742,1681,1680,
1744,1743,1680,1679,
1745,1744,1679,1678,
1746,1745,1678,1677,
1747,1746,1677,1676,
1748,1747,1676,1675,
1749,1748,1675,1674,
1750,1749,1674,1673,
1751,1750,1673,1672,
1752,1751,1672,1671,
1753,1752,1671,1670,
1754,1753,1670,1669,
1755,1754,1669,1668,
1666,1755,1668,1667,
0.000000000 ,25.400000000 ,
1.329333400 ,25.365190000 ,
2.655023200 ,25.260856000 ,
3.973435500 ,25.087283000 ,
5.280957300 ,24.844949000 ,
6.574004100 ,24.534516000 ,
7.849031300 ,24.156836000 ,
9.102545600 ,23.712943000 ,
10.331111000 ,23.204055000 ,
11.531359000 ,22.631565000 ,
12.700000000 ,21.997045000 ,
13.833832000 ,21.302232000 ,
14.929746000 ,20.549032000 ,
15.984738000 ,19.739507000 ,
16.995918000 ,18.875879000 ,
17.960512000 ,17.960512000 ,
18.875879000 ,16.995918000 ,
19.739508000 ,15.984738000 ,
20.549031000 ,14.929745000 ,
21.302232000 ,13.833831000 ,
21.997045000 ,12.700000000 ,
22.631565000 ,11.531359000 ,
23.204055000 ,10.331111000 ,
23.712942000 ,9.102545800 ,
24.156836000 ,7.849031700 ,
24.534516000 ,6.574003700 ,
24.844949000 ,5.280957000 ,
25.087284000 ,3.973435500 ,
25.260856000 ,2.655023000 ,
25.365190000 ,1.329333400 ,
25.400000000 ,0.000000000 ,
26.329280000 ,0.000000000 ,
27.434385000 ,-0.000000394 ,
28.748585000 ,-0.000000416 ,
30.311441000 ,0.000000000 ,
32.170000000 ,0.000000000 ,
34.028560000 ,0.000000000 ,
35.591415000 ,-0.000000383 ,
36.905615000 ,-0.000000405 ,
38.010720000 ,0.000000000 ,
38.940000000 ,0.000000000 ,
38.894716000 ,1.877407700 ,
38.759180000 ,3.748277400 ,
38.534332000 ,5.606146100 ,
38.221722000 ,7.444699800 ,
37.823483000 ,9.257846400 ,
37.342294000 ,11.039777000 ,
36.781336000 ,12.785026000 ,
36.144243000 ,14.488522000 ,
35.435042000 ,16.145631000 ,
34.658093000 ,17.752187000 ,
33.818032000 ,19.304516000 ,
32.919695000 ,20.799453000 ,
31.968071000 ,22.234344000 ,
30.968226000 ,23.607045000 ,
29.925258000 ,24.915909000 ,
28.844234000 ,26.159773000 ,
27.730148000 ,27.337931000 ,
26.587874000 ,28.450106000 ,
25.422132000 ,29.496421000 ,
24.237450000 ,30.477363000 ,
23.038146000 ,31.393748000 ,
21.828304000 ,32.246686000 ,
20.611756000 ,33.037540000 ,
19.392080000 ,33.767896000 ,
18.172585000 ,34.439523000 ,
16.956316000 ,35.054343000 ,
15.746052000 ,35.614400000 ,
14.544312000 ,36.121830000 ,
13.353364000 ,36.578836000 ,
12.175234000 ,36.987664000 ,
12.175233000 ,38.247619000 ,
12.175233000 ,39.507573000 ,
12.175234000 ,40.767528000 ,
12.175233000 ,42.027483000 ,
12.175233000 ,43.287437000 ,
12.175234000 ,44.547392000 ,
12.175234000 ,45.807346000 ,
12.175233000 ,47.067301000 ,
12.175234000 ,48.327256000 ,
12.175234000 ,49.587210000 ,
11.637750000 ,49.716100000 ,
11.041446000 ,49.851924000 ,
10.379761000 ,49.993883000 ,
9.645409600 ,50.140740000 ,
8.830324400 ,50.290687000 ,
7.925588800 ,50.441181000 ,
6.921386400 ,50.588755000 ,
5.806964200 ,50.728759000 ,
4.570623400 ,50.855060000 ,
3.199746600 ,50.959684000 ,
1.680896600 ,51.032366000 ,
0.000000000 ,51.060041000 ,
0.000000000 ,50.093160000 ,
0.000000000 ,48.961976000 ,
0.000000000 ,47.638570000 ,
0.000000000 ,46.090276000 ,
0.000000000 ,44.278879000 ,
0.000000000 ,42.159670000 ,
0.000000406 ,39.680342000 ,
0.000000000 ,36.779699000 ,
0.000000000 ,34.300371000 ,
0.000000428 ,32.181162000 ,
0.000000000 ,30.369765000 ,
0.000000000 ,28.821471000 ,
0.000000000 ,27.498064000 ,
0.000000000 ,26.366881000 ,
11.793670000 ,35.665823000 ,
11.364808000 ,34.428674000 ,
11.008282000 ,33.248795000 ,
10.651047000 ,32.093419000 ,
10.135951000 ,31.005174000 ,
9.732762500 ,29.528014000 ,
9.233931800 ,28.071344000 ,
8.740270000 ,26.672942000 ,
8.282776200 ,25.381223000 ,
26.954192000 ,1.392830400 ,
28.572544000 ,1.969964600 ,
30.159305000 ,2.261432500 ,
31.821244000 ,2.439405100 ,
33.509858000 ,2.508244400 ,
35.202678000 ,2.503127500 ,
36.924212000 ,2.349316600 ,
23.756517000 ,12.116595000 ,
24.943191000 ,12.737406000 ,
26.177811000 ,13.377483000 ,
27.471233000 ,14.054070000 ,
28.801521000 ,14.734380000 ,
30.189403000 ,15.445508000 ,
31.618811000 ,16.169411000 ,
33.110531000 ,16.940134000 ,
18.649773000 ,32.560410000 ,
17.919138000 ,31.401144000 ,
17.202398000 ,30.374406000 ,
16.564979000 ,29.347905000 ,
16.059368000 ,28.243892000 ,
15.399650000 ,26.849355000 ,
14.691659000 ,25.556654000 ,
14.004208000 ,24.283472000 ,
13.334001000 ,23.116103000 ,
19.863840000 ,17.868554000 ,
20.912112000 ,18.787183000 ,
22.038009000 ,19.761766000 ,
23.227860000 ,20.768618000 ,
24.442761000 ,21.796122000 ,
25.453958000 ,22.869117000 ,
26.523341000 ,23.930451000 ,
27.658456000 ,25.019566000 ,
18.903701000 ,18.893074000 ,
19.912293000 ,19.888316000 ,
20.993444000 ,20.934112000 ,
22.161012000 ,22.023342000 ,
23.333058000 ,22.945505000 ,
24.413007000 ,23.952654000 ,
25.485974000 ,25.025415000 ,
26.590998000 ,26.150917000 ,
16.810687000 ,20.771187000 ,
17.687042000 ,21.883119000 ,
18.613670000 ,23.058424000 ,
19.565174000 ,24.349721000 ,
20.364472000 ,25.607992000 ,
21.272357000 ,26.823455000 ,
22.238230000 ,27.993266000 ,
23.229525000 ,29.216350000 ,
14.529033000 ,22.391095000 ,
15.688467000 ,21.619751000 ,
15.258074000 ,23.565476000 ,
16.489956000 ,22.744651000 ,
16.026359000 ,24.789992000 ,
17.328644000 ,23.975281000 ,
22.071282000 ,30.130171000 ,
20.917473000 ,31.013207000 ,
19.785630000 ,31.812154000 ,
16.820440000 ,26.170685000 ,
18.199646000 ,25.246222000 ,
21.100248000 ,28.939727000 ,
19.990180000 ,29.827366000 ,
18.958050000 ,30.693107000 ,
19.085047000 ,26.597703000 ,
20.109395000 ,27.753583000 ,
18.979528000 ,28.757451000 ,
18.153787000 ,29.654072000 ,
17.683968000 ,27.703954000 ,
17.459626000 ,28.930864000 ,
17.887256000 ,19.869364000 ,
18.839328000 ,20.924679000 ,
19.884020000 ,22.095040000 ,
21.093829000 ,23.436434000 ,
25.494240000 ,27.229369000 ,
24.374339000 ,28.243225000 ,
24.428931000 ,26.067047000 ,
23.355294000 ,27.053941000 ,
23.387998000 ,24.984822000 ,
22.387289000 ,25.888996000 ,
21.542747000 ,24.745393000 ,
22.337085000 ,24.023827000 ,
23.097677000 ,13.335430000 ,
24.255018000 ,13.999633000 ,
25.477268000 ,14.698114000 ,
26.747928000 ,15.408974000 ,
28.078883000 ,16.140692000 ,
29.443128000 ,16.869425000 ,
30.856360000 ,17.635817000 ,
32.309418000 ,18.441930000 ,
22.377772000 ,14.521132000 ,
23.518210000 ,15.245784000 ,
24.717609000 ,15.995673000 ,
25.990052000 ,16.771052000 ,
27.311468000 ,17.538775000 ,
28.671104000 ,18.280088000 ,
30.046887000 ,19.055876000 ,
31.462116000 ,19.896775000 ,
20.761992000 ,16.792775000 ,
21.601894000 ,15.676903000 ,
21.852744000 ,17.648791000 ,
22.715681000 ,16.461243000 ,
23.017398000 ,18.548369000 ,
23.907812000 ,17.286125000 ,
30.570588000 ,21.289064000 ,
29.645888000 ,22.606693000 ,
28.681778000 ,23.838659000 ,
29.215069000 ,20.422629000 ,
28.366021000 ,21.694224000 ,
27.504001000 ,22.815876000 ,
24.295654000 ,19.514558000 ,
25.174656000 ,18.134372000 ,
26.531890000 ,18.982777000 ,
27.877384000 ,19.652925000 ,
25.761963000 ,20.604118000 ,
26.455462000 ,21.805253000 ,
27.113493000 ,20.938065000 ,
9.589447400 ,24.904413000 ,
10.864761000 ,24.371480000 ,
12.114839000 ,23.763750000 ,
10.110622000 ,26.185211000 ,
11.435213000 ,25.588005000 ,
12.724321000 ,24.978200000 ,
15.229308000 ,34.365976000 ,
14.715246000 ,33.205480000 ,
14.235836000 ,32.073959000 ,
13.795224000 ,31.090131000 ,
13.469951000 ,30.128923000 ,
13.282475000 ,29.226497000 ,
12.681430000 ,28.158064000 ,
12.035559000 ,26.894618000 ,
13.368944000 ,26.220500000 ,
14.008726000 ,27.572730000 ,
17.513069000 ,33.215629000 ,
16.369844000 ,33.834831000 ,
16.851060000 ,32.085970000 ,
15.794206000 ,32.658000000 ,
14.630741000 ,28.954358000 ,
16.204142000 ,30.983110000 ,
15.224330000 ,31.612089000 ,
15.513888000 ,30.008491000 ,
14.704162000 ,30.619098000 ,
14.254169000 ,29.934271000 ,
14.081685000 ,34.863436000 ,
12.930952000 ,35.279970000 ,
13.624611000 ,33.642789000 ,
12.511809000 ,34.074884000 ,
10.689461000 ,27.534007000 ,
13.192274000 ,32.525277000 ,
12.111650000 ,32.870042000 ,
12.818159000 ,31.413955000 ,
11.755456000 ,31.752886000 ,
11.446635000 ,30.535408000 ,
11.384010000 ,29.082046000 ,
12.523619000 ,30.434306000 ,
12.399766000 ,29.542501000 ,
26.768476000 ,2.901683700 ,
28.325736000 ,3.266627600 ,
29.936437000 ,3.586997700 ,
31.603869000 ,3.801742600 ,
33.325606000 ,3.919397700 ,
35.058004000 ,3.940715400 ,
36.852200000 ,3.899165300 ,
26.529978000 ,4.290450300 ,
28.050469000 ,4.660669100 ,
29.648481000 ,5.011980100 ,
31.369163000 ,5.341882900 ,
33.121845000 ,5.418711600 ,
34.878346000 ,5.501219100 ,
36.663669000 ,5.554645200 ,
26.229130000 ,5.659237200 ,
27.689408000 ,6.064340000 ,
29.276855000 ,6.544480700 ,
31.089473000 ,7.117805300 ,
32.954915000 ,7.004876300 ,
34.660475000 ,7.077716300 ,
36.406899000 ,7.251561700 ,
33.850488000 ,15.390364000 ,
32.337321000 ,14.683347000 ,
30.880996000 ,13.991972000 ,
29.493825000 ,13.338234000 ,
28.143128000 ,12.676556000 ,
26.842586000 ,12.055451000 ,
25.574158000 ,11.443925000 ,
24.362457000 ,10.875734000 ,
34.530040000 ,13.813256000 ,
32.987057000 ,13.162890000 ,
31.530601000 ,12.552718000 ,
30.132388000 ,11.922546000 ,
28.794640000 ,11.315465000 ,
27.461059000 ,10.701298000 ,
26.167166000 ,10.142978000 ,
24.909748000 ,9.602877600 ,
25.408035000 ,8.315123200 ,
25.846970000 ,6.993660400 ,
26.712712000 ,8.804264900 ,
27.231549000 ,7.460735200 ,
28.666028000 ,7.961306600 ,
30.125040000 ,8.573815600 ,
31.302211000 ,9.252418600 ,
32.604212000 ,9.724402500 ,
34.059056000 ,10.127744000 ,
35.653891000 ,10.574821000 ,
28.069864000 ,9.356283800 ,
29.423745000 ,9.928432500 ,
30.745730000 ,10.561032000 ,
35.131107000 ,12.198150000 ,
32.104481000 ,11.101694000 ,
33.573973000 ,11.654549000 ,
36.075376000 ,8.918245500 ,
34.435219000 ,8.632089900 ,
32.932571000 ,8.379042400 ,
31.779520000 ,8.258795800 ,
36.758159000 ,1.141648300 ,
30.331585000 ,1.100882800 ,
35.314241000 ,1.211982500 ,
33.715334000 ,1.226117500 ,
32.005934000 ,1.184032700 ,
28.847025000 ,0.958488900 ,
27.745517000 ,0.783641400 ,
37.887296000 ,1.005113300 ,
2.480065900 ,39.790114000 ,
5.110797900 ,40.018539000 ,
7.237373800 ,39.270315000 ,
9.164070100 ,38.867370000 ,
10.770482000 ,39.319164000 ,
2.279828200 ,42.184319000 ,
4.667529700 ,42.544285000 ,
6.391063500 ,42.321583000 ,
7.852862300 ,42.156206000 ,
9.288779700 ,42.025038000 ,
10.747875000 ,42.018186000 ,
1.997537500 ,44.262023000 ,
3.905409200 ,44.477553000 ,
5.407025900 ,44.889087000 ,
6.758276600 ,44.832118000 ,
8.107412900 ,44.741878000 ,
9.446092800 ,44.639896000 ,
10.809226000 ,44.590611000 ,
1.264923800 ,49.457501000 ,
1.576631900 ,47.767220000 ,
1.785305300 ,46.088425000 ,
3.577277800 ,46.252720000 ,
5.347638100 ,46.540888000 ,
6.855920100 ,46.174416000 ,
8.189105600 ,45.992473000 ,
9.506916900 ,45.899465000 ,
10.825236000 ,45.838905000 ,
6.970003800 ,49.486713000 ,
7.107832800 ,48.392833000 ,
7.098595100 ,47.278589000 ,
8.384209900 ,48.435674000 ,
9.556971200 ,48.184172000 ,
10.725601000 ,48.315457000 ,
9.577971900 ,49.485718000 ,
9.560112800 ,48.863590000 ,
10.900129000 ,49.153130000 ,
10.259283000 ,49.368656000 ,
10.183599000 ,48.855905000 ,
11.570750000 ,49.064551000 ,
8.032363300 ,49.484483000 ,
8.841390300 ,49.549826000 ,
8.931412000 ,48.958735000 ,
8.309719900 ,47.210359000 ,
10.820119000 ,47.082283000 ,
9.544740900 ,47.083462000 ,
5.827100500 ,49.506188000 ,
4.561027800 ,49.459812000 ,
3.070291400 ,49.440578000 ,
3.249092300 ,47.872767000 ,
4.783973600 ,48.058572000 ,
5.961163100 ,48.326915000 ,
6.141673100 ,47.394454000 ,
10.773735000 ,43.310600000 ,
9.387489300 ,43.369329000 ,
7.998996500 ,43.449675000 ,
6.695029700 ,43.579587000 ,
5.579855400 ,43.659000000 ,
10.717155000 ,40.665545000 ,
9.230481900 ,40.603162000 ,
7.659436800 ,40.754832000 ,
6.410070500 ,41.051149000 ,
2.480286000 ,37.247030000 ,
2.635593600 ,34.942373000 ,
3.164579600 ,32.889811000 ,
2.631398700 ,31.266232000 ,
2.170755100 ,29.768998000 ,
1.516191900 ,28.182132000 ,
1.421771500 ,26.617101000 ,
3.504928800 ,29.403200000 ,
4.861655100 ,29.128774000 ,
6.311109400 ,28.852528000 ,
7.764854700 ,28.506976000 ,
4.855123600 ,37.494115000 ,
4.827212400 ,35.315277000 ,
5.048050100 ,33.434779000 ,
5.273578800 ,31.933159000 ,
5.167897900 ,30.537878000 ,
10.953276000 ,38.150306000 ,
8.709945900 ,37.212259000 ,
6.887619400 ,37.328514000 ,
6.618921900 ,30.330076000 ,
8.214151200 ,30.047356000 ,
10.196943000 ,34.842269000 ,
8.799037100 ,35.415716000 ,
6.868289300 ,35.431937000 ,
6.811724300 ,33.577496000 ,
6.873341200 ,31.914484000 ,
8.688517500 ,31.787729000 ,
9.861161700 ,33.512090000 ,
8.569061600 ,33.594784000 ,
9.749844800 ,32.484205000 ,
10.927557000 ,37.058345000 ,
10.657332000 ,35.898745000 ,
9.799388900 ,36.172011000 ,
9.832182200 ,37.087907000 ,
3.830784300 ,30.768889000 ,
4.113041800 ,31.861164000 ,
3.092902700 ,27.966629000 ,
2.857274500 ,26.550895000 ,
4.545026200 ,27.723415000 ,
4.238499300 ,26.367435000 ,
5.607623600 ,26.107813000 ,
6.949941000 ,25.777859000 ,
5.941730100 ,27.443403000 ,
7.355090000 ,27.103149000 ,
1.088752900 ,30.213811000 ,
1.294057300 ,31.653629000 ,
1.496483100 ,32.946246000 ,
0.862415300 ,29.073929000 ,
10.015990000 ,38.073191000 ,
39.817462000 ,0.000000000 ,
40.860947000 ,0.000000000 ,
42.101865000 ,0.000000000 ,
43.577575000 ,0.000000000 ,
45.332500000 ,0.000000000 ,
47.087425000 ,0.000000000 ,
48.563134000 ,0.000000000 ,
49.804053000 ,0.000000000 ,
50.847538000 ,0.000000000 ,
51.725000000 ,0.000000000 ,
51.693491000 ,1.805176500 ,
51.599000000 ,3.608153500 ,
51.441645000 ,5.406734900 ,
51.221615000 ,7.198728500 ,
50.939181000 ,8.981952300 ,
50.594685000 ,10.754232000 ,
50.188547000 ,12.513410000 ,
49.721261000 ,14.257342000 ,
49.193398000 ,15.983904000 ,
48.605601000 ,17.690992000 ,
47.958585000 ,19.376526000 ,
47.253139000 ,21.038453000 ,
46.490122000 ,22.674747000 ,
45.670464000 ,24.283417000 ,
44.795164000 ,25.862500000 ,
43.865288000 ,27.410074000 ,
42.881969000 ,28.924253000 ,
41.846404000 ,30.403192000 ,
40.759856000 ,31.845090000 ,
39.623649000 ,33.248189000 ,
38.439166000 ,34.610781000 ,
37.207851000 ,35.931204000 ,
35.931204000 ,37.207851000 ,
34.610780000 ,38.439166000 ,
33.248189000 ,39.623649000 ,
31.845090000 ,40.759856000 ,
30.403192000 ,41.846404000 ,
28.924252000 ,42.881968000 ,
27.410074000 ,43.865288000 ,
25.862500000 ,44.795164000 ,
24.283417000 ,45.670464000 ,
22.674747000 ,46.490122000 ,
21.038453000 ,47.253139000 ,
19.376526000 ,47.958585000 ,
17.690992000 ,48.605601000 ,
15.983904000 ,49.193398000 ,
14.257342000 ,49.721261000 ,
12.513410000 ,50.188546000 ,
10.754232000 ,50.594684000 ,
8.981952000 ,50.939181000 ,
7.198728700 ,51.221616000 ,
5.406735200 ,51.441645000 ,
3.608154000 ,51.599001000 ,
1.805176500 ,51.693491000 ,
0.000000000 ,51.725000000 ,
0.000000000 ,51.392520000 ,
17.004029000 ,46.974250000 ,
16.282213000 ,45.375700000 ,
15.316779000 ,43.769946000 ,
15.047054000 ,41.967398000 ,
14.636548000 ,40.576033000 ,
13.887859000 ,39.508172000 ,
13.596166000 ,37.942249000 ,
37.778353000 ,15.164287000 ,
39.514466000 ,15.931617000 ,
41.326455000 ,16.725221000 ,
42.980675000 ,17.460805000 ,
44.596939000 ,18.075854000 ,
46.255106000 ,18.728474000 ,
30.097281000 ,27.234155000 ,
31.413614000 ,28.356904000 ,
32.785457000 ,29.562667000 ,
34.237881000 ,30.745553000 ,
35.627353000 ,32.023891000 ,
37.028450000 ,33.295132000 ,
26.457221000 ,42.333589000 ,
25.540481000 ,40.860003000 ,
24.657241000 ,39.426970000 ,
23.810126000 ,38.057114000 ,
22.987518000 ,36.718600000 ,
22.185858000 ,35.443832000 ,
21.394579000 ,34.209317000 ,
27.927144000 ,41.394338000 ,
26.968100000 ,39.947307000 ,
26.052365000 ,38.568843000 ,
25.173108000 ,37.206511000 ,
24.325826000 ,35.910681000 ,
23.486755000 ,34.628104000 ,
22.655623000 ,33.414841000 ,
28.929164000 ,28.470911000 ,
30.180873000 ,29.709183000 ,
31.529453000 ,30.978025000 ,
33.000129000 ,32.177346000 ,
34.422326000 ,33.356960000 ,
35.805805000 ,34.631637000 ,
29.356955000 ,40.394955000 ,
28.357248000 ,39.012169000 ,
27.406989000 ,37.645776000 ,
26.514568000 ,36.356223000 ,
25.653551000 ,35.039767000 ,
24.789630000 ,33.790189000 ,
23.912420000 ,32.554774000 ,
30.742894000 ,39.365891000 ,
29.691005000 ,38.004834000 ,
28.713259000 ,36.741231000 ,
27.816690000 ,35.452895000 ,
26.997808000 ,34.196594000 ,
26.100863000 ,32.882168000 ,
25.173164000 ,31.658649000 ,
26.437605000 ,30.681316000 ,
27.706073000 ,29.650252000 ,
34.582885000 ,35.899156000 ,
33.351011000 ,37.132632000 ,
32.073987000 ,38.264257000 ,
33.243863000 ,34.687953000 ,
32.134571000 ,35.877649000 ,
30.958876000 ,36.999618000 ,
27.456233000 ,31.978805000 ,
28.869677000 ,30.951796000 ,
31.843748000 ,33.528306000 ,
30.993321000 ,34.816244000 ,
29.926876000 ,35.764771000 ,
28.409367000 ,33.315664000 ,
30.142483000 ,32.578618000 ,
29.056740000 ,34.657434000 ,
30.060316000 ,33.974351000 ,
18.636395000 ,46.299711000 ,
17.879169000 ,44.696428000 ,
17.147309000 ,43.094619000 ,
16.578526000 ,41.530487000 ,
16.038088000 ,40.103650000 ,
15.436258000 ,38.810048000 ,
14.967868000 ,37.436556000 ,
20.130055000 ,34.956390000 ,
20.875676000 ,36.197869000 ,
21.638919000 ,37.499051000 ,
22.420984000 ,38.847627000 ,
23.234674000 ,40.256215000 ,
24.076162000 ,41.713730000 ,
24.954179000 ,43.228076000 ,
23.416751000 ,44.069611000 ,
21.852608000 ,44.858227000 ,
20.250868000 ,45.604710000 ,
16.286940000 ,36.882107000 ,
17.580819000 ,36.286752000 ,
18.858910000 ,35.646250000 ,
19.494341000 ,43.998387000 ,
18.753826000 ,42.452180000 ,
18.102023000 ,40.943473000 ,
17.466783000 ,39.535908000 ,
16.855854000 ,38.194458000 ,
22.584377000 ,42.521833000 ,
21.052294000 ,43.286014000 ,
18.217500000 ,37.571239000 ,
19.556300000 ,36.908641000 ,
21.777840000 ,41.032625000 ,
20.295705000 ,41.759251000 ,
19.569238000 ,40.300598000 ,
18.885287000 ,38.902020000 ,
20.270146000 ,38.224182000 ,
21.012675000 ,39.597874000 ,
38.222822000 ,31.949849000 ,
36.881285000 ,30.632900000 ,
35.502516000 ,29.296122000 ,
34.021287000 ,28.089820000 ,
32.569069000 ,26.981129000 ,
31.223661000 ,25.913783000 ,
36.984426000 ,16.910243000 ,
38.613325000 ,17.754468000 ,
40.422126000 ,18.880209000 ,
42.318827000 ,19.158128000 ,
43.972503000 ,19.732983000 ,
45.588611000 ,20.347063000 ,
35.192436000 ,20.111185000 ,
36.576670000 ,20.947595000 ,
37.970610000 ,21.859871000 ,
39.228120000 ,22.696824000 ,
40.555138000 ,23.491780000 ,
41.883688000 ,24.223038000 ,
43.318733000 ,25.033855000 ,
42.427020000 ,26.509877000 ,
41.514737000 ,27.948302000 ,
40.504972000 ,29.303358000 ,
39.412032000 ,30.597018000 ,
32.283147000 ,24.538782000 ,
33.299659000 ,23.104450000 ,
34.251305000 ,21.620002000 ,
33.685881000 ,25.521420000 ,
34.665088000 ,24.007534000 ,
35.639930000 ,22.495512000 ,
35.172834000 ,26.554907000 ,
36.130276000 ,24.928481000 ,
37.006497000 ,23.350592000 ,
38.412206000 ,24.195128000 ,
39.724593000 ,24.892918000 ,
41.077790000 ,25.680058000 ,
36.978354000 ,27.663186000 ,
37.590822000 ,25.759653000 ,
39.002803000 ,26.284693000 ,
40.195946000 ,27.037381000 ,
38.118530000 ,29.294551000 ,
39.324723000 ,28.263208000 ,
38.394485000 ,27.402642000 ,
36.095865000 ,18.531938000 ,
44.898436000 ,21.959260000 ,
44.131918000 ,23.498084000 ,
43.363542000 ,21.264833000 ,
42.682731000 ,22.782675000 ,
37.581367000 ,19.416094000 ,
41.959451000 ,20.719527000 ,
41.300057000 ,22.052271000 ,
38.996962000 ,20.344257000 ,
40.100288000 ,21.375257000 ,
40.806630000 ,20.279187000 ,
48.390442000 ,12.076232000 ,
46.657686000 ,11.636412000 ,
44.982765000 ,11.173556000 ,
43.320705000 ,10.635792000 ,
41.431449000 ,10.144920000 ,
39.580437000 ,9.695767900 ,
49.420475000 ,7.021805500 ,
47.663835000 ,6.854590700 ,
45.957744000 ,6.651579400 ,
44.166057000 ,6.503066600 ,
42.199479000 ,6.253527700 ,
40.309087000 ,5.962830300 ,
49.702186000 ,1.103311400 ,
49.879186000 ,2.274030200 ,
49.833084000 ,3.744603400 ,
49.649288000 ,5.360423000 ,
40.529393000 ,4.140697300 ,
40.662090000 ,2.494792200 ,
40.924485000 ,1.205662600 ,
48.367284000 ,1.191657600 ,
48.322284000 ,2.411485300 ,
48.181790000 ,3.783161500 ,
47.944677000 ,5.231570800 ,
46.244163000 ,5.015087600 ,
44.468647000 ,4.418700200 ,
42.364374000 ,4.399815300 ,
42.335130000 ,2.726507700 ,
42.283884000 ,1.321907100 ,
43.810988000 ,1.324231600 ,
45.361425000 ,1.268589700 ,
46.917113000 ,1.219114100 ,
46.824316000 ,2.466648100 ,
45.435158000 ,2.486619800 ,
43.991954000 ,2.756477100 ,
46.704220000 ,3.676450600 ,
45.509755000 ,3.549911100 ,
39.876807000 ,1.029428700 ,
50.745817000 ,0.971304200 ,
40.012000000 ,7.822300300 ,
41.928283000 ,8.220494900 ,
44.122558000 ,8.627999500 ,
49.132012000 ,8.716474700 ,
48.796980000 ,10.381708000 ,
47.400302000 ,8.460832500 ,
47.073029000 ,10.003658000 ,
45.469742000 ,9.526700300 ,
45.722752000 ,8.324501100 ,
42.434969000 ,14.754858000 ,
42.784974000 ,12.582959000 ,
43.668986000 ,15.805963000 ,
44.078745000 ,14.604240000 ,
44.505518000 ,12.915858000 ,
47.429144000 ,15.448786000 ,
45.725506000 ,14.953718000 ,
47.932891000 ,13.769996000 ,
46.200677000 ,13.318376000 ,
46.872365000 ,17.077855000 ,
45.214782000 ,16.487380000 ,
39.076245000 ,11.540651000 ,
40.899979000 ,12.078295000 ,
38.490368000 ,13.383483000 ,
40.328466000 ,14.018563000 ,
13.580820000 ,40.720874000 ,
13.605583000 ,42.052169000 ,
13.631372000 ,43.488683000 ,
13.381812000 ,44.898852000 ,
13.241171000 ,46.667702000 ,
13.981191000 ,48.186248000 ,
12.334538000 ,49.823990000 ,
10.446917000 ,50.278014000 ,
11.422018000 ,50.048943000 ,
9.695571900 ,50.451699000 ,
13.201314000 ,49.434937000 ,
13.051765000 ,48.796719000 ,
15.470095000 ,47.618102000 ,
14.856518000 ,46.136760000 ,
14.538772000 ,44.913889000 ,
6.941127100 ,50.909125000 ,
5.694843300 ,51.062967000 ,
4.624539200 ,51.172343000 ,
7.949556800 ,50.763162000 ,
10.978430000 ,50.060571000 ,
12.801832000 ,47.914172000 ,
52.062500000 ,0.000000000 ,
52.400000000 ,0.000000000 ,
52.368079000 ,1.828733000 ,
52.272356000 ,3.655238600 ,
52.112947000 ,5.477291900 ,
51.890047000 ,7.292670800 ,
51.603926000 ,9.099164000 ,
51.254934000 ,10.894573000 ,
50.843496000 ,12.676707000 ,
50.370113000 ,14.443397000 ,
49.835361000 ,16.192490000 ,
49.239893000 ,17.921855000 ,
48.584434000 ,19.629385000 ,
47.869782000 ,21.313000000 ,
47.096808000 ,22.970648000 ,
46.266454000 ,24.600310000 ,
45.379731000 ,26.200000000 ,
44.437720000 ,27.767769000 ,
43.441568000 ,29.301708000 ,
42.392491000 ,30.799947000 ,
41.291764000 ,32.260661000 ,
40.140728000 ,33.682071000 ,
38.940788000 ,35.062444000 ,
37.693406000 ,36.400098000 ,
36.400099000 ,37.693405000 ,
35.062444000 ,38.940789000 ,
33.682071000 ,40.140729000 ,
32.260661000 ,41.291763000 ,
30.799947000 ,42.392490000 ,
29.301708000 ,43.441569000 ,
27.767770000 ,44.437720000 ,
26.200000000 ,45.379731000 ,
24.600310000 ,46.266454000 ,
22.970648000 ,47.096808000 ,
21.313000000 ,47.869783000 ,
19.629386000 ,48.584435000 ,
17.921856000 ,49.239894000 ,
16.192491000 ,49.835362000 ,
14.443397000 ,50.370112000 ,
12.676707000 ,50.843496000 ,
10.894572000 ,51.254934000 ,
9.099164200 ,51.603926000 ,
7.292670500 ,51.890047000 ,
5.477291500 ,52.112947000 ,
3.655239100 ,52.272356000 ,
1.828733500 ,52.368079000 ,
0.000000000 ,52.400000000 ,
0.000000000 ,52.062500000 ,
1.816954700 ,52.030784000 ,
3.631696600 ,51.935678000 ,
5.442012900 ,51.777296000 ,
7.245699400 ,51.555832000 ,
9.040558500 ,51.271554000 ,
10.824403000 ,50.924810000 ,
12.595059000 ,50.516021000 ,
14.350370000 ,50.045687000 ,
16.088197000 ,49.514380000 ,
17.806424000 ,48.922747000 ,
19.502956000 ,48.271509000 ,
21.175726000 ,47.561460000 ,
22.822697000 ,46.793465000 ,
24.441863000 ,45.968459000 ,
26.031250000 ,45.087448000 ,
27.588921000 ,44.151504000 ,
29.112981000 ,43.161769000 ,
30.601570000 ,42.119448000 ,
32.052876000 ,41.025810000 ,
33.465130000 ,39.882189000 ,
34.836612000 ,38.689978000 ,
36.165651000 ,37.450628000 ,
37.450628000 ,36.165651000 ,
38.689977000 ,34.836612000 ,
39.882189000 ,33.465130000 ,
41.025810000 ,32.052876000 ,
42.119447000 ,30.601570000 ,
43.161768000 ,29.112980000 ,
44.151504000 ,27.588922000 ,
45.087447000 ,26.031250000 ,
45.968459000 ,24.441863000 ,
46.793465000 ,22.822698000 ,
47.561460000 ,21.175726000 ,
48.271509000 ,19.502956000 ,
48.922747000 ,17.806424000 ,
49.514380000 ,16.088197000 ,
50.045687000 ,14.350370000 ,
50.516021000 ,12.595059000 ,
50.924810000 ,10.824403000 ,
51.271553000 ,9.040558500 ,
51.555831000 ,7.245699200 ,
51.777296000 ,5.442013000 ,
51.935678000 ,3.631696700 ,
52.030785000 ,1.816954800 ,
0.000000000 ,21.166667000 ,
0.000000000 ,16.933333000 ,
0.000000000 ,12.700000000 ,
0.000000000 ,8.466666600 ,
0.000000000 ,4.233333300 ,
0.000000000 ,0.000000000 ,
4.233333300 ,0.000000000 ,
8.466666600 ,0.000000000 ,
12.700000000 ,0.000000000 ,
16.933333000 ,0.000000000 ,
21.166667000 ,0.000000000 ,
4.435330200 ,23.538997000 ,
4.098258800 ,21.301047000 ,
3.824711000 ,19.131342000 ,
3.282257300 ,16.801614000 ,
3.383995800 ,13.998498000 ,
4.260953400 ,11.649487000 ,
4.029350100 ,7.869166600 ,
4.053471900 ,3.965637200 ,
7.952717000 ,3.754393400 ,
11.492249000 ,3.657902300 ,
13.883676000 ,3.510134700 ,
17.169209000 ,3.856981900 ,
19.643315000 ,3.799263800 ,
21.752848000 ,3.826843900 ,
23.449010000 ,3.791337600 ,
7.693249200 ,23.115999000 ,
7.648717100 ,21.462788000 ,
7.862663500 ,19.641809000 ,
8.579584600 ,17.594492000 ,
8.404315300 ,15.048821000 ,
8.234296700 ,12.852270000 ,
7.745056300 ,10.550954000 ,
7.787337400 ,7.386251200 ,
11.422906000 ,7.349491700 ,
14.164340000 ,6.508166900 ,
16.654158000 ,6.491088600 ,
18.590829000 ,6.966967400 ,
20.388667000 ,7.176741700 ,
22.279416000 ,7.390514600 ,
10.662654000 ,10.301101000 ,
12.832936000 ,10.595570000 ,
14.810199000 ,10.578943000 ,
16.776274000 ,10.504594000 ,
18.661323000 ,10.449895000 ,
20.386363000 ,10.351578000 ,
21.844858000 ,10.199842000 ,
10.345001000 ,21.774196000 ,
10.647828000 ,20.400542000 ,
10.876841000 ,18.933242000 ,
11.136436000 ,17.222494000 ,
10.789088000 ,14.905340000 ,
10.644556000 ,12.671402000 ,
12.851356000 ,12.620362000 ,
14.928022000 ,12.519651000 ,
16.940724000 ,12.377320000 ,
18.857739000 ,12.197632000 ,
20.672646000 ,11.952848000 ,
13.441915000 ,20.231757000 ,
13.455026000 ,19.043491000 ,
13.341729000 ,17.870339000 ,
13.181208000 ,16.585272000 ,
12.985782000 ,14.651727000 ,
15.089686000 ,14.506193000 ,
15.264647000 ,16.571847000 ,
16.080265000 ,17.912436000 ,
14.890456000 ,18.867104000 ,
14.420277000 ,19.884052000 ,
14.499225000 ,17.774367000 ,
17.160771000 ,14.245834000 ,
17.452736000 ,16.104079000 ,
17.165644000 ,17.323302000 ,
19.150055000 ,14.004732000 ,
18.781563000 ,15.363129000 ,
20.375503000 ,13.264132000 ,
12.048008000 ,20.706384000 ,
12.153197000 ,19.192875000 ,
12.206617000 ,18.099297000 ,
11.310788000 ,21.703983000 ,
21.716868000 ,11.229866000 ,
9.102832400 ,21.786127000 ,
9.295117100 ,20.185113000 ,
9.594071100 ,18.906862000 ,
18.575884000 ,8.708198500 ,
16.680475000 ,8.598523500 ,
14.663193000 ,8.644813700 ,
12.980335000 ,8.875009300 ,
20.361208000 ,8.784054900 ,
22.050611000 ,8.874095700 ,
22.497478000 ,5.651336400 ,
20.315163000 ,5.526113100 ,
18.694028000 ,5.460601600 ,
23.600126000 ,4.908630600 ,
5.939611700 ,17.137896000 ,
5.888945600 ,19.305217000 ,
5.956008700 ,21.303012000 ,
6.162472000 ,23.123831000 ,
5.965613700 ,14.827970000 ,
6.164397800 ,13.114750000 ,
21.401318000 ,2.059624600 ,
23.353464000 ,2.441250300 ,
23.295247000 ,1.257888900 ,
19.329766000 ,1.954147100 ,
2.190768400 ,21.225940000 ,
2.651210800 ,23.328821000 ,
1.327383600 ,23.287407000 ,
2.002768600 ,19.097754000 ,
-1.329333400 ,25.365190000 ,
-2.655023000 ,25.260856000 ,
-3.973435500 ,25.087284000 ,
-5.280957000 ,24.844949000 ,
-6.574003700 ,24.534516000 ,
-7.849031700 ,24.156836000 ,
-9.102545800 ,23.712942000 ,
-10.331111000 ,23.204055000 ,
-11.531359000 ,22.631565000 ,
-12.700000000 ,21.997045000 ,
-13.833831000 ,21.302232000 ,
-14.929745000 ,20.549031000 ,
-15.984738000 ,19.739508000 ,
-16.995918000 ,18.875879000 ,
-17.960512000 ,17.960512000 ,
-18.875879000 ,16.995918000 ,
-19.739507000 ,15.984738000 ,
-20.549032000 ,14.929746000 ,
-21.302232000 ,13.833832000 ,
-21.997045000 ,12.700000000 ,
-22.631565000 ,11.531359000 ,
-23.204055000 ,10.331111000 ,
-23.712943000 ,9.102545600 ,
-24.156836000 ,7.849031300 ,
-24.534516000 ,6.574004100 ,
-24.844949000 ,5.280957300 ,
-25.087283000 ,3.973435500 ,
-25.260856000 ,2.655023200 ,
-25.365190000 ,1.329333400 ,
-25.400000000 ,0.000000000 ,
-26.329280000 ,0.000000000 ,
-27.434385000 ,0.000000394 ,
-28.748585000 ,0.000000416 ,
-30.311441000 ,0.000000000 ,
-32.170000000 ,0.000000000 ,
-34.028560000 ,0.000000000 ,
-35.591415000 ,0.000000383 ,
-36.905615000 ,0.000000405 ,
-38.010720000 ,0.000000000 ,
-38.940000000 ,0.000000000 ,
-38.894716000 ,1.877407700 ,
-38.759180000 ,3.748277900 ,
-38.534332000 ,5.606146200 ,
-38.221722000 ,7.444700200 ,
-37.823484000 ,9.257846400 ,
-37.342294000 ,11.039776000 ,
-36.781336000 ,12.785026000 ,
-36.144244000 ,14.488522000 ,
-35.435042000 ,16.145631000 ,
-34.658094000 ,17.752187000 ,
-33.818032000 ,19.304516000 ,
-32.919696000 ,20.799453000 ,
-31.968071000 ,22.234344000 ,
-30.968226000 ,23.607044000 ,
-29.925258000 ,24.915910000 ,
-28.844235000 ,26.159773000 ,
-27.730149000 ,27.337931000 ,
-26.587875000 ,28.450106000 ,
-25.422131000 ,29.496421000 ,
-24.237450000 ,30.477363000 ,
-23.038146000 ,31.393748000 ,
-21.828303000 ,32.246686000 ,
-20.611756000 ,33.037540000 ,
-19.392080000 ,33.767896000 ,
-18.172585000 ,34.439523000 ,
-16.956316000 ,35.054342000 ,
-15.746051000 ,35.614400000 ,
-14.544312000 ,36.121830000 ,
-13.353365000 ,36.578836000 ,
-12.175234000 ,36.987664000 ,
-12.175234000 ,38.247618000 ,
-12.175234000 ,39.507573000 ,
-12.175234000 ,40.767528000 ,
-12.175234000 ,42.027483000 ,
-12.175234000 ,43.287438000 ,
-12.175233000 ,44.547392000 ,
-12.175234000 ,45.807347000 ,
-12.175234000 ,47.067302000 ,
-12.175234000 ,48.327256000 ,
-12.175234000 ,49.587211000 ,
-11.637750000 ,49.716100000 ,
-11.041447000 ,49.851923000 ,
-10.379761000 ,49.993883000 ,
-9.645410100 ,50.140740000 ,
-8.830324800 ,50.290686000 ,
-7.925589000 ,50.441182000 ,
-6.921386000 ,50.588755000 ,
-5.806964200 ,50.728759000 ,
-4.570623300 ,50.855061000 ,
-3.199746700 ,50.959684000 ,
-1.680896300 ,51.032366000 ,
-11.793670000 ,35.665823000 ,
-11.364808000 ,34.428674000 ,
-11.008282000 ,33.248795000 ,
-10.651047000 ,32.093420000 ,
-10.135951000 ,31.005175000 ,
-9.732762400 ,29.528014000 ,
-9.233932400 ,28.071344000 ,
-8.740269700 ,26.672941000 ,
-8.282775800 ,25.381223000 ,
-26.954192000 ,1.392830600 ,
-28.572543000 ,1.969965100 ,
-30.159305000 ,2.261432400 ,
-31.821245000 ,2.439405000 ,
-33.509857000 ,2.508244100 ,
-35.202678000 ,2.503126700 ,
-36.924212000 ,2.349316800 ,
-23.756517000 ,12.116595000 ,
-24.943190000 ,12.737406000 ,
-26.177812000 ,13.377483000 ,
-27.471233000 ,14.054070000 ,
-28.801522000 ,14.734380000 ,
-30.189403000 ,15.445508000 ,
-31.618812000 ,16.169411000 ,
-33.110531000 ,16.940134000 ,
-18.649774000 ,32.560409000 ,
-17.919138000 ,31.401145000 ,
-17.202398000 ,30.374406000 ,
-16.564979000 ,29.347905000 ,
-16.059368000 ,28.243891000 ,
-15.399650000 ,26.849355000 ,
-14.691659000 ,25.556655000 ,
-14.004208000 ,24.283472000 ,
-13.334001000 ,23.116103000 ,
-19.863839000 ,17.868554000 ,
-20.912112000 ,18.787182000 ,
-22.038009000 ,19.761766000 ,
-23.227860000 ,20.768618000 ,
-24.442760000 ,21.796121000 ,
-25.453959000 ,22.869116000 ,
-26.523341000 ,23.930451000 ,
-27.658455000 ,25.019566000 ,
-18.903700000 ,18.893073000 ,
-19.912293000 ,19.888316000 ,
-20.993444000 ,20.934113000 ,
-22.161013000 ,22.023342000 ,
-23.333059000 ,22.945505000 ,
-24.413007000 ,23.952654000 ,
-25.485974000 ,25.025415000 ,
-26.590998000 ,26.150917000 ,
-16.810687000 ,20.771186000 ,
-17.687042000 ,21.883119000 ,
-18.613670000 ,23.058424000 ,
-19.565173000 ,24.349720000 ,
-20.364472000 ,25.607992000 ,
-21.272357000 ,26.823455000 ,
-22.238230000 ,27.993266000 ,
-23.229525000 ,29.216351000 ,
-14.529033000 ,22.391095000 ,
-15.688467000 ,21.619751000 ,
-15.258075000 ,23.565476000 ,
-16.489956000 ,22.744652000 ,
-16.026359000 ,24.789993000 ,
-17.328644000 ,23.975280000 ,
-22.071282000 ,30.130171000 ,
-20.917474000 ,31.013207000 ,
-19.785630000 ,31.812154000 ,
-16.820440000 ,26.170686000 ,
-18.199646000 ,25.246221000 ,
-21.100248000 ,28.939727000 ,
-19.990180000 ,29.827366000 ,
-18.958050000 ,30.693107000 ,
-19.085047000 ,26.597703000 ,
-20.109395000 ,27.753583000 ,
-18.979528000 ,28.757451000 ,
-18.153787000 ,29.654072000 ,
-17.683967000 ,27.703954000 ,
-17.459626000 ,28.930864000 ,
-17.887257000 ,19.869363000 ,
-18.839328000 ,20.924679000 ,
-19.884020000 ,22.095040000 ,
-21.093828000 ,23.436435000 ,
-25.494241000 ,27.229369000 ,
-24.374339000 ,28.243225000 ,
-24.428930000 ,26.067048000 ,
-23.355294000 ,27.053941000 ,
-23.387999000 ,24.984822000 ,
-22.387290000 ,25.888996000 ,
-21.542748000 ,24.745394000 ,
-22.337086000 ,24.023828000 ,
-23.097677000 ,13.335431000 ,
-24.255018000 ,13.999634000 ,
-25.477268000 ,14.698114000 ,
-26.747928000 ,15.408974000 ,
-28.078882000 ,16.140691000 ,
-29.443128000 ,16.869426000 ,
-30.856359000 ,17.635817000 ,
-32.309418000 ,18.441930000 ,
-22.377773000 ,14.521132000 ,
-23.518211000 ,15.245784000 ,
-24.717610000 ,15.995673000 ,
-25.990052000 ,16.771052000 ,
-27.311468000 ,17.538775000 ,
-28.671104000 ,18.280088000 ,
-30.046887000 ,19.055875000 ,
-31.462116000 ,19.896774000 ,
-20.761992000 ,16.792775000 ,
-21.601894000 ,15.676903000 ,
-21.852744000 ,17.648791000 ,
-22.715681000 ,16.461244000 ,
-23.017397000 ,18.548369000 ,
-23.907812000 ,17.286125000 ,
-30.570588000 ,21.289064000 ,
-29.645888000 ,22.606693000 ,
-28.681778000 ,23.838660000 ,
-29.215069000 ,20.422630000 ,
-28.366021000 ,21.694224000 ,
-27.504001000 ,22.815876000 ,
-24.295653000 ,19.514558000 ,
-25.174656000 ,18.134372000 ,
-26.531891000 ,18.982778000 ,
-27.877385000 ,19.652925000 ,
-25.761962000 ,20.604118000 ,
-26.455462000 ,21.805253000 ,
-27.113492000 ,20.938065000 ,
-9.589447600 ,24.904413000 ,
-10.864761000 ,24.371481000 ,
-12.114840000 ,23.763751000 ,
-10.110622000 ,26.185210000 ,
-11.435213000 ,25.588006000 ,
-12.724320000 ,24.978199000 ,
-15.229309000 ,34.365977000 ,
-14.715246000 ,33.205480000 ,
-14.235837000 ,32.073959000 ,
-13.795224000 ,31.090132000 ,
-13.469950000 ,30.128923000 ,
-13.282475000 ,29.226496000 ,
-12.681430000 ,28.158064000 ,
-12.035559000 ,26.894618000 ,
-13.368944000 ,26.220500000 ,
-14.008726000 ,27.572730000 ,
-17.513068000 ,33.215629000 ,
-16.369844000 ,33.834832000 ,
-16.851060000 ,32.085969000 ,
-15.794206000 ,32.658001000 ,
-14.630741000 ,28.954358000 ,
-16.204141000 ,30.983109000 ,
-15.224330000 ,31.612089000 ,
-15.513887000 ,30.008491000 ,
-14.704162000 ,30.619098000 ,
-14.254170000 ,29.934271000 ,
-14.081684000 ,34.863436000 ,
-12.930952000 ,35.279970000 ,
-13.624611000 ,33.642789000 ,
-12.511809000 ,34.074884000 ,
-10.689460000 ,27.534007000 ,
-13.192275000 ,32.525277000 ,
-12.111650000 ,32.870042000 ,
-12.818159000 ,31.413954000 ,
-11.755456000 ,31.752885000 ,
-11.446635000 ,30.535408000 ,
-11.384010000 ,29.082045000 ,
-12.523619000 ,30.434306000 ,
-12.399767000 ,29.542501000 ,
-26.768476000 ,2.901683800 ,
-28.325735000 ,3.266627100 ,
-29.936437000 ,3.586997700 ,
-31.603869000 ,3.801742600 ,
-33.325606000 ,3.919397500 ,
-35.058004000 ,3.940715400 ,
-36.852200000 ,3.899165000 ,
-26.529978000 ,4.290450500 ,
-28.050468000 ,4.660668600 ,
-29.648481000 ,5.011979700 ,
-31.369163000 ,5.341883000 ,
-33.121845000 ,5.418711100 ,
-34.878345000 ,5.501218400 ,
-36.663669000 ,5.554644800 ,
-26.229130000 ,5.659236900 ,
-27.689408000 ,6.064340200 ,
-29.276854000 ,6.544481200 ,
-31.089473000 ,7.117805400 ,
-32.954916000 ,7.004876300 ,
-34.660475000 ,7.077716400 ,
-36.406899000 ,7.251561400 ,
-33.850488000 ,15.390364000 ,
-32.337322000 ,14.683347000 ,
-30.880996000 ,13.991973000 ,
-29.493825000 ,13.338234000 ,
-28.143127000 ,12.676556000 ,
-26.842586000 ,12.055451000 ,
-25.574158000 ,11.443926000 ,
-24.362457000 ,10.875734000 ,
-34.530040000 ,13.813255000 ,
-32.987057000 ,13.162890000 ,
-31.530601000 ,12.552719000 ,
-30.132388000 ,11.922546000 ,
-28.794641000 ,11.315465000 ,
-27.461059000 ,10.701298000 ,
-26.167165000 ,10.142978000 ,
-24.909747000 ,9.602878000 ,
-25.408035000 ,8.315123700 ,
-25.846970000 ,6.993660000 ,
-26.712711000 ,8.804264800 ,
-27.231549000 ,7.460735200 ,
-28.666028000 ,7.961306700 ,
-30.125040000 ,8.573815500 ,
-31.302211000 ,9.252418700 ,
-32.604211000 ,9.724403000 ,
-34.059056000 ,10.127743000 ,
-35.653892000 ,10.574821000 ,
-28.069864000 ,9.356283500 ,
-29.423746000 ,9.928432900 ,
-30.745730000 ,10.561032000 ,
-35.131107000 ,12.198150000 ,
-32.104480000 ,11.101694000 ,
-33.573973000 ,11.654550000 ,
-36.075376000 ,8.918245400 ,
-34.435219000 ,8.632089600 ,
-32.932571000 ,8.379042200 ,
-31.779520000 ,8.258796100 ,
-36.758160000 ,1.141648500 ,
-30.331585000 ,1.100883300 ,
-35.314242000 ,1.211983100 ,
-33.715333000 ,1.226118000 ,
-32.005934000 ,1.184032700 ,
-28.847024000 ,0.958488900 ,
-27.745518000 ,0.783641800 ,
-37.887296000 ,1.005113600 ,
-2.480065800 ,39.790114000 ,
-5.110798600 ,40.018540000 ,
-7.237374200 ,39.270316000 ,
-9.164070500 ,38.867371000 ,
-10.770482000 ,39.319163000 ,
-2.279828300 ,42.184319000 ,
-4.667530000 ,42.544284000 ,
-6.391063600 ,42.321583000 ,
-7.852862600 ,42.156206000 ,
-9.288780000 ,42.025038000 ,
-10.747875000 ,42.018186000 ,
-1.997537700 ,44.262023000 ,
-3.905409400 ,44.477553000 ,
-5.407026600 ,44.889086000 ,
-6.758276700 ,44.832118000 ,
-8.107413100 ,44.741879000 ,
-9.446092800 ,44.639895000 ,
-10.809226000 ,44.590611000 ,
-1.264924100 ,49.457502000 ,
-1.576631500 ,47.767219000 ,
-1.785305600 ,46.088424000 ,
-3.577278400 ,46.252720000 ,
-5.347637800 ,46.540888000 ,
-6.855920400 ,46.174416000 ,
-8.189105600 ,45.992473000 ,
-9.506916800 ,45.899464000 ,
-10.825236000 ,45.838906000 ,
-6.970003500 ,49.486712000 ,
-7.107833500 ,48.392833000 ,
-7.098594600 ,47.278589000 ,
-8.384209100 ,48.435675000 ,
-9.556971000 ,48.184172000 ,
-10.725601000 ,48.315458000 ,
-9.577971800 ,49.485718000 ,
-9.560112800 ,48.863589000 ,
-10.900129000 ,49.153129000 ,
-10.259283000 ,49.368656000 ,
-10.183599000 ,48.855904000 ,
-11.570750000 ,49.064551000 ,
-8.032363900 ,49.484482000 ,
-8.841390600 ,49.549826000 ,
-8.931411800 ,48.958735000 ,
-8.309719700 ,47.210360000 ,
-10.820119000 ,47.082283000 ,
-9.544741200 ,47.083462000 ,
-5.827100600 ,49.506189000 ,
-4.561028000 ,49.459812000 ,
-3.070290900 ,49.440577000 ,
-3.249092500 ,47.872767000 ,
-4.783973400 ,48.058572000 ,
-5.961163700 ,48.326914000 ,
-6.141672600 ,47.394453000 ,
-10.773735000 ,43.310600000 ,
-9.387489300 ,43.369329000 ,
-7.998996700 ,43.449675000 ,
-6.695030000 ,43.579587000 ,
-5.579856000 ,43.659000000 ,
-10.717155000 ,40.665545000 ,
-9.230481700 ,40.603162000 ,
-7.659437000 ,40.754832000 ,
-6.410070800 ,41.051150000 ,
-2.480286700 ,37.247029000 ,
-2.635594100 ,34.942373000 ,
-3.164580100 ,32.889811000 ,
-2.631398400 ,31.266231000 ,
-2.170755800 ,29.768998000 ,
-1.516192100 ,28.182132000 ,
-1.421771500 ,26.617101000 ,
-3.504929000 ,29.403200000 ,
-4.861655000 ,29.128774000 ,
-6.311109500 ,28.852528000 ,
-7.764854400 ,28.506975000 ,
-4.855123800 ,37.494115000 ,
-4.827211800 ,35.315277000 ,
-5.048049600 ,33.434778000 ,
-5.273579500 ,31.933159000 ,
-5.167898300 ,30.537879000 ,
-10.953276000 ,38.150306000 ,
-8.709946400 ,37.212260000 ,
-6.887619100 ,37.328514000 ,
-6.618921900 ,30.330076000 ,
-8.214151500 ,30.047355000 ,
-10.196943000 ,34.842269000 ,
-8.799037500 ,35.415716000 ,
-6.868289800 ,35.431937000 ,
-6.811723800 ,33.577495000 ,
-6.873341400 ,31.914484000 ,
-8.688517300 ,31.787729000 ,
-9.861161600 ,33.512090000 ,
-8.569061500 ,33.594784000 ,
-9.749845400 ,32.484205000 ,
-10.927557000 ,37.058345000 ,
-10.657332000 ,35.898745000 ,
-9.799389400 ,36.172012000 ,
-9.832181900 ,37.087906000 ,
-3.830784000 ,30.768889000 ,
-4.113041200 ,31.861164000 ,
-3.092902300 ,27.966629000 ,
-2.857274200 ,26.550894000 ,
-4.545026600 ,27.723415000 ,
-4.238498800 ,26.367434000 ,
-5.607623800 ,26.107813000 ,
-6.949941100 ,25.777859000 ,
-5.941729600 ,27.443403000 ,
-7.355090100 ,27.103149000 ,
-1.088752700 ,30.213811000 ,
-1.294057300 ,31.653629000 ,
-1.496483200 ,32.946246000 ,
-0.862415300 ,29.073929000 ,
-10.015991000 ,38.073191000 ,
-39.817462000 ,0.000000000 ,
-40.860947000 ,0.000000000 ,
-42.101865000 ,0.000000000 ,
-43.577575000 ,0.000000000 ,
-45.332500000 ,0.000000000 ,
-47.087425000 ,0.000000000 ,
-48.563134000 ,0.000000000 ,
-49.804053000 ,0.000000000 ,
-50.847538000 ,0.000000000 ,
-51.725000000 ,0.000000000 ,
-51.693491000 ,1.805176500 ,
-51.599001000 ,3.608154000 ,
-51.441645000 ,5.406735200 ,
-51.221616000 ,7.198728700 ,
-50.939181000 ,8.981952000 ,
-50.594684000 ,10.754232000 ,
-50.188546000 ,12.513410000 ,
-49.721261000 ,14.257342000 ,
-49.193398000 ,15.983904000 ,
-48.605601000 ,17.690992000 ,
-47.958585000 ,19.376526000 ,
-47.253139000 ,21.038453000 ,
-46.490122000 ,22.674747000 ,
-45.670464000 ,24.283417000 ,
-44.795164000 ,25.862500000 ,
-43.865288000 ,27.410074000 ,
-42.881968000 ,28.924252000 ,
-41.846404000 ,30.403192000 ,
-40.759856000 ,31.845090000 ,
-39.623649000 ,33.248189000 ,
-38.439166000 ,34.610780000 ,
-37.207851000 ,35.931204000 ,
-35.931204000 ,37.207851000 ,
-34.610781000 ,38.439166000 ,
-33.248189000 ,39.623649000 ,
-31.845090000 ,40.759856000 ,
-30.403192000 ,41.846404000 ,
-28.924253000 ,42.881969000 ,
-27.410074000 ,43.865288000 ,
-25.862500000 ,44.795164000 ,
-24.283417000 ,45.670464000 ,
-22.674747000 ,46.490122000 ,
-21.038453000 ,47.253139000 ,
-19.376526000 ,47.958585000 ,
-17.690992000 ,48.605601000 ,
-15.983904000 ,49.193398000 ,
-14.257342000 ,49.721261000 ,
-12.513410000 ,50.188547000 ,
-10.754232000 ,50.594685000 ,
-8.981952300 ,50.939181000 ,
-7.198728500 ,51.221615000 ,
-5.406734900 ,51.441645000 ,
-3.608153500 ,51.599000000 ,
-1.805176500 ,51.693491000 ,
-17.004028000 ,46.974250000 ,
-16.282213000 ,45.375699000 ,
-15.316780000 ,43.769947000 ,
-15.047054000 ,41.967398000 ,
-14.636548000 ,40.576033000 ,
-13.887858000 ,39.508173000 ,
-13.596166000 ,37.942249000 ,
-37.778353000 ,15.164287000 ,
-39.514467000 ,15.931616000 ,
-41.326455000 ,16.725221000 ,
-42.980676000 ,17.460805000 ,
-44.596939000 ,18.075854000 ,
-46.255106000 ,18.728475000 ,
-30.097281000 ,27.234154000 ,
-31.413614000 ,28.356905000 ,
-32.785456000 ,29.562666000 ,
-34.237881000 ,30.745553000 ,
-35.627353000 ,32.023891000 ,
-37.028450000 ,33.295132000 ,
-26.457221000 ,42.333589000 ,
-25.540481000 ,40.860003000 ,
-24.657242000 ,39.426971000 ,
-23.810126000 ,38.057114000 ,
-22.987518000 ,36.718600000 ,
-22.185858000 ,35.443831000 ,
-21.394579000 ,34.209316000 ,
-27.927144000 ,41.394338000 ,
-26.968099000 ,39.947306000 ,
-26.052365000 ,38.568843000 ,
-25.173108000 ,37.206510000 ,
-24.325827000 ,35.910681000 ,
-23.486755000 ,34.628104000 ,
-22.655624000 ,33.414841000 ,
-28.929165000 ,28.470910000 ,
-30.180874000 ,29.709183000 ,
-31.529453000 ,30.978025000 ,
-33.000129000 ,32.177346000 ,
-34.422326000 ,33.356960000 ,
-35.805805000 ,34.631637000 ,
-29.356954000 ,40.394954000 ,
-28.357248000 ,39.012169000 ,
-27.406989000 ,37.645776000 ,
-26.514568000 ,36.356223000 ,
-25.653552000 ,35.039767000 ,
-24.789629000 ,33.790190000 ,
-23.912421000 ,32.554774000 ,
-30.742894000 ,39.365891000 ,
-29.691005000 ,38.004833000 ,
-28.713258000 ,36.741231000 ,
-27.816690000 ,35.452895000 ,
-26.997808000 ,34.196593000 ,
-26.100862000 ,32.882169000 ,
-25.173164000 ,31.658648000 ,
-26.437605000 ,30.681317000 ,
-27.706072000 ,29.650252000 ,
-34.582885000 ,35.899156000 ,
-33.351011000 ,37.132632000 ,
-32.073988000 ,38.264256000 ,
-33.243863000 ,34.687954000 ,
-32.134570000 ,35.877649000 ,
-30.958877000 ,36.999618000 ,
-27.456232000 ,31.978806000 ,
-28.869676000 ,30.951795000 ,
-31.843748000 ,33.528306000 ,
-30.993321000 ,34.816244000 ,
-29.926876000 ,35.764771000 ,
-28.409367000 ,33.315665000 ,
-30.142484000 ,32.578618000 ,
-29.056740000 ,34.657433000 ,
-30.060316000 ,33.974351000 ,
-18.636395000 ,46.299710000 ,
-17.879170000 ,44.696429000 ,
-17.147308000 ,43.094619000 ,
-16.578526000 ,41.530487000 ,
-16.038088000 ,40.103650000 ,
-15.436258000 ,38.810048000 ,
-14.967868000 ,37.436556000 ,
-20.130054000 ,34.956389000 ,
-20.875676000 ,36.197869000 ,
-21.638919000 ,37.499051000 ,
-22.420983000 ,38.847626000 ,
-23.234674000 ,40.256215000 ,
-24.076162000 ,41.713730000 ,
-24.954179000 ,43.228076000 ,
-23.416751000 ,44.069612000 ,
-21.852608000 ,44.858228000 ,
-20.250868000 ,45.604710000 ,
-16.286940000 ,36.882107000 ,
-17.580819000 ,36.286753000 ,
-18.858910000 ,35.646250000 ,
-19.494341000 ,43.998386000 ,
-18.753826000 ,42.452180000 ,
-18.102022000 ,40.943473000 ,
-17.466782000 ,39.535909000 ,
-16.855854000 ,38.194458000 ,
-22.584377000 ,42.521832000 ,
-21.052294000 ,43.286013000 ,
-18.217500000 ,37.571239000 ,
-19.556300000 ,36.908641000 ,
-21.777841000 ,41.032625000 ,
-20.295706000 ,41.759251000 ,
-19.569238000 ,40.300598000 ,
-18.885287000 ,38.902020000 ,
-20.270146000 ,38.224182000 ,
-21.012675000 ,39.597874000 ,
-38.222822000 ,31.949849000 ,
-36.881284000 ,30.632900000 ,
-35.502515000 ,29.296123000 ,
-34.021288000 ,28.089820000 ,
-32.569069000 ,26.981129000 ,
-31.223660000 ,25.913783000 ,
-36.984426000 ,16.910243000 ,
-38.613324000 ,17.754468000 ,
-40.422125000 ,18.880209000 ,
-42.318827000 ,19.158128000 ,
-43.972502000 ,19.732982000 ,
-45.588611000 ,20.347063000 ,
-35.192436000 ,20.111185000 ,
-36.576670000 ,20.947596000 ,
-37.970609000 ,21.859871000 ,
-39.228120000 ,22.696824000 ,
-40.555138000 ,23.491780000 ,
-41.883687000 ,24.223038000 ,
-43.318733000 ,25.033856000 ,
-42.427021000 ,26.509877000 ,
-41.514737000 ,27.948302000 ,
-40.504972000 ,29.303358000 ,
-39.412032000 ,30.597018000 ,
-32.283147000 ,24.538782000 ,
-33.299659000 ,23.104449000 ,
-34.251304000 ,21.620002000 ,
-33.685880000 ,25.521421000 ,
-34.665088000 ,24.007533000 ,
-35.639930000 ,22.495512000 ,
-35.172835000 ,26.554907000 ,
-36.130277000 ,24.928481000 ,
-37.006496000 ,23.350592000 ,
-38.412206000 ,24.195128000 ,
-39.724593000 ,24.892918000 ,
-41.077791000 ,25.680059000 ,
-36.978354000 ,27.663185000 ,
-37.590822000 ,25.759653000 ,
-39.002803000 ,26.284693000 ,
-40.195946000 ,27.037381000 ,
-38.118529000 ,29.294551000 ,
-39.324723000 ,28.263207000 ,
-38.394485000 ,27.402642000 ,
-36.095865000 ,18.531937000 ,
-44.898435000 ,21.959260000 ,
-44.131917000 ,23.498084000 ,
-43.363542000 ,21.264832000 ,
-42.682731000 ,22.782675000 ,
-37.581367000 ,19.416094000 ,
-41.959452000 ,20.719527000 ,
-41.300057000 ,22.052272000 ,
-38.996962000 ,20.344257000 ,
-40.100288000 ,21.375256000 ,
-40.806630000 ,20.279188000 ,
-48.390443000 ,12.076233000 ,
-46.657686000 ,11.636412000 ,
-44.982765000 ,11.173556000 ,
-43.320705000 ,10.635791000 ,
-41.431449000 ,10.144920000 ,
-39.580437000 ,9.695767600 ,
-49.420475000 ,7.021805900 ,
-47.663834000 ,6.854590200 ,
-45.957744000 ,6.651579300 ,
-44.166058000 ,6.503066800 ,
-42.199479000 ,6.253527700 ,
-40.309087000 ,5.962829700 ,
-49.702185000 ,1.103311600 ,
-49.879187000 ,2.274029900 ,
-49.833084000 ,3.744603600 ,
-49.649287000 ,5.360422900 ,
-40.529393000 ,4.140696900 ,
-40.662090000 ,2.494792000 ,
-40.924485000 ,1.205663000 ,
-48.367284000 ,1.191657400 ,
-48.322284000 ,2.411485900 ,
-48.181789000 ,3.783161300 ,
-47.944676000 ,5.231570900 ,
-46.244162000 ,5.015087200 ,
-44.468647000 ,4.418700500 ,
-42.364373000 ,4.399815100 ,
-42.335131000 ,2.726507700 ,
-42.283885000 ,1.321907200 ,
-43.810988000 ,1.324231400 ,
-45.361425000 ,1.268588900 ,
-46.917113000 ,1.219114500 ,
-46.824315000 ,2.466648700 ,
-45.435158000 ,2.486619300 ,
-43.991955000 ,2.756476600 ,
-46.704220000 ,3.676450300 ,
-45.509755000 ,3.549911500 ,
-39.876807000 ,1.029428200 ,
-50.745817000 ,0.971304100 ,
-40.012001000 ,7.822300400 ,
-41.928283000 ,8.220494300 ,
-44.122558000 ,8.627999500 ,
-49.132012000 ,8.716474600 ,
-48.796980000 ,10.381709000 ,
-47.400302000 ,8.460832600 ,
-47.073030000 ,10.003658000 ,
-45.469741000 ,9.526700800 ,
-45.722751000 ,8.324500900 ,
-42.434968000 ,14.754858000 ,
-42.784973000 ,12.582959000 ,
-43.668986000 ,15.805963000 ,
-44.078745000 ,14.604240000 ,
-44.505518000 ,12.915858000 ,
-47.429144000 ,15.448786000 ,
-45.725506000 ,14.953718000 ,
-47.932892000 ,13.769996000 ,
-46.200677000 ,13.318376000 ,
-46.872365000 ,17.077855000 ,
-45.214781000 ,16.487380000 ,
-39.076244000 ,11.540651000 ,
-40.899979000 ,12.078295000 ,
-38.490368000 ,13.383483000 ,
-40.328466000 ,14.018562000 ,
-13.580820000 ,40.720873000 ,
-13.605583000 ,42.052169000 ,
-13.631371000 ,43.488683000 ,
-13.381811000 ,44.898852000 ,
-13.241171000 ,46.667702000 ,
-13.981191000 ,48.186248000 ,
-12.334538000 ,49.823991000 ,
-10.446917000 ,50.278014000 ,
-11.422019000 ,50.048942000 ,
-9.695571800 ,50.451699000 ,
-13.201314000 ,49.434936000 ,
-13.051765000 ,48.796720000 ,
-15.470095000 ,47.618102000 ,
-14.856519000 ,46.136759000 ,
-14.538773000 ,44.913890000 ,
-6.941127100 ,50.909125000 ,
-5.694842900 ,51.062968000 ,
-4.624539200 ,51.172343000 ,
-7.949557400 ,50.763162000 ,
-10.978430000 ,50.060571000 ,
-12.801832000 ,47.914173000 ,
-52.062500000 ,0.000000000 ,
-52.400000000 ,0.000000000 ,
-52.368079000 ,1.828733500 ,
-52.272356000 ,3.655239100 ,
-52.112947000 ,5.477291500 ,
-51.890047000 ,7.292670500 ,
-51.603926000 ,9.099164200 ,
-51.254934000 ,10.894572000 ,
-50.843496000 ,12.676707000 ,
-50.370112000 ,14.443397000 ,
-49.835362000 ,16.192491000 ,
-49.239894000 ,17.921856000 ,
-48.584435000 ,19.629386000 ,
-47.869783000 ,21.313000000 ,
-47.096808000 ,22.970648000 ,
-46.266454000 ,24.600310000 ,
-45.379731000 ,26.200000000 ,
-44.437720000 ,27.767770000 ,
-43.441569000 ,29.301708000 ,
-42.392490000 ,30.799947000 ,
-41.291763000 ,32.260661000 ,
-40.140729000 ,33.682071000 ,
-38.940789000 ,35.062444000 ,
-37.693405000 ,36.400099000 ,
-36.400098000 ,37.693406000 ,
-35.062444000 ,38.940788000 ,
-33.682071000 ,40.140728000 ,
-32.260661000 ,41.291764000 ,
-30.799947000 ,42.392491000 ,
-29.301708000 ,43.441568000 ,
-27.767769000 ,44.437720000 ,
-26.200000000 ,45.379731000 ,
-24.600310000 ,46.266454000 ,
-22.970648000 ,47.096808000 ,
-21.313000000 ,47.869782000 ,
-19.629385000 ,48.584434000 ,
-17.921855000 ,49.239893000 ,
-16.192490000 ,49.835361000 ,
-14.443397000 ,50.370113000 ,
-12.676707000 ,50.843496000 ,
-10.894573000 ,51.254934000 ,
-9.099164000 ,51.603926000 ,
-7.292670800 ,51.890047000 ,
-5.477291900 ,52.112947000 ,
-3.655238600 ,52.272356000 ,
-1.828733000 ,52.368079000 ,
-1.816954800 ,52.030785000 ,
-3.631696700 ,51.935678000 ,
-5.442013000 ,51.777296000 ,
-7.245699200 ,51.555831000 ,
-9.040558500 ,51.271553000 ,
-10.824403000 ,50.924810000 ,
-12.595059000 ,50.516021000 ,
-14.350370000 ,50.045687000 ,
-16.088197000 ,49.514380000 ,
-17.806424000 ,48.922747000 ,
-19.502956000 ,48.271509000 ,
-21.175726000 ,47.561460000 ,
-22.822698000 ,46.793465000 ,
-24.441863000 ,45.968459000 ,
-26.031250000 ,45.087447000 ,
-27.588922000 ,44.151504000 ,
-29.112980000 ,43.161768000 ,
-30.601570000 ,42.119447000 ,
-32.052876000 ,41.025810000 ,
-33.465130000 ,39.882189000 ,
-34.836612000 ,38.689977000 ,
-36.165651000 ,37.450628000 ,
-37.450628000 ,36.165651000 ,
-38.689978000 ,34.836612000 ,
-39.882189000 ,33.465130000 ,
-41.025810000 ,32.052876000 ,
-42.119448000 ,30.601570000 ,
-43.161769000 ,29.112981000 ,
-44.151504000 ,27.588921000 ,
-45.087448000 ,26.031250000 ,
-45.968459000 ,24.441863000 ,
-46.793465000 ,22.822697000 ,
-47.561460000 ,21.175726000 ,
-48.271509000 ,19.502956000 ,
-48.922747000 ,17.806424000 ,
-49.514380000 ,16.088197000 ,
-50.045687000 ,14.350370000 ,
-50.516021000 ,12.595059000 ,
-50.924810000 ,10.824403000 ,
-51.271554000 ,9.040558500 ,
-51.555832000 ,7.245699400 ,
-51.777296000 ,5.442012900 ,
-51.935678000 ,3.631696600 ,
-52.030784000 ,1.816954700 ,
-4.233333300 ,0.000000000 ,
-8.466666600 ,0.000000000 ,
-12.700000000 ,0.000000000 ,
-16.933333000 ,0.000000000 ,
-21.166667000 ,0.000000000 ,
-4.435330000 ,23.538997000 ,
-4.098259100 ,21.301047000 ,
-3.824710500 ,19.131342000 ,
-3.282257500 ,16.801614000 ,
-3.383995700 ,13.998499000 ,
-4.260953300 ,11.649487000 ,
-4.029350100 ,7.869166600 ,
-4.053471900 ,3.965637200 ,
-7.952716900 ,3.754393400 ,
-11.492249000 ,3.657902500 ,
-13.883676000 ,3.510134600 ,
-17.169208000 ,3.856981900 ,
-19.643316000 ,3.799264100 ,
-21.752847000 ,3.826843900 ,
-23.449011000 ,3.791337600 ,
-7.693249000 ,23.115999000 ,
-7.648716600 ,21.462789000 ,
-7.862663500 ,19.641809000 ,
-8.579584500 ,17.594492000 ,
-8.404314900 ,15.048820000 ,
-8.234296500 ,12.852270000 ,
-7.745056400 ,10.550954000 ,
-7.787337400 ,7.386251100 ,
-11.422906000 ,7.349491700 ,
-14.164341000 ,6.508167100 ,
-16.654158000 ,6.491088600 ,
-18.590829000 ,6.966967800 ,
-20.388667000 ,7.176741600 ,
-22.279416000 ,7.390514800 ,
-10.662655000 ,10.301101000 ,
-12.832936000 ,10.595570000 ,
-14.810199000 ,10.578943000 ,
-16.776274000 ,10.504594000 ,
-18.661323000 ,10.449895000 ,
-20.386363000 ,10.351578000 ,
-21.844859000 ,10.199842000 ,
-10.345001000 ,21.774197000 ,
-10.647828000 ,20.400542000 ,
-10.876841000 ,18.933242000 ,
-11.136436000 ,17.222493000 ,
-10.789088000 ,14.905340000 ,
-10.644556000 ,12.671402000 ,
-12.851357000 ,12.620362000 ,
-14.928023000 ,12.519651000 ,
-16.940724000 ,12.377320000 ,
-18.857739000 ,12.197632000 ,
-20.672645000 ,11.952848000 ,
-13.441915000 ,20.231757000 ,
-13.455026000 ,19.043491000 ,
-13.341728000 ,17.870339000 ,
-13.181208000 ,16.585272000 ,
-12.985782000 ,14.651728000 ,
-15.089687000 ,14.506193000 ,
-15.264646000 ,16.571847000 ,
-16.080265000 ,17.912435000 ,
-14.890456000 ,18.867104000 ,
-14.420277000 ,19.884051000 ,
-14.499225000 ,17.774368000 ,
-17.160770000 ,14.245834000 ,
-17.452735000 ,16.104079000 ,
-17.165644000 ,17.323302000 ,
-19.150055000 ,14.004732000 ,
-18.781562000 ,15.363129000 ,
-20.375504000 ,13.264132000 ,
-12.048008000 ,20.706385000 ,
-12.153197000 ,19.192875000 ,
-12.206617000 ,18.099297000 ,
-11.310788000 ,21.703984000 ,
-21.716867000 ,11.229866000 ,
-9.102831800 ,21.786127000 ,
-9.295117000 ,20.185113000 ,
-9.594070800 ,18.906863000 ,
-18.575884000 ,8.708197900 ,
-16.680475000 ,8.598523200 ,
-14.663192000 ,8.644813500 ,
-12.980335000 ,8.875009800 ,
-20.361207000 ,8.784054500 ,
-22.050610000 ,8.874095500 ,
-22.497477000 ,5.651336200 ,
-20.315163000 ,5.526113100 ,
-18.694028000 ,5.460602000 ,
-23.600125000 ,4.908630000 ,
-5.939611300 ,17.137896000 ,
-5.888945600 ,19.305218000 ,
-5.956009100 ,21.303012000 ,
-6.162472000 ,23.123831000 ,
-5.965613100 ,14.827970000 ,
-6.164397900 ,13.114750000 ,
-21.401317000 ,2.059624300 ,
-23.353464000 ,2.441250000 ,
-23.295246000 ,1.257888700 ,
-19.329765000 ,1.954147000 ,
-2.190768400 ,21.225941000 ,
-2.651211100 ,23.328822000 ,
-1.327383900 ,23.287406000 ,
-2.002768500 ,19.097754000 ,
1,238,region1
239,1022,region2
1023,1806,region3
