flux
2
1783
2.476140E-02	6.388750E-03	
2.338020E-02	-3.516880E-02	
2.170330E-02	-3.267940E-02	
2.124660E-02	-2.999230E-02	
1.935020E-02	-2.639520E-02	
2.234230E-02	-3.138790E-02	
1.924080E-02	-2.732610E-02	
1.697630E-02	-2.258970E-02	
2.745070E-02	-4.314030E-02	
2.594920E-02	-4.119180E-02	
2.435840E-02	-3.902730E-02	
2.713990E-02	-4.583580E-02	
2.848900E-02	-4.743290E-02	
2.978960E-02	-4.929920E-02	
3.343990E-02	-6.092510E-02	
3.016920E-02	-5.357440E-02	
3.093180E-02	-5.377890E-02	
3.237360E-02	-5.565140E-02	
3.302420E-02	-5.919230E-02	
3.181150E-02	-4.610310E-02	
3.203980E-02	-4.809730E-02	
3.013260E-02	-4.282320E-02	
2.806470E-02	-3.992770E-02	
2.956200E-02	-4.441380E-02	
3.221210E-02	-4.926250E-02	
3.188510E-02	-4.887320E-02	
3.265880E-02	-5.245750E-02	
2.557610E-02	-3.602810E-02	
2.768530E-02	-4.111010E-02	
2.603590E-02	-3.870610E-02	
2.332580E-02	-3.279380E-02	
2.948490E-02	-4.579860E-02	
3.086900E-02	-4.855190E-02	
2.826030E-02	-4.420030E-02	
3.130680E-02	-5.134460E-02	
3.327000E-02	-5.514000E-02	
3.303110E-02	-5.666960E-02	
1.463280E-02	-1.898090E-02	
1.704260E-02	-2.404890E-02	
1.965690E-02	-2.972910E-02	
2.251980E-02	-3.622300E-02	
2.908250E-02	-5.278760E-02	
2.552540E-02	-4.403890E-02	
3.369090E-02	-6.606060E-02	
3.136480E-02	-6.033270E-02	
3.361470E-02	-6.316240E-02	
3.063540E-02	-4.030580E-02	
3.085100E-02	-4.218340E-02	
2.903000E-02	-3.771280E-02	
2.690530E-02	-3.481510E-02	
3.130410E-02	-4.355500E-02	
2.846370E-02	-3.892310E-02	
2.598170E-02	-3.484860E-02	
2.389200E-02	-3.021860E-02	
2.325160E-02	-3.085680E-02	
2.104320E-02	-2.589040E-02	
2.074850E-02	-2.687680E-02	
1.824890E-02	-2.190320E-02	
1.787200E-02	-2.279150E-02	
1.559870E-02	-1.809800E-02	
1.498150E-02	-1.833940E-02	
1.298170E-02	-1.435590E-02	
1.063160E-02	-1.089630E-02	
8.316500E-03	-8.070710E-03	
1.225750E-02	-1.420750E-02	
2.443560E-02	-4.291430E-02	
2.104920E-02	-3.659050E-02	
2.764760E-02	-5.161260E-02	
2.022350E-02	-3.270740E-02	
3.053210E-02	-5.984630E-02	
1.745110E-02	-2.636970E-02	
3.361000E-02	-6.788050E-02	
1.490530E-02	-2.076650E-02	
1.246470E-02	-1.570290E-02	
1.011610E-02	-1.115010E-02	
7.792440E-03	-7.071360E-03	
6.343320E-03	-5.030140E-03	
8.331950E-03	-8.503570E-03	
1.048240E-02	-1.274040E-02	
1.278180E-02	-1.752790E-02	
1.526580E-02	-2.295490E-02	
1.776940E-02	-2.886110E-02	
2.012300E-02	-3.492900E-02	
2.985450E-02	-5.957360E-02	
2.622350E-02	-5.069440E-02	
2.315870E-02	-4.181420E-02	
3.345070E-02	-7.330780E-02	
3.144160E-02	-6.700510E-02	
3.357950E-02	-7.038100E-02	
4.936010E-03	-2.997010E-03	
6.718000E-03	-6.159090E-03	
8.676880E-03	-9.989070E-03	
1.086170E-02	-1.453980E-02	
1.318150E-02	-1.975160E-02	
1.570340E-02	-2.565590E-02	
1.830210E-02	-3.213780E-02	
2.131040E-02	-3.964420E-02	
2.732030E-02	-5.738610E-02	
2.942160E-02	-5.929430E-02	
2.465790E-02	-4.872840E-02	
3.067610E-02	-6.588830E-02	
2.968340E-02	-6.467950E-02	
3.238480E-02	-7.344310E-02	
3.269680E-02	-7.921020E-02	
3.278890E-02	-7.444350E-02	
3.701880E-03	-1.181500E-03	
5.277960E-03	-4.006040E-03	
7.086410E-03	-7.536850E-03	
9.089540E-03	-1.179130E-02	
1.135070E-02	-1.688130E-02	
1.373250E-02	-2.281300E-02	
1.647270E-02	-2.934010E-02	
1.932090E-02	-3.679390E-02	
2.433170E-02	-5.269380E-02	
2.675030E-02	-5.615280E-02	
2.244340E-02	-4.529820E-02	
2.814100E-02	-6.269420E-02	
2.675990E-02	-6.001560E-02	
3.064030E-02	-7.081060E-02	
2.903280E-02	-6.848310E-02	
3.163200E-02	-7.801420E-02	
3.225260E-02	-8.365740E-02	
3.227060E-02	-7.930360E-02	
3.110990E-02	-8.895810E-02	
2.925440E-02	-8.176340E-02	
3.164710E-02	-8.631820E-02	
2.802610E-02	-7.317190E-02	
2.974470E-02	-7.552120E-02	
3.194560E-02	-8.442370E-02	
2.540840E-02	-6.323940E-02	
2.728770E-02	-6.591050E-02	
2.298640E-02	-5.430850E-02	
2.475060E-02	-5.709100E-02	
2.053970E-02	-4.608430E-02	
2.238960E-02	-4.903110E-02	
1.824710E-02	-3.857990E-02	
2.002750E-02	-4.142630E-02	
1.582070E-02	-3.170410E-02	
1.742020E-02	-3.403430E-02	
2.645340E-03	4.152660E-04	
4.055800E-03	-2.120270E-03	
5.675910E-03	-5.349840E-03	
7.550160E-03	-9.377610E-03	
1.491300E-02	-2.710760E-02	
1.436980E-02	-2.627010E-02	
1.209390E-02	-2.035870E-02	
9.655370E-03	-1.428410E-02	
1.456590E-03	2.312660E-03	
2.338800E-03	1.011540E-03	
3.394480E-03	-4.867320E-04	
4.597560E-03	-2.142580E-03	
5.953050E-03	-3.907410E-03	
7.367160E-03	-5.764350E-03	
8.878530E-03	-8.041180E-03	
1.101290E-02	-1.079200E-02	
1.338010E-02	-1.398810E-02	
1.605080E-02	-1.753280E-02	
2.404820E-02	-2.859170E-02	
2.605470E-02	-3.278750E-02	
2.178580E-02	-2.561990E-02	
1.878230E-02	-2.143270E-02	
2.603510E-02	-3.149510E-02	
2.776110E-02	-3.457980E-02	
2.864880E-02	-3.501360E-02	
2.953290E-02	-3.661570E-02	
2.994230E-02	-3.798790E-02	
2.794490E-02	-3.119010E-02	
2.852350E-02	-3.277300E-02	
2.645330E-02	-2.910710E-02	
2.474620E-02	-2.710160E-02	
2.901690E-02	-3.430040E-02	
2.658270E-02	-3.093460E-02	
2.422860E-02	-2.759270E-02	
2.232190E-02	-2.396330E-02	
2.191570E-02	-2.444780E-02	
2.000220E-02	-2.095710E-02	
1.953130E-02	-2.123890E-02	
1.776430E-02	-1.805060E-02	
1.674530E-02	-1.751150E-02	
1.577690E-02	-1.613440E-02	
1.384920E-02	-1.366930E-02	
1.126140E-02	-1.033600E-02	
9.061420E-03	-7.545150E-03	
7.223980E-03	-5.201550E-03	
5.665320E-03	-3.194150E-03	
4.734200E-04	3.647310E-03	
1.200600E-03	2.615480E-03	
2.087170E-03	1.415040E-03	
3.136450E-03	4.529400E-05	
4.340560E-03	-1.493040E-03	
2.607220E-02	-2.649900E-02	
2.667900E-02	-2.795320E-02	
2.470140E-02	-2.463460E-02	
2.308600E-02	-2.287630E-02	
2.720050E-02	-2.912400E-02	
2.481310E-02	-2.605340E-02	
2.266680E-02	-2.335680E-02	
2.080330E-02	-2.018810E-02	
2.038970E-02	-2.057740E-02	
1.861280E-02	-1.761530E-02	
1.815530E-02	-1.785590E-02	
1.649480E-02	-1.513290E-02	
1.597460E-02	-1.530000E-02	
1.456620E-02	-1.273060E-02	
1.398820E-02	-1.270670E-02	
1.324450E-02	-1.128240E-02	
1.171110E-02	-1.008360E-02	
9.226210E-03	-7.078990E-03	
7.222790E-03	-4.711850E-03	
5.542280E-03	-2.725070E-03	
4.140790E-03	-1.048370E-03	
-3.111540E-04	4.489650E-03	
2.724850E-04	3.699790E-03	
1.004630E-03	2.761710E-03	
1.891260E-03	1.664220E-03	
2.931250E-03	4.025040E-04	
2.418130E-02	-2.229680E-02	
2.479890E-02	-2.354730E-02	
2.287980E-02	-2.069510E-02	
2.137680E-02	-1.918690E-02	
2.530280E-02	-2.461030E-02	
2.308710E-02	-2.197520E-02	
2.107600E-02	-1.964310E-02	
1.929800E-02	-1.692720E-02	
1.898930E-02	-1.730260E-02	
1.727450E-02	-1.474200E-02	
1.691990E-02	-1.497250E-02	
1.539330E-02	-1.272190E-02	
1.494950E-02	-1.275300E-02	
1.363930E-02	-1.080080E-02	
1.288800E-02	-1.055190E-02	
1.233980E-02	-9.649250E-03	
1.116620E-02	-8.526580E-03	
9.388680E-03	-6.624220E-03	
7.265320E-03	-4.304710E-03	
5.496040E-03	-2.366150E-03	
4.033320E-03	-7.577340E-04	
2.792390E-03	6.155490E-04	
1.748690E-03	1.781970E-03	
-9.126270E-04	4.919440E-03	
-4.566900E-04	4.338410E-03	
1.328260E-04	3.630690E-03	
8.645330E-04	2.783440E-03	
2.206880E-02	-1.862300E-02	
2.273730E-02	-1.976850E-02	
2.085200E-02	-1.723490E-02	
1.956380E-02	-1.594060E-02	
2.334440E-02	-2.067490E-02	
2.124980E-02	-1.837060E-02	
1.942980E-02	-1.638660E-02	
1.764130E-02	-1.398350E-02	
1.749680E-02	-1.438360E-02	
1.582520E-02	-1.215070E-02	
1.566090E-02	-1.249010E-02	
1.409280E-02	-1.043120E-02	
1.389840E-02	-1.069550E-02	
1.255820E-02	-8.922670E-03	
1.229230E-02	-9.127490E-03	
1.121000E-02	-7.546070E-03	
1.084350E-02	-7.521890E-03	
1.020430E-02	-6.718920E-03	
9.226110E-03	-5.835080E-03	
7.254570E-03	-3.877860E-03	
5.489190E-03	-2.095900E-03	
3.998710E-03	-5.819020E-04	
2.731660E-03	7.073320E-04	
1.674790E-03	1.787930E-03	
7.860890E-04	2.704120E-03	
5.339800E-05	3.469060E-03	
-5.399920E-04	4.101630E-03	
-1.347750E-03	5.017520E-03	
-1.003360E-03	4.612950E-03	
3.037720E-02	-9.028310E-02	
2.798510E-02	-7.997860E-02	
2.598080E-02	-7.006110E-02	
2.362040E-02	-6.053810E-02	
2.122810E-02	-5.173370E-02	
1.901820E-02	-4.374190E-02	
1.668850E-02	-3.633020E-02	
1.451410E-02	-2.961070E-02	
1.228560E-02	-2.379090E-02	
1.049980E-02	-1.792960E-02	
8.165130E-03	-1.199670E-02	
6.189230E-03	-7.255160E-03	
4.497520E-03	-3.471110E-03	
3.025670E-03	-4.851210E-04	
1.781860E-03	1.783250E-03	
7.419500E-04	3.426090E-03	
-9.926130E-05	4.519800E-03	
-7.570980E-04	5.147250E-03	
-1.246390E-03	5.390750E-03	
-1.585200E-03	5.331490E-03	
1.008460E-02	-6.303720E-03	
8.937960E-03	-5.046570E-03	
8.805930E-03	-4.793850E-03	
9.805070E-03	-5.662430E-03	
1.121410E-02	-7.282220E-03	
7.379530E-03	-3.649050E-03	
1.113070E-02	-6.914260E-03	
1.260770E-02	-8.596330E-03	
5.572090E-03	-1.933750E-03	
4.049510E-03	-5.107070E-04	
2.757780E-03	6.956630E-04	
1.264150E-02	-8.303130E-03	
1.417340E-02	-1.010410E-02	
1.682670E-03	1.699220E-03	
1.423420E-02	-9.793980E-03	
1.589080E-02	-1.177180E-02	
7.815210E-04	2.542270E-03	
1.594350E-02	-1.142600E-02	
1.763520E-02	-1.349020E-02	
4.104670E-05	3.237010E-03	
1.770130E-02	-1.315970E-02	
1.931480E-02	-1.518320E-02	
-5.597790E-04	3.804920E-03	
1.972130E-02	-1.532160E-02	
2.036860E-02	-1.634810E-02	
2.112450E-02	-1.711180E-02	
-1.031680E-03	4.256400E-03	
-1.386850E-03	4.604710E-03	
-1.636780E-03	4.863110E-03	
-1.793180E-03	5.046060E-03	
2.912280E-02	-9.508170E-02	
2.750710E-02	-8.682450E-02	
2.995860E-02	-9.236840E-02	
2.642220E-02	-7.765290E-02	
2.413400E-02	-6.726010E-02	
2.182150E-02	-5.788540E-02	
1.968750E-02	-4.949110E-02	
1.761060E-02	-4.195010E-02	
1.543400E-02	-3.477470E-02	
1.299890E-02	-2.813420E-02	
1.088120E-02	-2.143510E-02	
8.898830E-03	-1.538000E-02	
6.857950E-03	-9.938360E-03	
5.067100E-03	-5.447710E-03	
3.511680E-03	-1.860650E-03	
2.196350E-03	9.035180E-04	
1.089610E-03	2.951310E-03	
1.862050E-04	4.370630E-03	
-5.316370E-04	5.254370E-03	
-1.078630E-03	5.692430E-03	
-1.471570E-03	5.771290E-03	
-1.728270E-03	5.572110E-03	
-1.868240E-03	5.169500E-03	
1.930240E-02	-1.450930E-02	
2.026440E-02	-1.557520E-02	
1.847870E-02	-1.368040E-02	
1.759800E-02	-1.271650E-02	
1.596000E-02	-1.113040E-02	
1.428890E-02	-9.535980E-03	
1.272210E-02	-8.075520E-03	
1.121530E-02	-6.707330E-03	
9.837450E-03	-5.508410E-03	
8.401690E-03	-4.284810E-03	
7.210710E-03	-3.110280E-03	
5.804430E-03	-1.941910E-03	
4.221690E-03	-5.599020E-04	
2.891550E-03	5.884250E-04	
1.785980E-03	1.532250E-03	
8.621180E-04	2.316330E-03	
1.042410E-04	2.954570E-03	
-5.114500E-04	3.469980E-03	
-9.967660E-04	3.872670E-03	
-1.365580E-03	4.175720E-03	
-1.629840E-03	4.390450E-03	
-1.801300E-03	4.529050E-03	
-1.891280E-03	4.604690E-03	
-1.911290E-03	4.631230E-03	
8.785770E-03	-4.338590E-03	
7.480090E-03	-3.187510E-03	
7.550650E-03	-3.193710E-03	
8.748370E-03	-4.090030E-03	
9.974020E-03	-5.356350E-03	
5.921110E-03	-1.860910E-03	
1.008370E-02	-5.339930E-03	
1.131260E-02	-6.558520E-03	
4.450090E-03	-6.734860E-04	
3.127640E-03	4.002010E-04	
1.150890E-02	-6.576870E-03	
1.281430E-02	-7.933130E-03	
1.992480E-03	1.300630E-03	
1.036410E-03	2.043080E-03	
1.291120E-02	-7.825540E-03	
1.428590E-02	-9.287290E-03	
2.495980E-04	2.640400E-03	
-3.908250E-04	3.116320E-03	
1.426730E-02	-9.073980E-03	
1.579660E-02	-1.069540E-02	
-8.972780E-04	3.481600E-03	
1.571130E-02	-1.045850E-02	
1.706550E-02	-1.193190E-02	
-1.285130E-03	3.750170E-03	
1.722410E-02	-1.199850E-02	
1.770950E-02	-1.281050E-02	
1.840140E-02	-1.332830E-02	
-1.566910E-03	3.932040E-03	
-1.755740E-03	4.038510E-03	
-1.863460E-03	4.080550E-03	
-1.900530E-03	4.069240E-03	
-1.876890E-03	4.017040E-03	
1.643020E-02	-4.063000E-02	
1.496270E-02	-3.767600E-02	
1.465080E-02	-3.454710E-02	
1.202450E-02	-2.777360E-02	
1.816930E-02	-4.730510E-02	
1.685430E-02	-4.507710E-02	
9.762750E-03	-2.005790E-02	
7.689940E-03	-1.365270E-02	
5.797460E-03	-8.310050E-03	
2.021980E-02	-5.532650E-02	
1.855460E-02	-5.273770E-02	
4.134730E-03	-3.944740E-03	
2.722800E-03	-5.108630E-04	
2.228280E-02	-6.431670E-02	
2.065780E-02	-6.149260E-02	
1.531310E-03	2.088450E-03	
2.451820E-02	-7.419330E-02	
2.268430E-02	-7.111830E-02	
5.538030E-04	3.948310E-03	
-2.315220E-04	5.175830E-03	
2.619790E-02	-8.412990E-02	
2.474750E-02	-8.158870E-02	
-8.404020E-04	5.874960E-03	
2.715890E-02	-9.352250E-02	
2.681740E-02	-1.004200E-01	
2.787870E-02	-9.549430E-02	
-1.291310E-03	6.145510E-03	
-1.602010E-03	6.079770E-03	
-1.790180E-03	5.757050E-03	
-1.874090E-03	5.249490E-03	
-1.872520E-03	4.623320E-03	
-1.804160E-03	3.937660E-03	
1.537850E-02	-4.306460E-02	
1.362430E-02	-3.935340E-02	
1.386420E-02	-3.615780E-02	
1.703200E-02	-5.030520E-02	
1.536100E-02	-4.790970E-02	
1.122030E-02	-2.775070E-02	
1.899910E-02	-5.880510E-02	
1.770500E-02	-5.654020E-02	
8.770140E-03	-1.916170E-02	
6.704270E-03	-1.248930E-02	
4.904790E-03	-7.090290E-03	
3.376150E-03	-2.744220E-03	
2.113860E-02	-6.834530E-02	
1.960270E-02	-6.597550E-02	
2.081280E-03	6.271120E-04	
1.011860E-03	3.104700E-03	
2.298960E-02	-7.854010E-02	
2.142700E-02	-7.572050E-02	
1.457720E-04	4.811520E-03	
2.509740E-02	-8.945030E-02	
2.323770E-02	-8.625540E-02	
-5.321700E-04	5.870230E-03	
2.540890E-02	-9.783610E-02	
2.517340E-02	-1.044290E-01	
2.605860E-02	-1.000210E-01	
-1.043700E-03	6.402110E-03	
-1.410990E-03	6.524070E-03	
-1.651900E-03	6.332810E-03	
-1.783280E-03	5.903140E-03	
-1.822450E-03	5.301860E-03	
-1.786640E-03	4.595720E-03	
-1.692390E-03	3.844250E-03	
1.053760E-02	-5.577370E-03	
9.215410E-03	-4.417540E-03	
9.319360E-03	-4.463780E-03	
7.676820E-03	-3.170950E-03	
1.047600E-02	-5.454760E-03	
1.163770E-02	-6.538900E-03	
6.264260E-03	-1.983280E-03	
4.905660E-03	-9.527010E-04	
3.490140E-03	1.454220E-04	
1.174470E-02	-6.566130E-03	
1.296940E-02	-7.751400E-03	
2.309650E-03	1.021300E-03	
1.310020E-03	1.737610E-03	
4.812630E-04	2.309780E-03	
1.304200E-02	-7.735160E-03	
1.427710E-02	-8.970590E-03	
-1.950190E-04	2.759870E-03	
1.434200E-02	-8.986890E-03	
1.567630E-02	-1.033030E-02	
-7.322780E-04	3.099110E-03	
-1.147130E-03	3.343560E-03	
1.574130E-02	-1.040260E-02	
1.613410E-02	-1.111620E-02	
1.690790E-02	-1.164800E-02	
-1.451810E-03	3.502590E-03	
-1.660410E-03	3.587770E-03	
-1.787730E-03	3.608420E-03	
-1.845290E-03	3.574000E-03	
-1.840540E-03	3.492930E-03	
-1.784140E-03	3.377810E-03	
-1.685790E-03	3.241590E-03	
-1.557010E-03	3.097390E-03	
1.080230E-02	-5.671670E-03	
9.549400E-03	-4.582520E-03	
9.601170E-03	-4.646910E-03	
8.162730E-03	-3.406520E-03	
1.071720E-02	-5.516790E-03	
1.184970E-02	-6.583390E-03	
1.188920E-02	-6.665740E-03	
1.307170E-02	-7.741010E-03	
6.685440E-03	-2.241530E-03	
5.219340E-03	-1.103940E-03	
3.925030E-03	-1.616660E-04	
2.730150E-03	6.879570E-04	
1.701630E-03	1.406340E-03	
8.051570E-04	1.971030E-03	
1.317240E-02	-7.879960E-03	
1.431620E-02	-8.945320E-03	
7.792460E-05	2.412150E-03	
1.437540E-02	-9.073670E-03	
1.468080E-02	-9.707460E-03	
1.544570E-02	-1.007730E-02	
-5.004720E-04	2.737100E-03	
-9.511170E-04	2.966060E-03	
-1.287480E-03	3.110100E-03	
-1.522320E-03	3.183910E-03	
-1.670010E-03	3.194570E-03	
-1.748470E-03	3.151140E-03	
-1.766960E-03	3.057630E-03	
-1.731320E-03	2.920590E-03	
-1.648980E-03	2.754180E-03	
-1.533550E-03	2.574290E-03	
-1.394270E-03	2.392600E-03	
1.827590E-02	-6.406700E-02	
1.647430E-02	-5.990470E-02	
1.682310E-02	-5.590430E-02	
1.422070E-02	-4.645110E-02	
1.967890E-02	-7.293750E-02	
1.816540E-02	-7.002410E-02	
1.207000E-02	-3.623300E-02	
1.013180E-02	-2.692100E-02	
7.809510E-03	-1.847110E-02	
5.878320E-03	-1.170800E-02	
2.158270E-02	-8.330520E-02	
1.977820E-02	-8.092610E-02	
4.164300E-03	-6.305230E-03	
2.757420E-03	-1.794210E-03	
1.570020E-03	1.590250E-03	
2.340860E-02	-9.401340E-02	
2.195720E-02	-9.153720E-02	
6.037460E-04	3.994780E-03	
-1.568670E-04	5.572520E-03	
2.369680E-02	-1.025440E-01	
2.331100E-02	-1.084030E-01	
2.437990E-02	-1.042110E-01	
-7.365420E-04	6.474970E-03	
-1.160090E-03	6.851510E-03	
-1.454060E-03	6.838240E-03	
-1.633770E-03	6.546090E-03	
-1.719550E-03	6.026490E-03	
-1.725010E-03	5.342160E-03	
-1.663270E-03	4.562090E-03	
-1.552360E-03	3.749970E-03	
-1.406290E-03	2.956200E-03	
-1.240340E-03	2.219080E-03	
1.214370E-02	-6.934500E-03	
1.100140E-02	-5.847680E-03	
1.095310E-02	-5.927630E-03	
9.598240E-03	-4.653810E-03	
1.184030E-02	-6.760230E-03	
1.304760E-02	-7.828320E-03	
8.362610E-03	-3.522770E-03	
7.051770E-03	-2.483380E-03	
5.649980E-03	-1.400390E-03	
4.367530E-03	-4.421370E-04	
3.247090E-03	3.360890E-04	
2.204370E-03	1.001810E-03	
1.246900E-03	1.609540E-03	
1.282680E-02	-7.835640E-03	
1.300530E-02	-8.432200E-03	
1.393040E-02	-8.821130E-03	
4.308660E-04	2.076160E-03	
-2.023850E-04	2.403890E-03	
-6.962860E-04	2.627030E-03	
-1.070040E-03	2.760510E-03	
-1.339770E-03	2.824210E-03	
-1.521770E-03	2.831600E-03	
-1.620260E-03	2.795500E-03	
-1.655740E-03	2.710130E-03	
-1.653750E-03	2.573680E-03	
-1.586680E-03	2.387090E-03	
-1.487000E-03	2.177100E-03	
-1.360040E-03	1.963620E-03	
-1.216360E-03	1.757020E-03	
-1.064900E-03	1.564140E-03	
2.131890E-02	-1.053070E-01	
2.116750E-02	-1.113580E-01	
2.228630E-02	-1.079160E-01	
2.193960E-02	-9.954270E-02	
2.018260E-02	-9.481330E-02	
2.082610E-02	-9.071500E-02	
1.838190E-02	-7.955830E-02	
1.658740E-02	-6.733590E-02	
1.469360E-02	-5.618000E-02	
1.290280E-02	-4.509370E-02	
1.070210E-02	-3.451660E-02	
8.832730E-03	-2.563730E-02	
6.895560E-03	-1.794980E-02	
5.411300E-03	-1.159520E-02	
3.618440E-03	-5.909610E-03	
2.245300E-03	-1.045740E-03	
1.148630E-03	2.420630E-03	
2.897750E-04	4.786840E-03	
-3.740480E-04	6.253990E-03	
-8.655100E-04	7.006160E-03	
-1.205650E-03	7.219850E-03	
-1.439260E-03	7.096830E-03	
-1.559550E-03	6.737790E-03	
-1.610640E-03	6.144640E-03	
-1.591200E-03	5.383540E-03	
-1.513430E-03	4.535670E-03	
-1.390740E-03	3.666650E-03	
-1.242460E-03	2.829010E-03	
-1.078590E-03	2.061810E-03	
-9.110720E-04	1.390620E-03	
-1.213880E-03	7.499090E-03	
-1.415980E-03	7.235630E-03	
-1.427320E-03	6.958900E-03	
-1.467230E-03	6.268750E-03	
-9.305170E-04	7.467700E-03	
-1.432920E-03	5.434700E-03	
-5.136010E-04	6.866060E-03	
-1.341200E-03	4.528040E-03	
5.841180E-05	5.500180E-03	
-1.217170E-03	3.606910E-03	
8.111130E-04	3.135960E-03	
-1.069410E-03	2.726420E-03	
1.768590E-03	-4.704670E-04	
-9.151540E-04	1.928700E-03	
3.153860E-03	-5.364620E-03	
4.208810E-03	-1.101420E-02	
5.034960E-03	-1.201850E-02	
-7.599950E-04	1.241560E-03	
6.230910E-03	-1.751630E-02	
5.574440E-03	-1.700560E-02	
1.758860E-02	-9.933690E-02	
1.941120E-02	-1.013550E-01	
1.856450E-02	-1.110500E-01	
2.003300E-02	-1.110400E-01	
1.644460E-02	-8.714740E-02	
1.809170E-02	-9.019150E-02	
1.503770E-02	-7.514000E-02	
1.689300E-02	-7.781400E-02	
1.344100E-02	-6.337350E-02	
1.492500E-02	-6.527830E-02	
1.195450E-02	-5.273410E-02	
1.326770E-02	-5.385280E-02	
1.039720E-02	-4.255880E-02	
1.145780E-02	-4.340040E-02	
8.423910E-03	-3.338960E-02	
9.539800E-03	-3.357570E-02	
7.017610E-03	-2.447420E-02	
7.779410E-03	-2.487930E-02	
-1.540570E-03	2.399200E-03	
-1.591130E-03	2.356590E-03	
-1.500330E-03	2.165840E-03	
-1.456220E-03	2.465870E-03	
-1.423190E-03	1.911960E-03	
-1.322180E-03	2.515900E-03	
-1.308960E-03	1.665460E-03	
-1.108490E-03	2.520180E-03	
-1.175200E-03	1.428610E-03	
-8.024650E-04	2.462540E-03	
-1.033040E-03	1.207610E-03	
-3.871230E-04	2.331480E-03	
-8.876730E-04	1.006530E-03	
1.574750E-04	2.102370E-03	
-7.467880E-04	8.290570E-04	
8.660830E-04	1.739440E-03	
-6.119810E-04	6.767540E-04	
1.567980E-03	1.378710E-03	
1.976200E-03	1.055060E-03	
1.157330E-02	-6.734670E-03	
1.056110E-02	-5.957060E-03	
1.240030E-02	-7.601810E-03	
1.150810E-02	-6.970240E-03	
1.061560E-02	-5.780250E-03	
9.567220E-03	-4.941970E-03	
9.682800E-03	-4.788260E-03	
8.522250E-03	-3.920130E-03	
8.560940E-03	-3.784620E-03	
7.434690E-03	-2.951370E-03	
7.227020E-03	-2.640490E-03	
6.280010E-03	-1.973130E-03	
5.989640E-03	-1.671880E-03	
5.151320E-03	-1.084620E-03	
4.780440E-03	-7.597810E-04	
4.083080E-03	-3.033680E-04	
3.688310E-03	1.353000E-05	
3.105630E-03	3.685610E-04	
2.725700E-03	6.709230E-04	
2.253680E-03	9.082840E-04	
1.085310E-02	-5.185330E-02	
9.284290E-03	-4.835170E-02	
9.797840E-03	-4.343130E-02	
8.049780E-03	-4.524950E-02	
6.759150E-03	-3.390710E-02	
7.694000E-03	-3.397010E-02	
5.380550E-03	-2.395600E-02	
6.108610E-03	-2.427500E-02	
1.195050E-02	-6.155650E-02	
1.070350E-02	-5.923130E-02	
9.189670E-03	-5.685750E-02	
1.351250E-02	-7.295430E-02	
1.189060E-02	-7.092010E-02	
1.056110E-02	-6.909640E-02	
4.106810E-03	-1.608280E-02	
4.814220E-03	-1.651790E-02	
3.187340E-03	-9.819810E-03	
3.588500E-03	-1.016060E-02	
1.477710E-02	-8.523420E-02	
1.333710E-02	-8.360100E-02	
1.166220E-02	-8.197480E-02	
2.744110E-03	-4.920330E-03	
2.488200E-03	-5.114890E-03	
1.608390E-02	-9.814040E-02	
1.455830E-02	-9.706480E-02	
1.305850E-02	-9.558770E-02	
1.413280E-03	-1.274940E-04	
5.595990E-04	3.774530E-03	
-9.826440E-05	6.138030E-03	
1.455940E-02	-1.099650E-01	
1.397360E-02	-1.170370E-01	
1.580310E-02	-1.115410E-01	
1.719450E-02	-1.114140E-01	
-5.760730E-04	7.394800E-03	
-9.169520E-04	7.837240E-03	
-1.153140E-03	7.677770E-03	
-1.272090E-03	7.136690E-03	
-1.303340E-03	6.369040E-03	
-1.250660E-03	5.498190E-03	
-1.157540E-03	4.552830E-03	
-1.032430E-03	3.585840E-03	
-8.951620E-04	2.659140E-03	
-7.512270E-04	1.828140E-03	
-6.148300E-04	1.121070E-03	
-4.862030E-04	5.519980E-04	
1.060600E-02	-6.507920E-03	
1.008110E-02	-6.302370E-03	
9.595840E-03	-5.367580E-03	
8.590640E-03	-4.273570E-03	
7.592160E-03	-3.295200E-03	
6.554580E-03	-2.364610E-03	
5.493580E-03	-1.480470E-03	
4.477080E-03	-6.614970E-04	
3.490650E-03	4.714420E-05	
2.607440E-03	6.468580E-04	
1.829410E-03	1.138290E-03	
1.135600E-03	1.535930E-03	
5.123330E-04	1.836240E-03	
-4.328500E-05	2.073860E-03	
-4.939020E-04	2.214410E-03	
-8.368730E-04	2.274140E-03	
-1.084640E-03	2.266160E-03	
-1.248170E-03	2.211800E-03	
-1.344620E-03	2.124920E-03	
-1.385970E-03	2.002760E-03	
-1.355140E-03	1.797730E-03	
-1.250190E-03	1.504300E-03	
-1.120800E-03	1.231310E-03	
-9.864350E-04	9.803650E-04	
-8.484610E-04	7.529450E-04	
-7.160100E-04	5.531070E-04	
-5.896950E-04	3.801340E-04	
-4.748470E-04	2.350610E-04	
-3.702360E-04	1.163720E-04	
1.329090E-02	-1.177260E-01	
1.187000E-02	-1.192470E-01	
1.228130E-02	-1.075010E-01	
1.119680E-02	-9.394910E-02	
1.016430E-02	-8.051930E-02	
8.918010E-03	-6.752970E-02	
7.922150E-03	-5.519290E-02	
6.745770E-03	-4.340170E-02	
5.818190E-03	-3.287080E-02	
4.484990E-03	-2.340200E-02	
3.547160E-03	-1.562600E-02	
2.671000E-03	-9.428340E-03	
1.947530E-03	-4.633130E-03	
1.148920E-03	3.037060E-04	
3.250070E-04	4.330070E-03	
-1.855420E-04	6.698480E-03	
-5.682810E-04	7.834650E-03	
-8.287630E-04	8.112320E-03	
-9.965210E-04	7.807310E-03	
-1.078550E-03	7.173830E-03	
-1.118500E-03	6.416280E-03	
-1.059280E-03	5.594030E-03	
-9.634850E-04	4.636150E-03	
-8.490010E-04	3.619770E-03	
-7.166870E-04	2.641290E-03	
-5.913690E-04	1.766570E-03	
-4.746300E-04	1.033960E-03	
-3.700880E-04	4.555020E-04	
-2.763080E-04	2.452090E-05	
-1.236510E-03	1.679580E-03	
-1.170640E-03	1.450550E-03	
-1.075990E-03	1.398780E-03	
-1.041930E-03	1.162900E-03	
-9.236860E-04	8.783980E-04	
-1.042480E-03	1.512280E-03	
-1.210860E-03	1.806110E-03	
-7.945130E-04	6.233650E-04	
-9.918720E-04	1.658400E-03	
-1.137790E-03	1.921610E-03	
-6.686450E-04	3.974020E-04	
-5.497440E-04	2.021690E-04	
-8.983510E-04	1.788690E-03	
-1.009860E-03	2.018770E-03	
-4.443950E-04	4.056490E-05	
-7.454330E-04	1.889810E-03	
-8.147860E-04	2.076980E-03	
-3.500810E-04	-9.237140E-05	
-5.215950E-04	1.942610E-03	
-5.347210E-04	2.080860E-03	
-2.123950E-04	1.932450E-03	
-1.637360E-04	2.009750E-03	
-2.682760E-04	-1.982430E-04	
1.697260E-04	1.834770E-03	
2.978370E-04	1.856840E-03	
-1.965470E-04	-2.797850E-04	
6.370000E-04	1.658260E-03	
8.440840E-04	1.617890E-03	
8.654390E-03	-4.789080E-03	
7.676450E-03	-4.235330E-03	
9.290830E-03	-5.622520E-03	
8.382090E-03	-5.168200E-03	
6.825590E-03	-3.850080E-03	
7.574270E-03	-4.769170E-03	
6.076920E-03	-2.940780E-03	
6.863780E-03	-3.291460E-03	
7.714130E-03	-3.745360E-03	
5.322040E-03	-2.094910E-03	
6.034780E-03	-2.419290E-03	
6.772670E-03	-2.792780E-03	
4.602690E-03	-1.361900E-03	
5.228030E-03	-1.616370E-03	
5.850130E-03	-1.948150E-03	
4.000940E-03	-6.813150E-04	
4.546700E-03	-1.138070E-03	
4.872690E-03	-1.157580E-03	
3.886540E-03	-3.659600E-04	
3.314380E-03	-1.012770E-04	
2.971650E-03	3.177090E-04	
2.502680E-03	5.340070E-04	
2.173890E-03	8.594000E-04	
1.795660E-03	1.020290E-03	
1.467420E-03	1.290700E-03	
1.177680E-03	1.388280E-03	
-8.628590E-04	7.024590E-03	
-9.980500E-04	6.427730E-03	
-8.803820E-04	5.784780E-03	
-8.122360E-04	7.824770E-03	
-7.704180E-04	4.815450E-03	
-6.900320E-04	8.288240E-03	
-6.640910E-04	3.739220E-03	
-5.402180E-04	2.678120E-03	
-5.039160E-04	8.174920E-03	
-4.270120E-04	1.757640E-03	
-2.118360E-04	7.191850E-03	
1.752940E-04	4.837630E-03	
-3.425260E-04	9.785470E-04	
9.222330E-04	9.527270E-04	
-2.604220E-04	3.890820E-04	
1.092410E-03	-3.358090E-03	
1.692630E-03	-4.401320E-03	
2.160940E-03	-8.936700E-03	
1.759820E-03	-8.241610E-03	
-1.916110E-04	-4.042700E-05	
2.911340E-03	-1.510240E-02	
2.413860E-03	-1.455670E-02	
-1.338110E-04	-3.372560E-04	
3.848340E-03	-2.281910E-02	
3.097000E-03	-2.226170E-02	
8.510240E-03	-1.051000E-01	
1.035070E-02	-1.062590E-01	
8.729050E-03	-1.174140E-01	
1.024740E-02	-1.178290E-01	
7.770490E-03	-9.186620E-02	
9.505700E-03	-9.273320E-02	
7.056600E-03	-7.855410E-02	
8.493150E-03	-7.936110E-02	
6.183510E-03	-6.556700E-02	
7.613740E-03	-6.638400E-02	
5.445580E-03	-5.320860E-02	
6.549040E-03	-5.399040E-02	
4.627210E-03	-4.172690E-02	
5.746260E-03	-4.244170E-02	
3.923690E-03	-3.136250E-02	
4.722980E-03	-3.197700E-02	
5.242040E-03	-3.362060E-03	
4.746760E-03	-3.466160E-03	
4.554750E-03	-2.457730E-03	
3.938910E-03	-1.596640E-03	
3.349420E-03	-8.672400E-04	
2.760210E-03	-2.145480E-04	
3.336040E-03	-4.055790E-04	
3.969540E-03	-1.074610E-03	
4.628350E-03	-1.827610E-03	
6.011840E-03	-3.562430E-03	
5.321690E-03	-2.652040E-03	
6.731060E-03	-4.597230E-03	
5.852450E-03	-4.286510E-03	
5.147260E-03	-3.918520E-03	
9.394850E-04	1.454680E-03	
7.414520E-04	1.491700E-03	
1.171220E-03	1.214840E-03	
1.464470E-03	1.132740E-03	
4.902790E-04	1.673490E-03	
3.764720E-04	1.675140E-03	
1.660860E-03	8.313620E-04	
2.057370E-03	7.079300E-04	
2.202440E-03	3.513840E-04	
2.700560E-03	1.771240E-04	
1.139640E-04	1.790650E-03	
9.710060E-05	1.759710E-03	
-2.063190E-04	1.848980E-03	
-4.654880E-04	1.814690E-03	
-6.414990E-04	1.721160E-03	
-7.559090E-04	1.586230E-03	
-8.255600E-04	1.430580E-03	
-8.622230E-04	1.273510E-03	
-8.826740E-04	1.104000E-03	
-8.362940E-04	8.926150E-04	
-7.241480E-04	6.155330E-04	
-6.050720E-04	3.654610E-04	
-4.893710E-04	1.362760E-04	
-3.920640E-04	-4.941080E-05	
-3.079970E-04	-1.998490E-04	
-2.393840E-04	-3.179440E-04	
-1.800300E-04	-4.100190E-04	
-1.298060E-04	-4.794460E-04	
-8.701440E-05	-5.285710E-04	
-6.964120E-04	9.002420E-04	
-6.273960E-04	6.894000E-04	
-5.106020E-04	7.248060E-04	
-4.799190E-04	8.845820E-04	
-6.795410E-04	1.061440E-03	
-5.117140E-04	4.494880E-04	
-4.403580E-04	1.084100E-03	
-6.430350E-04	1.238560E-03	
-4.190040E-04	2.013870E-04	
-3.130960E-04	-2.825570E-05	
-4.016590E-04	1.276360E-03	
-5.910450E-04	1.414560E-03	
-2.285010E-04	-2.090560E-04	
-1.819650E-04	-3.520000E-04	
-3.595760E-04	1.469190E-03	
-5.088600E-04	1.578260E-03	
-1.394890E-04	-4.565120E-04	
-2.700100E-04	1.614750E-03	
-3.806580E-04	1.705830E-03	
-1.503350E-04	1.704180E-03	
-1.877100E-04	1.767790E-03	
-1.037740E-04	-5.364410E-04	
-1.394490E-06	1.734290E-03	
4.527040E-05	1.770070E-03	
-7.372530E-05	-5.964260E-04	
1.883230E-04	1.677870E-03	
2.768780E-04	1.676630E-03	
4.185460E-04	1.535380E-03	
5.689080E-04	1.519390E-03	
-4.880260E-05	-6.386420E-04	
6.778850E-04	1.311800E-03	
9.114060E-04	1.272250E-03	
4.130080E-03	-2.991890E-03	
3.293680E-03	-2.753040E-03	
4.396180E-03	-3.843240E-03	
3.567100E-03	-3.603750E-03	
2.496680E-03	-2.594020E-03	
2.775600E-03	-3.439720E-03	
2.216650E-03	-1.805490E-03	
2.970290E-03	-1.975820E-03	
3.794630E-03	-2.237380E-03	
1.954500E-03	-1.101120E-03	
2.601030E-03	-1.233100E-03	
3.271850E-03	-1.404240E-03	
1.696890E-03	-4.687540E-04	
2.242220E-03	-5.785290E-04	
2.777210E-03	-7.096030E-04	
1.520830E-03	8.238790E-05	
1.937880E-03	-2.053900E-04	
2.251200E-03	-1.109480E-04	
1.739620E-03	4.454190E-04	
1.300940E-03	5.389650E-04	
1.301120E-03	9.209390E-04	
9.731350E-04	9.902080E-04	
-6.420980E-04	6.756600E-03	
-7.905990E-04	5.920050E-03	
-5.989860E-04	7.748290E-03	
-5.619580E-04	5.136630E-03	
-4.997990E-04	8.366940E-03	
-4.727680E-04	3.944040E-03	
-3.893810E-04	8.405590E-03	
-3.654570E-04	2.821740E-03	
-2.630320E-04	1.784540E-03	
-2.102200E-04	7.584830E-03	
-2.056650E-04	9.531510E-04	
1.312670E-04	5.505480E-03	
-1.558230E-04	3.533280E-04	
2.258170E-04	2.426830E-03	
8.864380E-04	1.338090E-03	
8.272400E-04	-2.382940E-03	
6.445360E-04	-1.720770E-03	
-1.125920E-04	-7.600620E-05	
1.301220E-03	-7.594050E-03	
9.635820E-04	-7.309470E-03	
-7.793330E-05	-3.702580E-04	
1.854290E-03	-1.413040E-02	
1.328220E-03	-1.404220E-02	
2.465970E-03	-2.185700E-02	
1.817120E-03	-2.166260E-02	
-4.996670E-05	-5.578260E-04	
3.093810E-03	-3.089450E-02	
2.369520E-03	-3.056920E-02	
3.696430E-03	-4.120850E-02	
2.797970E-03	-4.076430E-02	
-2.772570E-05	-6.647870E-04	
5.220360E-03	-1.048470E-01	
6.781240E-03	-1.047410E-01	
5.722020E-03	-1.182040E-01	
7.140340E-03	-1.177490E-01	
4.631650E-03	-9.152840E-02	
6.242250E-03	-9.146550E-02	
4.262980E-03	-7.795560E-02	
5.585890E-03	-7.809730E-02	
3.675830E-03	-6.466170E-02	
4.935350E-03	-6.501140E-02	
3.073840E-03	-5.218120E-02	
4.245570E-03	-5.264300E-02	
-6.703740E-05	3.489850E-03	
-3.608530E-05	2.587060E-03	
-2.140720E-04	3.130470E-03	
-2.926170E-04	4.212240E-03	
-9.024660E-05	4.473100E-03	
-1.008950E-04	1.746950E-03	
-3.701570E-04	5.406490E-03	
-1.330730E-04	5.564510E-03	
-7.220650E-05	9.434850E-04	
-5.195390E-05	3.519960E-04	
-4.024360E-04	6.597760E-03	
-1.439740E-04	6.598770E-03	
-1.239430E-04	7.539200E-03	
-1.037920E-04	8.219570E-03	
-7.618870E-05	8.516170E-03	
-8.268330E-05	8.549420E-03	
-3.104690E-04	8.318330E-03	
-2.382810E-04	8.555930E-03	
-2.241470E-04	8.507250E-03	
-3.671990E-04	7.633720E-03	
-3.719400E-05	-7.882890E-05	
1.051780E-05	6.897950E-03	
-5.424680E-05	5.292520E-03	
8.360770E-05	3.082250E-03	
3.529570E-05	6.343520E-03	
-2.077480E-04	5.122230E-03	
2.119420E-04	3.023290E-03	
-3.607200E-05	7.995870E-03	
-1.347950E-04	7.846660E-03	
-2.522880E-05	-3.763700E-04	
6.025920E-04	-2.437030E-02	
9.221800E-05	-1.953530E-02	
9.879410E-04	-2.308110E-02	
6.408240E-04	-1.406660E-02	
2.589460E-04	-1.295610E-02	
9.011650E-05	-1.811870E-02	
1.015960E-04	-2.419460E-02	
9.114330E-04	-1.435100E-02	
1.287390E-03	-2.195970E-02	
6.866050E-04	-3.032930E-02	
1.148480E-03	-3.033110E-02	
7.749910E-04	-3.675740E-02	
1.356970E-03	-3.842260E-02	
1.047190E-04	-4.283260E-02	
1.635100E-03	-3.039430E-02	
1.942790E-03	-3.997840E-02	
2.450170E-04	-3.042090E-02	
1.337440E-04	-3.711180E-02	
2.281190E-04	-4.466810E-02	
8.183390E-05	-7.991710E-03	
6.626430E-05	-3.554860E-03	
4.675240E-04	-8.642170E-03	
7.177830E-05	-4.837220E-03	
7.660060E-04	-7.939400E-03	
1.546570E-04	-5.910810E-06	
3.413210E-04	-9.305220E-04	
6.149290E-04	-6.799780E-02	
3.258360E-05	-5.996870E-02	
6.458030E-04	-5.192580E-02	
1.548360E-03	-6.614230E-02	
-6.766200E-04	-5.942930E-02	
1.628870E-03	-5.147920E-02	
1.979740E-03	-5.170900E-02	
2.512500E-03	-6.479080E-02	
1.649290E-03	-1.091590E-01	
8.116760E-04	-1.016500E-01	
2.596060E-03	-1.076330E-01	
3.794880E-03	-1.056210E-01	
3.972590E-04	-1.081880E-01	
4.084480E-04	-9.990680E-02	
3.090390E-03	-9.179720E-02	
1.833110E-03	-9.123980E-02	
1.027310E-03	-9.119280E-02	
8.424120E-04	-7.758290E-02	
-1.562940E-03	-8.452780E-02	
1.556790E-03	-7.837310E-02	
2.794670E-03	-7.813570E-02	
7.172170E-04	-1.151660E-01	
1.848400E-03	-1.180890E-01	
7.361600E-04	-1.216580E-01	
2.575120E-03	-1.192640E-01	
4.069100E-03	-1.187190E-01	
-1.602430E-05	-5.666550E-04	
-8.739490E-06	-6.753320E-04	
-5.159060E-05	-2.949920E-05	
-1.793740E-04	-4.909200E-05	
-5.752420E-05	-1.837230E-04	
-7.969030E-05	1.235520E-04	
-2.509650E-04	1.321560E-04	
-8.209500E-05	-3.027520E-04	
-1.002720E-04	3.020410E-04	
-3.123680E-04	3.542120E-04	
-6.280650E-05	-4.228730E-04	
-4.668380E-05	-5.184840E-04	
-9.734130E-05	6.850550E-04	
-8.297380E-05	8.742540E-04	
-7.814770E-05	1.056480E-03	
-7.286100E-05	1.223100E-03	
-2.527560E-04	9.554030E-04	
-1.812130E-04	1.093860E-03	
-2.355890E-04	1.223680E-03	
-2.870440E-04	7.640850E-04	
-3.201870E-04	5.559720E-04	
-1.067900E-04	4.875680E-04	
-3.409080E-05	-5.924050E-04	
-5.640560E-05	1.499960E-03	
-4.299710E-05	1.603960E-03	
-2.630770E-05	1.671800E-03	
-1.621790E-04	1.542120E-03	
-9.752450E-05	1.631310E-03	
-9.159520E-05	1.675130E-03	
-2.134570E-04	1.402180E-03	
-7.060380E-05	1.371290E-03	
-2.399510E-05	-6.477060E-04	
6.575980E-04	-2.712840E-03	
1.129660E-03	-2.646110E-03	
7.465920E-04	-2.175240E-03	
1.715200E-03	-2.506940E-03	
2.597570E-04	-2.087610E-03	
2.138790E-04	-2.569040E-03	
1.447210E-03	-1.704880E-03	
8.339470E-04	-1.659890E-03	
2.566890E-04	-1.649420E-03	
4.700550E-04	-7.544500E-04	
6.180230E-04	-1.143190E-03	
8.592680E-04	-8.238780E-04	
1.322820E-03	-9.933550E-04	
1.637410E-04	-7.960040E-04	
2.209500E-04	-1.222990E-03	
4.380570E-04	-4.619800E-04	
7.720970E-04	-4.246840E-04	
4.961370E-04	-1.059280E-04	
5.426140E-04	2.636820E-04	
1.161440E-03	-3.553950E-04	
9.560370E-04	2.081260E-04	
1.639370E-04	2.768150E-04	
1.714590E-04	-5.494140E-05	
1.503850E-04	-4.281220E-04	
1.799920E-04	-2.984240E-03	
2.770490E-04	-3.486330E-03	
6.238420E-04	-3.159130E-03	
1.220630E-03	-3.392290E-03	
2.003970E-03	-3.382510E-03	
1.952230E-04	1.259600E-03	
3.206110E-04	1.282680E-03	
1.868740E-04	1.424210E-03	
1.629850E-04	1.540590E-03	
4.814720E-05	1.569590E-03	
5.912320E-05	1.449860E-03	
6.616580E-05	1.283230E-03	
4.684340E-04	1.329000E-03	
2.837290E-04	1.528150E-03	
2.796270E-04	8.825760E-04	
3.828060E-04	6.179210E-04	
5.127040E-04	8.111080E-04	
4.422790E-04	1.064450E-03	
2.401490E-04	1.085300E-03	
8.338400E-04	6.683060E-04	
6.789530E-04	1.041840E-03	
7.744870E-05	1.092170E-03	
9.596970E-05	8.676410E-04	
1.368620E-04	5.785660E-04	
9.593920E-05	1.641220E-03	
1.376650E-04	1.652410E-03	
5.444790E-05	1.708740E-03	
1.286530E-05	1.702600E-03	
3.220310E-05	1.656550E-03	
-1.131090E-05	1.713520E-03	
-7.611550E-06	1.703840E-03	
-2.679230E-06	-7.236730E-04	
-8.824540E-06	-7.117870E-04	
-1.570740E-05	-6.868760E-04	
-1.634730E-02	-5.107950E-02	
-1.418440E-02	-5.670960E-02	
-1.137840E-02	-6.177970E-02	
-8.190450E-03	-6.645990E-02	
-4.897390E-03	-7.076350E-02	
-1.709530E-03	-7.476610E-02	
1.300890E-03	-7.856060E-02	
4.071350E-03	-8.226990E-02	
6.508170E-03	-8.603500E-02	
8.333480E-03	-8.967440E-02	
1.002190E-02	-9.327680E-02	
1.108690E-02	-9.697640E-02	
1.161880E-02	-1.005600E-01	
1.160970E-02	-1.039830E-01	
1.110970E-02	-1.072340E-01	
9.957440E-03	-1.102000E-01	
8.278160E-03	-1.126400E-01	
6.331050E-03	-1.145940E-01	
3.936710E-03	-1.159930E-01	
1.392060E-03	-1.167460E-01	
-2.032690E-02	-5.257290E-02	
-1.787760E-02	-5.845200E-02	
-1.471750E-02	-6.393030E-02	
-1.118100E-02	-6.874470E-02	
-7.621330E-03	-7.301280E-02	
-4.237490E-03	-7.688800E-02	
-1.119130E-03	-8.051550E-02	
1.682010E-03	-8.402030E-02	
4.088810E-03	-8.746830E-02	
6.069180E-03	-9.085430E-02	
7.653080E-03	-9.420170E-02	
8.772480E-03	-9.752690E-02	
9.383620E-03	-1.007670E-01	
9.501690E-03	-1.038590E-01	
9.123170E-03	-1.067500E-01	
8.237260E-03	-1.093440E-01	
6.912410E-03	-1.115330E-01	
5.242480E-03	-1.132600E-01	
3.282900E-03	-1.144750E-01	
1.121040E-03	-1.151090E-01	
-2.464820E-02	-5.380380E-02	
-2.195240E-02	-6.051890E-02	
-1.820520E-02	-6.638430E-02	
-1.416510E-02	-7.127750E-02	
-1.025330E-02	-7.543360E-02	
-6.645400E-03	-7.911810E-02	
-3.399620E-03	-8.252320E-02	
-5.423100E-04	-8.577560E-02	
1.902490E-03	-8.894360E-02	
3.925190E-03	-9.205300E-02	
5.524000E-03	-9.511530E-02	
6.678900E-03	-9.812400E-02	
7.371480E-03	-1.010420E-01	
7.602860E-03	-1.038170E-01	
7.379850E-03	-1.063890E-01	
6.720760E-03	-1.086850E-01	
5.675060E-03	-1.106260E-01	
4.310750E-03	-1.121530E-01	
2.697660E-03	-1.132140E-01	
9.189700E-04	-1.137610E-01	
-4.546950E-02	-6.011290E-02	
-3.650930E-02	-5.699390E-02	
-2.989540E-02	-5.513710E-02	
-3.636330E-02	-7.151180E-02	
-3.142050E-02	-6.644930E-02	
-2.645630E-02	-6.304880E-02	
-2.841760E-02	-7.719570E-02	
-2.528160E-02	-7.288360E-02	
-2.178390E-02	-6.930740E-02	
-2.211710E-02	-8.095610E-02	
-1.976450E-02	-7.735610E-02	
-1.706470E-02	-7.413140E-02	
-1.698220E-02	-8.391360E-02	
-1.500920E-02	-8.088690E-02	
-1.273980E-02	-7.805450E-02	
-1.270690E-02	-8.650040E-02	
-1.092520E-02	-8.393220E-02	
-8.889740E-03	-8.146630E-02	
-9.104540E-03	-8.890920E-02	
-7.419130E-03	-8.672420E-02	
-5.509270E-03	-8.459220E-02	
-6.060930E-03	-9.123320E-02	
-4.424090E-03	-8.938350E-02	
-2.580990E-03	-8.756230E-02	
-3.505870E-03	-9.351500E-02	
-1.896710E-03	-9.197070E-02	
-9.292340E-05	-9.044550E-02	
-1.395510E-03	-9.576790E-02	
1.903810E-04	-9.451040E-02	
1.963670E-03	-9.327140E-02	
2.979190E-04	-9.798670E-02	
1.853830E-03	-9.700420E-02	
3.593580E-03	-9.604710E-02	
1.593010E-03	-1.001530E-01	
3.103190E-03	-9.943730E-02	
4.794480E-03	-9.876060E-02	
2.504980E-03	-1.022370E-01	
3.946190E-03	-1.017800E-01	
5.563680E-03	-1.013810E-01	
3.050620E-03	-1.042020E-01	
4.394210E-03	-1.039930E-01	
5.906180E-03	-1.038630E-01	
3.251960E-03	-1.060040E-01	
4.465840E-03	-1.060260E-01	
5.835680E-03	-1.061520E-01	
3.138950E-03	-1.075990E-01	
4.189850E-03	-1.078290E-01	
5.378230E-03	-1.081860E-01	
2.750910E-03	-1.089400E-01	
3.607390E-03	-1.093490E-01	
4.577600E-03	-1.099050E-01	
2.136410E-03	-1.099880E-01	
2.771110E-03	-1.105370E-01	
3.491950E-03	-1.112520E-01	
1.352310E-03	-1.107080E-01	
1.743190E-03	-1.113560E-01	
2.188580E-03	-1.121830E-01	
4.627310E-04	-1.110750E-01	
5.948200E-04	-1.117740E-01	
7.456940E-04	-1.126600E-01	
-5.655740E-02	3.453060E-03	
-6.008360E-02	-2.229010E-02	
-5.517930E-02	-4.834110E-02	
-4.192900E-02	1.046680E-02	
-4.225240E-02	-2.352920E-02	
-4.029160E-02	-5.739950E-02	
-3.255460E-02	1.175300E-02	
-3.227080E-02	-2.475600E-02	
-3.084610E-02	-6.125100E-02	
-2.579810E-02	1.177640E-02	
-2.520950E-02	-2.608800E-02	
-2.397080E-02	-6.391390E-02	
-2.050090E-02	1.119350E-02	
-1.976630E-02	-2.749000E-02	
-1.858530E-02	-6.614150E-02	
-1.622200E-02	1.029170E-02	
-1.537000E-02	-2.896800E-02	
-1.419700E-02	-6.819460E-02	
-1.265590E-02	9.176590E-03	
-1.173160E-02	-3.051740E-02	
-1.054600E-02	-7.018310E-02	
-9.678290E-03	7.917090E-03	
-8.687510E-03	-3.213050E-02	
-7.483280E-03	-7.215470E-02	
-7.164950E-03	6.552620E-03	
-6.137580E-03	-3.379330E-02	
-4.919010E-03	-7.412620E-02	
-5.069930E-03	5.127550E-03	
-4.019240E-03	-3.548530E-02	
-2.797070E-03	-7.609530E-02	
-3.341180E-03	3.673510E-03	
-2.291590E-03	-3.718160E-02	
-1.081300E-03	-7.804760E-02	
-1.954510E-03	2.228290E-03	
-9.259330E-04	-3.885370E-02	
2.533250E-04	-7.995990E-02	
-8.851020E-04	8.224720E-04	
1.009430E-04	-4.046980E-02	
1.227180E-03	-8.180210E-02	
-1.064630E-04	-5.088460E-04	
8.122640E-04	-4.199560E-02	
1.860910E-03	-8.353860E-02	
4.036590E-04	-1.732130E-03	
1.233370E-03	-4.339500E-02	
2.178840E-03	-8.513040E-02	
6.784660E-04	-2.814400E-03	
1.394630E-03	-4.463160E-02	
2.211310E-03	-8.653700E-02	
7.491100E-04	-3.723820E-03	
1.331840E-03	-4.567050E-02	
1.995950E-03	-8.771930E-02	
6.564190E-04	-4.433580E-03	
1.086970E-03	-4.648060E-02	
1.577870E-03	-8.864160E-02	
4.431730E-04	-4.920350E-03	
7.075390E-04	-4.703620E-02	
1.008980E-03	-8.927450E-02	
1.564070E-04	-5.167560E-03	
2.452140E-04	-4.731880E-02	
3.468560E-04	-8.959660E-02	
-6.459560E-03	-4.708490E-03	
-6.632680E-03	-5.070070E-03	
-6.791200E-03	-5.486370E-03	
-6.232160E-03	-5.181650E-03	
-5.880460E-03	-5.113520E-03	
-6.054720E-03	-4.916690E-03	
-6.286680E-03	-5.569290E-03	
-5.867790E-03	-5.546640E-03	
-6.869640E-03	-4.514510E-03	
-7.092540E-03	-4.882310E-03	
-7.297850E-03	-5.325110E-03	
-7.298330E-03	-4.258250E-03	
-7.561940E-03	-4.646140E-03	
-7.843690E-03	-5.097810E-03	
-8.383000E-03	-4.807710E-03	
-8.059060E-03	-4.354160E-03	
-7.713600E-03	-3.952430E-03	
-9.379620E-03	-3.900200E-03	
-8.911710E-03	-4.426640E-03	
-8.492460E-03	-4.039520E-03	
-8.225000E-03	-3.631620E-03	
-8.759860E-03	-3.514490E-03	
-6.209350E-03	-3.668590E-03	
-6.439750E-03	-3.925760E-03	
-6.664400E-03	-4.196510E-03	
-6.133570E-03	-4.151860E-03	
-5.797500E-03	-4.226010E-03	
-5.884430E-03	-3.992480E-03	
-6.296350E-03	-4.414530E-03	
-5.887810E-03	-4.604250E-03	
-6.506700E-03	-3.363930E-03	
-6.789720E-03	-3.645050E-03	
-7.029530E-03	-3.943590E-03	
-7.797930E-03	-3.199170E-03	
-7.405860E-03	-3.629630E-03	
-7.107290E-03	-3.364580E-03	
-6.894770E-03	-3.039960E-03	
-7.304160E-03	-2.907660E-03	
-5.792690E-03	-3.224140E-03	
-5.523850E-03	-3.381850E-03	
-5.503080E-03	-3.115780E-03	
-5.994730E-03	-3.445100E-03	
-5.692230E-03	-3.739490E-03	
-6.474800E-03	-2.691710E-03	
-6.240570E-03	-3.132490E-03	
-5.982050E-03	-2.956220E-03	
-5.701560E-03	-2.735360E-03	
-6.082570E-03	-2.514460E-03	
-5.420060E-03	-2.544200E-03	
-5.305830E-03	-2.934240E-03	
-5.091370E-03	-2.572170E-03	
-5.602210E-03	-6.249520E-03	
-5.783870E-03	-5.873120E-03	
-5.921230E-03	-6.174500E-03	
-6.369160E-03	-6.066450E-03	
-6.902760E-03	-5.968140E-03	
-7.482080E-03	-5.845520E-03	
-1.004320E-02	-4.449630E-03	
-9.394240E-03	-4.970800E-03	
-8.770760E-03	-5.353320E-03	
-8.103540E-03	-5.651410E-03	
-5.959320E-03	-6.602140E-03	
-5.629110E-03	-6.611940E-03	
-5.480490E-03	-6.538750E-03	
-6.409390E-03	-6.559410E-03	
-6.958110E-03	-6.528470E-03	
-7.602390E-03	-6.465540E-03	
-8.322240E-03	-6.341520E-03	
-9.178680E-03	-6.067370E-03	
-9.983600E-03	-5.697650E-03	
-1.064390E-02	-5.110790E-03	
-5.869100E-03	-2.026650E-03	
-5.358180E-03	-2.142830E-03	
-4.887440E-03	-2.216700E-03	
-6.974250E-03	-1.620710E-03	
-6.849220E-03	-2.203430E-03	
-6.406620E-03	-1.789050E-03	
-7.631760E-03	-1.649470E-03	
-7.413200E-03	-2.391460E-03	
-8.512610E-03	-1.698340E-03	
-8.226320E-03	-2.604310E-03	
-9.427800E-03	-1.995490E-03	
-8.980890E-03	-2.890660E-03	
-1.040260E-02	-2.469270E-03	
-9.868850E-03	-3.265530E-03	
-1.136390E-02	-3.027220E-03	
-1.067720E-02	-3.807500E-03	
-1.234810E-02	-3.761900E-03	
-1.144680E-02	-4.526800E-03	
-5.271600E-03	-6.838570E-03	
-5.565490E-03	-6.911920E-03	
-5.922790E-03	-6.985850E-03	
-6.364040E-03	-7.043850E-03	
-6.909840E-03	-7.116480E-03	
-7.599680E-03	-7.216360E-03	
-1.046760E-02	-6.829420E-03	
-1.022920E-02	-6.148910E-03	
-9.458520E-03	-7.004260E-03	
-8.451920E-03	-7.171700E-03	
-1.110140E-02	-5.885250E-03	
-1.150850E-02	-6.773120E-03	
-1.210760E-02	-5.442860E-03	
-1.266310E-02	-6.507360E-03	
-1.407800E-02	-6.159880E-03	
-1.524190E-02	-5.646920E-03	
-1.330970E-02	-4.818380E-03	
-8.514020E-03	-8.062290E-03	
-7.860100E-03	-8.018920E-03	
-7.422650E-03	-7.929720E-03	
-6.743870E-03	-7.663940E-03	
-9.513650E-03	-7.962800E-03	
-6.211550E-03	-7.499720E-03	
-1.055110E-02	-7.929550E-03	
-5.766700E-03	-7.365680E-03	
-5.385740E-03	-7.242690E-03	
-1.171940E-02	-7.914350E-03	
-5.063810E-03	-7.122830E-03	
-1.306350E-02	-7.816350E-03	
-1.443640E-02	-7.594440E-03	
-1.584480E-02	-7.049830E-03	
-7.815980E-03	-8.713110E-03	
-7.261230E-03	-8.656560E-03	
-7.012240E-03	-8.447160E-03	
-8.584490E-03	-8.822880E-03	
-6.458610E-03	-8.152560E-03	
-5.962710E-03	-7.922820E-03	
-9.491890E-03	-8.918590E-03	
-5.529970E-03	-7.728630E-03	
-1.052730E-02	-9.037180E-03	
-5.152840E-03	-7.554680E-03	
-4.824340E-03	-7.388550E-03	
-1.174190E-02	-9.208130E-03	
-1.318500E-02	-9.389330E-03	
-1.491210E-02	-9.303610E-03	
-1.660490E-02	-8.795730E-03	
-4.557100E-03	-7.629680E-03	
-4.875430E-03	-7.838050E-03	
-5.236440E-03	-8.059590E-03	
-5.642280E-03	-8.301410E-03	
-6.089540E-03	-8.574040E-03	
-6.557380E-03	-8.875400E-03	
-7.043780E-03	-9.191630E-03	
-7.674210E-03	-9.422290E-03	
-1.549840E-02	-1.246450E-02	
-1.422680E-02	-1.161960E-02	
-1.519400E-02	-1.097120E-02	
-1.709060E-02	-1.070370E-02	
-1.714900E-02	-1.283140E-02	
-1.298870E-02	-1.099800E-02	
-1.151270E-02	-1.048560E-02	
-1.034940E-02	-1.012740E-02	
-9.333830E-03	-9.848800E-03	
-8.460630E-03	-9.622970E-03	
-7.431410E-03	-1.010810E-02	
-6.860810E-03	-9.887110E-03	
-6.646090E-03	-9.643970E-03	
-8.188770E-03	-1.037760E-02	
-6.140110E-03	-9.277840E-03	
-9.026770E-03	-1.073760E-02	
-5.690280E-03	-8.946560E-03	
-9.966360E-03	-1.117600E-02	
-5.277000E-03	-8.637220E-03	
-1.106430E-02	-1.171240E-02	
-4.901520E-03	-8.352160E-03	
-1.225480E-02	-1.240050E-02	
-4.565730E-03	-8.089770E-03	
-4.266730E-03	-7.844150E-03	
-1.351490E-02	-1.313500E-02	
-1.491750E-02	-1.403070E-02	
-1.668830E-02	-1.490880E-02	
-4.875270E-03	-8.933950E-03	
-5.255330E-03	-9.288520E-03	
-5.672270E-03	-9.655410E-03	
-4.537450E-03	-8.605850E-03	
-6.137760E-03	-1.002490E-02	
-4.232710E-03	-8.308910E-03	
-6.621380E-03	-1.035340E-02	
-3.958660E-03	-8.032500E-03	
-7.156990E-03	-1.071750E-02	
-7.814000E-03	-1.110110E-02	
-8.567780E-03	-1.156650E-02	
-9.429150E-03	-1.212850E-02	
-1.038020E-02	-1.281480E-02	
-1.145760E-02	-1.360800E-02	
-1.261030E-02	-1.454600E-02	
-1.554860E-02	-1.689530E-02	
-1.398770E-02	-1.560090E-02	
-1.032620E-02	-3.398520E-04	
-9.979990E-03	-1.169020E-03	
-9.385950E-03	-5.075640E-04	
-1.138020E-02	-4.830500E-04	
-1.092750E-02	-1.568030E-03	
-8.522600E-03	-8.088120E-04	
-7.591990E-03	-8.879470E-04	
-6.849470E-03	-1.014150E-03	
-4.613040E-03	-1.832070E-03	
-5.079200E-03	-1.632910E-03	
-5.606960E-03	-1.420560E-03	
-6.170930E-03	-1.203690E-03	
-1.276400E-02	-8.235060E-04	
-1.205400E-02	-2.066400E-03	
-1.417410E-02	-1.596270E-03	
-1.517250E-02	-5.185730E-04	
-1.324060E-02	-2.797870E-03	
-1.625380E-02	-1.135270E-03	
-1.556810E-02	-2.581260E-03	
-1.457780E-02	-3.900430E-03	
-1.818710E-02	-1.959380E-03	
-1.708090E-02	-3.609040E-03	
-1.581930E-02	-5.019490E-03	
-2.039590E-02	-3.256750E-03	
-1.883840E-02	-4.999040E-03	
-1.727950E-02	-6.269660E-03	
-2.284760E-02	-5.212970E-03	
-2.064170E-02	-6.995230E-03	
-1.848080E-02	-8.123540E-03	
-2.564110E-02	-8.606720E-03	
-2.211340E-02	-1.000090E-02	
-1.923270E-02	-1.049510E-02	
-2.942100E-02	-1.804840E-02	
-2.501170E-02	-1.759900E-02	
-2.174740E-02	-1.701640E-02	
-1.887460E-02	-1.595760E-02	
-2.266580E-02	-1.365950E-02	
-2.536040E-02	-1.357360E-02	
-2.778460E-02	-1.279050E-02	
-1.950820E-02	-1.311760E-02	
-2.899640E-02	-2.441190E-02	
-2.680180E-02	-2.928830E-02	
-2.388180E-02	-2.259180E-02	
-1.992510E-02	-2.061910E-02	
-1.752480E-02	-1.844290E-02	
-8.271170E-03	1.694860E-04	
-7.398500E-03	-8.576990E-05	
-6.595650E-03	-3.192300E-04	
-9.200790E-03	3.863180E-04	
-5.862460E-03	-5.481190E-04	
-5.263790E-03	-8.592360E-04	
-1.027380E-02	5.853650E-04	
-4.736580E-03	-1.189370E-03	
-1.148460E-02	6.513420E-04	
-4.282360E-03	-1.465440E-03	
-1.318160E-02	6.647770E-04	
-1.481030E-02	6.114840E-04	
-1.681940E-02	4.118990E-04	
-1.895470E-02	-9.505690E-05	
-2.186290E-02	-8.047450E-04	
-2.501030E-02	-2.681860E-03	
-2.879220E-02	-5.616280E-03	
-3.338430E-02	-9.767170E-03	
-3.063380E-02	-3.229420E-02	
-3.563650E-02	-2.678840E-02	
-3.618150E-02	-1.730000E-02	
-3.637190E-03	-8.196240E-03	
-3.883760E-03	-8.496970E-03	
-4.154680E-03	-8.820670E-03	
-4.447350E-03	-9.179450E-03	
-4.760170E-03	-9.617610E-03	
-5.162570E-03	-1.001870E-02	
-5.669540E-03	-1.043650E-02	
-6.169330E-03	-1.083800E-02	
-6.730390E-03	-1.126170E-02	
-7.324650E-03	-1.173760E-02	
-7.994110E-03	-1.229800E-02	
-8.737220E-03	-1.296940E-02	
-1.892760E-02	-2.941960E-02	
-1.842870E-02	-2.581450E-02	
-2.159010E-02	-2.725190E-02	
-1.758690E-02	-2.295660E-02	
-1.564210E-02	-2.041980E-02	
-1.410420E-02	-1.851340E-02	
-1.271410E-02	-1.704090E-02	
-1.155420E-02	-1.575890E-02	
-1.050030E-02	-1.469260E-02	
-9.579580E-03	-1.375540E-02	
-2.445450E-02	-3.017170E-02	
-1.996250E-02	-3.275950E-02	
-2.614080E-02	-3.574940E-02	
-2.077530E-02	-3.699080E-02	
-4.714590E-03	-1.040210E-02	
-4.296080E-03	-1.010610E-02	
-4.274950E-03	-9.785020E-03	
-5.160850E-03	-1.086900E-02	
-4.015990E-03	-9.370400E-03	
-5.695220E-03	-1.131880E-02	
-6.224430E-03	-1.174540E-02	
-3.761790E-03	-8.997250E-03	
-6.741370E-03	-1.227920E-02	
-3.524260E-03	-8.656360E-03	
-7.311170E-03	-1.292460E-02	
-3.305850E-03	-8.337100E-03	
-7.950960E-03	-1.367210E-02	
-8.653240E-03	-1.455270E-02	
-9.437180E-03	-1.558580E-02	
-1.030480E-02	-1.681540E-02	
-1.129420E-02	-1.819070E-02	
-1.238500E-02	-1.983300E-02	
-1.355070E-02	-2.175860E-02	
-1.456210E-02	-2.421510E-02	
-1.533830E-02	-2.688820E-02	
-1.632760E-02	-3.751770E-02	
-1.617920E-02	-3.357770E-02	
-1.579000E-02	-3.020350E-02	
-2.851870E-02	5.722660E-03	
-2.480160E-02	5.034040E-03	
-2.188810E-02	4.659040E-03	
-2.864900E-02	2.548340E-03	
-2.734280E-02	-4.222690E-05	
-2.528680E-02	2.324110E-03	
-2.223580E-02	1.760000E-03	
-3.114140E-02	-2.286930E-03	
-3.265480E-02	1.988020E-03	
-3.789270E-02	8.156390E-04	
-4.293330E-02	-3.884360E-03	
-3.651560E-02	-5.499150E-03	
-3.274850E-02	6.045190E-03	
-3.866730E-02	6.330770E-03	
-5.009490E-02	3.066220E-03	
-1.541100E-02	3.559280E-03	
-1.530050E-02	2.114500E-03	
-1.414540E-02	2.963570E-03	
-1.708210E-02	3.892010E-03	
-1.704050E-02	2.043290E-03	
-1.277120E-02	2.210710E-03	
-1.921270E-02	4.212020E-03	
-1.937450E-02	2.015970E-03	
-1.132980E-02	1.868820E-03	
-6.449550E-02	-1.706340E-02	
-5.829390E-02	-2.499400E-03	
-4.781190E-02	-1.667810E-02	
-3.833960E-02	-4.789970E-02	
-3.136860E-02	-4.769150E-02	
-3.821940E-02	-4.146610E-02	
-3.202950E-02	-4.169550E-02	
-3.518560E-02	-3.635800E-02	
-2.591160E-02	-4.719710E-02	
-2.667660E-02	-4.123910E-02	
-5.863160E-02	-3.620000E-02	
-4.792780E-02	-4.666280E-02	
-4.402390E-02	-3.794900E-02	
-4.043000E-02	-3.043000E-02	
-4.639790E-02	-3.021270E-02	
-2.095250E-02	-4.684370E-02	
-1.760830E-02	-4.807350E-02	
-1.433270E-02	-4.590400E-02	
-1.601570E-02	-4.186760E-02	
-2.079310E-02	-4.212310E-02	
-5.585800E-03	2.597650E-05	
-5.207170E-03	-1.665200E-05	
-6.307280E-03	3.455940E-04	
-4.805640E-03	-4.031980E-04	
-4.351120E-03	-7.942810E-04	
-7.060740E-03	7.000600E-04	
-3.916110E-03	-1.132120E-03	
-7.974920E-03	1.122030E-03	
-8.923700E-03	1.435310E-03	
-1.007590E-02	1.620180E-03	
-9.837320E-03	-2.782820E-02	
-7.450810E-03	-2.785310E-02	
-7.659820E-03	-2.546900E-02	
-9.744430E-03	-2.536650E-02	
-9.668070E-03	-3.071880E-02	
-7.004890E-03	-3.043950E-02	
-1.204670E-02	-2.490830E-02	
-1.244640E-02	-2.760590E-02	
-1.263280E-02	-3.056160E-02	
-7.645530E-03	-2.341670E-02	
-9.461430E-03	-2.312500E-02	
-1.141250E-02	-2.265480E-02	
-6.290100E-03	-3.336240E-02	
-9.156730E-03	-3.393000E-02	
-1.259750E-02	-3.393930E-02	
-7.387240E-03	-2.147560E-02	
-9.039010E-03	-2.121180E-02	
-1.070360E-02	-2.072030E-02	
-3.395650E-03	-3.838300E-02	
-5.796850E-03	-3.927280E-02	
-8.485480E-03	-4.020690E-02	
-4.886220E-03	-3.599850E-02	
-6.803690E-03	-3.760480E-02	
-8.884280E-03	-3.705150E-02	
-7.325530E-03	-4.321830E-02	
-4.544870E-03	-4.211740E-02	
-2.117120E-03	-4.086430E-02	
-1.060620E-02	-4.454380E-02	
-1.177890E-02	-4.099870E-02	
-1.238260E-02	-3.735530E-02	
-7.412030E-03	-1.980540E-02	
-8.670180E-03	-2.016610E-02	
-9.762310E-03	-1.917380E-02	
-7.477560E-03	-1.813090E-02	
-8.885310E-03	-1.769950E-02	
-7.098920E-03	-1.668360E-02	
-8.266270E-03	-1.628060E-02	
-6.696600E-03	-1.559900E-02	
-7.672070E-03	-1.516900E-02	
