1	1
*Bs*Hs*
1.5	1600.0
* 初磁化曲線数 * メジャーループ数 * 対称ループ数 * 下降曲線数 * 上昇曲線数 *
1	1	10	0	0
*xxx
186
3.2064128256513027	0.02900000000000002
6.412825651302605	0.03000000000000002
9.619238476953909	0.03200000000000002
12.82565130260521	0.03400000000000002
16.032064128256515	0.036000000000000025
19.238476953907817	0.037000000000000026
22.44488977955912	0.04200000000000002
25.65130260521042	0.044000000000000025
28.857715430861724	0.04700000000000003
32.06412825651303	0.04900000000000003
35.27054108216433	0.05000000000000003
38.476953907815634	0.05300000000000003
41.68336673346693	0.054000000000000034
44.88977955911824	0.05700000000000004
48.09619238476954	0.05900000000000004
51.30260521042084	0.06200000000000004
54.50901803607215	0.06500000000000004
57.71543086172345	0.06900000000000005
60.92184368737475	0.07000000000000005
64.12825651302606	0.07500000000000005
67.33466933867736	0.07700000000000005
70.54108216432866	0.07800000000000006
73.74749498997996	0.08300000000000006
76.95390781563127	0.08400000000000006
80.16032064128257	0.08900000000000007
83.36673346693387	0.09800000000000006
86.57314629258518	0.10600000000000007
89.77955911823648	0.11300000000000007
92.98597194388778	0.12000000000000008
96.19238476953907	0.12700000000000009
99.39879759519039	0.1330000000000001
102.60521042084169	0.1380000000000001
105.81162324649299	0.1440000000000001
109.0180360721443	0.1510000000000001
112.2244488977956	0.16000000000000011
115.4308617234469	0.16500000000000012
118.6372745490982	0.17400000000000013
121.8436873747495	0.18500000000000014
125.0501002004008	0.18900000000000014
128.25651302605212	0.19100000000000014
131.4629258517034	0.19400000000000014
134.66933867735472	0.19900000000000015
137.87575150300603	0.20400000000000015
141.0821643286573	0.21300000000000016
144.28857715430863	0.22300000000000017
147.4949899799599	0.2410000000000002
150.70140280561122	0.25200000000000017
153.90781563126254	0.2620000000000002
157.11422845691382	0.2770000000000002
160.32064128256513	0.2910000000000002
163.52705410821645	0.2980000000000002
166.73346693386773	0.3110000000000002
169.93987975951904	0.32100000000000023
173.14629258517036	0.33300000000000024
176.35270541082164	0.35000000000000026
179.55911823647295	0.35600000000000026
182.76553106212427	0.36400000000000027
185.97194388777555	0.3740000000000003
189.17835671342687	0.3950000000000003
192.38476953907815	0.4150000000000003
195.59118236472946	0.4270000000000003
198.79759519038078	0.44300000000000034
202.00400801603206	0.45400000000000035
205.21042084168337	0.47000000000000036
208.41683366733469	0.4840000000000004
211.62324649298597	0.4900000000000004
214.82965931863728	0.5000000000000003
218.0360721442886	0.5110000000000003
221.24248496993988	0.5240000000000004
224.4488977955912	0.5400000000000004
227.65531062124248	0.5560000000000004
230.8617234468938	0.5740000000000004
234.0681362725451	0.5890000000000004
237.2745490981964	0.6040000000000004
240.4809619238477	0.6160000000000004
243.687374749499	0.6310000000000004
246.8937875751503	0.6500000000000005
250.1002004008016	0.6600000000000005
253.30661322645292	0.6710000000000005
256.51302605210424	0.6870000000000005
259.7194388777555	0.7010000000000005
262.9258517034068	0.7230000000000005
266.13226452905815	0.7400000000000005
269.33867735470943	0.7550000000000006
272.5450901803607	0.7690000000000006
275.75150300601206	0.7790000000000006
278.95791583166334	0.7900000000000006
282.1643286573146	0.8110000000000006
285.37074148296597	0.8260000000000006
288.57715430861725	0.8410000000000006
291.78356713426854	0.8540000000000006
294.9899799599198	0.8630000000000007
298.19639278557116	0.8780000000000007
301.40280561122245	0.8950000000000007
304.60921843687373	0.9110000000000007
307.8156312625251	0.9210000000000007
311.02204408817636	0.9310000000000007
314.22845691382764	0.9450000000000007
317.434869739479	0.9580000000000007
320.64128256513027	0.9630000000000007
323.84769539078155	0.9750000000000008
327.0541082164329	0.9900000000000008
330.2605210420842	1.0040000000000007
333.46693386773546	1.0160000000000007
336.6733466933868	1.0360000000000007
339.8797595190381	1.0450000000000006
343.0861723446894	1.0600000000000005
346.2925851703407	1.0700000000000005
349.498997995992	1.0780000000000005
352.7054108216433	1.0900000000000005
355.9118236472946	1.1010000000000004
359.1182364729459	1.1080000000000003
362.3246492985972	1.1150000000000002
365.53106212424854	1.124
368.7374749498998	1.1340000000000001
371.9438877755511	1.1420000000000001
375.1503006012024	1.1500000000000001
378.35671342685373	1.1620000000000001
381.563126252505	1.169
384.7695390781563	1.177
387.97595190380764	1.18
391.1823647294589	1.1909999999999998
394.3887775551102	1.1979999999999997
397.59519038076155	1.2049999999999996
400.80160320641284	1.2139999999999995
404.0080160320641	1.2199999999999995
407.21442885771546	1.2319999999999995
410.42084168336675	1.2359999999999995
413.62725450901803	1.2389999999999994
416.83366733466937	1.2459999999999993
420.04008016032066	1.2509999999999992
423.24649298597194	1.2629999999999992
426.4529058116233	1.2669999999999992
429.65931863727457	1.2759999999999991
432.86573146292585	1.2879999999999991
436.0721442885772	1.290999999999999
439.2785571142285	1.299999999999999
442.48496993987976	1.305999999999999
445.6913827655311	1.311999999999999
448.8977955911824	1.317999999999999
452.10420841683367	1.323999999999999
455.31062124248496	1.327999999999999
458.5170340681363	1.3309999999999989
461.7234468937876	1.3339999999999987
464.92985971943887	1.3409999999999986
468.1362725450902	1.3479999999999985
471.3426853707415	1.3509999999999984
474.5490981963928	1.3589999999999984
477.7555110220441	1.3619999999999983
480.9619238476954	1.3699999999999983
484.1683366733467	1.3739999999999983
487.374749498998	1.3769999999999982
490.5811623246493	1.3809999999999982
493.7875751503006	1.3829999999999982
496.99398797595194	1.3869999999999982
500.2004008016032	1.3889999999999982
503.4068136272545	1.3929999999999982
506.61322645290585	1.3979999999999981
509.81963927855713	1.4019999999999981
513.0260521042085	1.4099999999999981
516.2324649298597	1.4119999999999981
519.438877755511	1.414999999999998
522.6452905811624	1.417999999999998
529.058116232465	1.419999999999998
532.2645290581163	1.421999999999998
535.4709418837675	1.4249999999999978
538.6773547094189	1.4289999999999978
541.8837675350702	1.4319999999999977
548.2965931863728	1.4359999999999975
551.5030060120241	1.4389999999999974
557.9158316633267	1.4419999999999973
564.3286573146293	1.4449999999999972
570.7414829659319	1.448999999999997
573.9478957915832	1.4519999999999968
577.1543086172345	1.4539999999999969
586.7735470941884	1.4609999999999965
589.9799599198396	1.4629999999999965
593.186372745491	1.4649999999999965
602.8056112224449	1.4689999999999963
609.2184368737475	1.4709999999999963
612.4248496993988	1.4729999999999963
622.0440881763527	1.4759999999999962
625.2505010020041	1.4779999999999962
634.869739478958	1.4829999999999959
654.1082164328658	1.4879999999999955
872.1442885771544	1.5
*xxx
207
436.1749551206623	1.4879999999998916
391.58718238079376	1.4799999999998923
386.63298540969726	1.4769999999998924
381.67878843860075	1.4749999999998924
376.72459146750424	1.4729999999998924
366.8161975253112	1.4699999999998925
361.8620005542147	1.4679999999998925
351.95360661202176	1.4649999999998926
346.99940964092525	1.4609999999998926
342.04521266982874	1.4579999999998927
337.09101569873224	1.4559999999998927
327.1826217565392	1.449999999999893
322.2284247854427	1.447999999999893
317.2742278143462	1.443999999999893
312.3200308432497	1.440999999999893
307.3658338721532	1.436999999999893
302.4116369010567	1.432999999999893
292.50324295886367	1.4289999999998932
287.54904598776716	1.4259999999998934
282.59484901667076	1.4209999999998935
277.64065204557426	1.4179999999998936
272.68645507447775	1.4089999999998937
267.73225810338124	1.4039999999998938
262.77806113228473	1.4019999999998938
257.8238641611882	1.3949999999998939
252.86966719009172	1.3829999999998939
247.9154702189952	1.373999999999894
242.9612732478987	1.369999999999894
238.0070762768022	1.363999999999894
233.0528793057057	1.355999999999894
228.09868233460918	1.347999999999894
223.14448536351267	1.342999999999894
218.19028839241616	1.334999999999894
213.23609142131966	1.328999999999894
208.28189445022315	1.3159999999998941
203.32769747912664	1.3059999999998941
198.37350050803013	1.2939999999998941
193.41930353693363	1.2819999999998941
188.46510656583723	1.275999999999894
183.51090959474072	1.265999999999894
178.55671262364422	1.259999999999894
173.6025156525477	1.2489999999998942
168.6483186814512	1.2379999999998943
163.6941217103547	1.2329999999998944
158.73992473925819	1.2169999999998944
153.78572776816168	1.2099999999998945
148.83153079706517	1.1989999999998946
143.87733382596866	1.1839999999998947
138.92313685487215	1.1699999999998947
133.96893988377565	1.1539999999998947
129.01474291267914	1.1409999999998948
124.06054594158263	1.1259999999998949
119.10634897048612	1.1079999999998948
114.15215199938962	1.0939999999998948
109.19795502829311	1.084999999999895
104.2437580571966	1.068999999999895
99.2895610861002	1.051999999999895
94.3353641150037	1.039999999999895
89.38116714390719	1.025999999999895
84.42697017281068	1.012999999999895
79.47277320171418	0.9959999999998951
74.51857623061767	0.9739999999998951
69.56437925952116	0.962999999999895
64.61018228842465	0.941999999999895
59.655985317328145	0.920999999999895
54.70178834623164	0.904999999999895
49.74759137513513	0.882999999999895
44.79339440403862	0.861999999999895
39.839197432942115	0.844999999999895
34.88500046184561	0.8219999999998949
29.9308034907491	0.8049999999998949
24.97660651965259	0.7869999999998949
20.022409548556084	0.7609999999998949
15.068212577459576	0.7409999999998949
10.114015606363182	0.7189999999998948
5.159818635266674	0.6919999999998948
0.2056216641701667	0.6629999999998948
-4.748575306926341	0.6399999999998948
-9.702772278022849	0.6179999999998947
-14.656969249119356	0.5869999999998947
-19.611166220215864	0.5589999999998947
-24.565363191312372	0.5349999999998947
-29.51956016240888	0.5169999999998947
-34.47375713350539	0.4809999999998946
-39.427954104601895	0.4609999999998946
-44.3821510756984	0.4409999999998946
-49.33634804679491	0.41199999999989456
-54.29054501789142	0.39199999999989454
-59.244741988987926	0.3699999999998945
-64.19893896008443	0.3409999999998945
-69.15313593118094	0.3149999999998945
-74.10733290227745	0.28499999999989445
-79.06152987337396	0.26299999999989443
-84.01572684447035	0.2419999999998944
-88.96992381556686	0.21199999999989438
-93.92412078666337	0.18799999999989436
-98.87831775775987	0.16399999999989434
-103.83251472885638	0.13399999999989431
-108.78671169995289	0.10399999999989429
-113.7409086710494	0.08199999999989427
-118.6951056421459	0.05299999999989425
-123.64930261324241	0.02199999999989423
-128.60349958433892	-0.00700000000010579
-133.55769655543543	-0.043000000000105815
-138.51189352653194	-0.07700000000010584
-143.46609049762844	-0.10800000000010587
-148.42028746872495	-0.1450000000001059
-153.37448443982134	-0.17600000000010593
-158.32868141091785	-0.20300000000010596
-163.28287838201436	-0.22600000000010598
-168.23707535311087	-0.249000000000106
-173.19127232420738	-0.267000000000106
-178.14546929530388	-0.285000000000106
-183.0996662664004	-0.311000000000106
-188.0538632374969	-0.33200000000010604
-193.0080602085934	-0.34900000000010606
-197.9622571796899	-0.3840000000001061
-202.91645415078642	-0.4110000000001061
-207.87065112188293	-0.43600000000010614
-212.82484809297944	-0.47000000000010617
-217.77904506407594	-0.4880000000001062
-222.73324203517245	-0.5130000000001061
-227.68743900626896	-0.5430000000001062
-232.64163597736547	-0.5730000000001062
-237.59583294846198	-0.5940000000001062
-242.55002991955848	-0.6110000000001062
-247.504226890655	-0.6420000000001063
-252.4584238617515	-0.6610000000001063
-257.412620832848	-0.6840000000001063
-262.3668178039445	-0.7130000000001063
-267.321014775041	-0.7350000000001063
-272.27521174613753	-0.7600000000001064
-277.22940871723404	-0.7760000000001064
-282.18360568833054	-0.7930000000001064
-287.13780265942705	-0.8100000000001064
-292.09199963052356	-0.8300000000001064
-297.04619660162007	-0.8490000000001064
-302.0003935727166	-0.8650000000001065
-306.95459054381286	-0.8840000000001065
-311.90878751490936	-0.9040000000001065
-316.86298448600587	-0.9210000000001065
-321.8171814571024	-0.9410000000001065
-326.7713784281989	-0.9550000000001065
-331.7255753992954	-0.9720000000001066
-336.6797723703919	-0.9940000000001066
-341.6339693414884	-1.0080000000001066
-346.5881663125849	-1.0270000000001065
-351.5423632836814	-1.0440000000001064
-356.49656025477793	-1.0600000000001064
-361.45075722587444	-1.0720000000001064
-366.40495419697095	-1.0840000000001064
-371.35915116806746	-1.1050000000001063
-376.31334813916396	-1.1200000000001062
-381.26754511026047	-1.1320000000001063
-386.221742081357	-1.1490000000001062
-391.1759390524535	-1.164000000000106
-396.13013602355	-1.178000000000106
-401.0843329946465	-1.191000000000106
-406.038529965743	-1.205000000000106
-410.9927269368395	-1.217000000000106
-415.946923907936	-1.229000000000106
-420.90112087903253	-1.242000000000106
-425.85531785012904	-1.252000000000106
-430.80951482122555	-1.266000000000106
-435.76371179232206	-1.274000000000106
-440.71790876341856	-1.2790000000001058
-445.67210573451507	-1.2900000000001057
-450.6263027056116	-1.2950000000001056
-455.5804996767081	-1.3020000000001055
-460.5346966478046	-1.3140000000001055
-465.4888936189011	-1.3240000000001055
-470.4430905899976	-1.3400000000001056
-475.3972875610941	-1.3460000000001056
-480.3514845321906	-1.3480000000001056
-485.30568150328713	-1.3550000000001055
-490.2598784743834	-1.3610000000001055
-495.2140754454799	-1.3690000000001055
-500.16827241657643	-1.3770000000001055
-505.12246938767294	-1.3790000000001055
-510.07666635876944	-1.3820000000001054
-515.030863329866	-1.3880000000001054
-519.9850603009625	-1.3930000000001053
-524.939257272059	-1.3980000000001052
-529.8934542431555	-1.4040000000001052
-534.847651214252	-1.413000000000105
-539.8018481853485	-1.418000000000105
-544.756045156445	-1.4210000000001048
-549.7102421275415	-1.4230000000001048
-554.664439098638	-1.4260000000001047
-559.6186360697345	-1.4320000000001047
-564.572833040831	-1.4340000000001047
-569.5270300119275	-1.4410000000001046
-574.481226983024	-1.4430000000001046
-579.4354239541206	-1.4450000000001046
-584.3896209252171	-1.4480000000001045
-594.2980148674101	-1.4530000000001044
-599.2522118385066	-1.4580000000001043
-619.0689997228926	-1.463000000000104
-624.0231966939891	-1.465000000000104
-633.9315906361821	-1.4680000000001039
-638.8857876072786	-1.470000000000104
-648.7941815494717	-1.4750000000001038
-668.6109694338575	-1.4780000000001037
-673.565166404954	-1.4800000000001037
-683.473560347147	-1.4860000000001035
-698.3361512604365	-1.4890000000001034
-733.0155300581121	-1.4930000000001031
*xxx
191
389.2161075658331	1.366999999999905
339.1729350484536	1.3599999999999055
322.4918775426605	1.3539999999999057
318.3216131662122	1.3519999999999057
305.8108200368673	1.346999999999906
293.30002690752247	1.3429999999999063
289.1297625310742	1.3399999999999064
284.9594981546259	1.3379999999999064
280.7892337781776	1.3339999999999064
276.6189694017293	1.3289999999999065
272.448705025281	1.3249999999999065
264.10817627238447	1.3199999999999066
259.93791189593617	1.3169999999999067
255.7676475194879	1.3079999999999068
251.59738314303962	1.302999999999907
243.25685439014302	1.297999999999907
239.08659001369475	1.2929999999999071
234.91632563724647	1.288999999999907
230.74606126079817	1.282999999999907
226.57579688434987	1.278999999999907
222.40553250790163	1.272999999999907
218.23526813145332	1.2679999999999072
214.06500375500502	1.2659999999999072
209.89473937855672	1.2549999999999073
205.72447500210842	1.2489999999999073
201.55421062566018	1.2399999999999074
197.38394624921187	1.2329999999999075
193.21368187276357	1.2249999999999075
189.04341749631533	1.2209999999999075
184.87315311986703	1.2159999999999076
180.70288874341873	1.2079999999999076
176.53262436697042	1.2019999999999076
172.36235999052212	1.1949999999999077
168.19209561407388	1.1879999999999078
164.02183123762558	1.1859999999999078
159.85156686117728	1.1739999999999078
155.68130248472903	1.1649999999999079
151.51103810828073	1.1609999999999079
147.34077373183243	1.1509999999999079
143.17050935538413	1.1369999999999079
139.00024497893583	1.127999999999908
134.82998060248758	1.115999999999908
130.65971622603928	1.107999999999908
126.48945184959098	1.096999999999908
122.31918747314273	1.0839999999999081
118.14892309669443	1.0719999999999081
113.97865872024613	1.0639999999999081
109.80839434379783	1.0559999999999081
105.63812996734953	1.0469999999999082
101.46786559090128	1.0339999999999083
97.29760121445298	1.0209999999999084
93.12733683800468	1.0169999999999084
88.95707246155644	1.0069999999999084
84.78680808510813	0.9979999999999084
80.61654370865983	0.9839999999999084
76.44627933221153	0.9719999999999084
72.27601495576323	0.9549999999999084
68.10575057931499	0.9419999999999084
63.935486202866684	0.9289999999999083
59.76522182641838	0.9139999999999083
55.59495744997014	0.9009999999999083
51.42469307352184	0.8859999999999083
47.254428697073536	0.8709999999999083
43.084164320625234	0.8509999999999083
38.91389994417693	0.8369999999999083
34.74363556772869	0.8169999999999082
30.573371191280387	0.8059999999999082
26.403106814832086	0.7899999999999082
22.23284243838384	0.7739999999999082
18.06257806193554	0.7569999999999082
13.892313685487238	0.7379999999999082
9.722049309038937	0.7179999999999082
5.551784932590635	0.6939999999999081
1.3815205561423909	0.6689999999999081
-2.7887438203059105	0.6509999999999081
-6.959008196754212	0.6309999999999081
-11.129272573202456	0.6069999999999081
-15.299536949650758	0.583999999999908
-19.46980132609906	0.559999999999908
-23.64006570254736	0.536999999999908
-27.810330078995662	0.521999999999908
-31.980594455443907	0.500999999999908
-36.15085883189215	0.47399999999990794
-40.32112320834051	0.4579999999999079
-44.491387584788754	0.4409999999999079
-48.66165196123711	0.4189999999999079
-52.83191633768536	0.39799999999990787
-57.0021807141336	0.38099999999990786
-61.17244509058196	0.35899999999990784
-65.3427094670302	0.3359999999999078
-69.51297384347856	0.3149999999999078
-73.6832382199268	0.2899999999999078
-77.85350259637505	0.26899999999990776
-82.02376697282341	0.24999999999990774
-86.19403134927165	0.22899999999990772
-90.3642957257199	0.2079999999999077
-94.53456010216826	0.18499999999990768
-98.7048244786165	0.16599999999990767
-102.87508885506475	0.13999999999990764
-107.0453532315131	0.11699999999990762
-111.21561760796135	0.0929999999999076
-115.3858819844097	0.06899999999990758
-119.55614636085795	0.045999999999907566
-123.7264107373062	0.02099999999990755
-127.89667511375455	-0.0030000000000924634
-132.0669394902028	-0.03000000000009248
-136.23720386665116	-0.0610000000000925
-140.4074682430994	-0.08700000000009252
-144.57773261954765	-0.11100000000009252
-148.747996995996	-0.14700000000009256
-152.91826137244425	-0.17300000000009258
-157.0885257488925	-0.1960000000000926
-161.25879012534085	-0.21900000000009262
-165.4290545017891	-0.23300000000009263
-169.59931887823734	-0.25500000000009265
-173.7695832546857	-0.26800000000009266
-177.93984763113394	-0.2850000000000927
-182.1101120075823	-0.3060000000000927
-186.28037638403055	-0.3250000000000927
-190.4506407604788	-0.34300000000009273
-194.62090513692715	-0.35900000000009274
-198.7911695133754	-0.38600000000009277
-202.96143388982375	-0.4110000000000928
-207.131698266272	-0.4310000000000928
-211.30196264272024	-0.45500000000009283
-215.4722270191686	-0.48200000000009285
-219.64249139561684	-0.49900000000009287
-223.8127557720651	-0.5210000000000928
-227.98302014851345	-0.5440000000000929
-232.1532845249617	-0.5700000000000929
-236.32354890140994	-0.5850000000000929
-240.4938132778583	-0.6080000000000929
-244.66407765430654	-0.6220000000000929
-248.8343420307549	-0.6440000000000929
-253.00460640720314	-0.663000000000093
-257.1748707836514	-0.682000000000093
-261.34513516009974	-0.706000000000093
-265.515399536548	-0.726000000000093
-269.68566391299635	-0.751000000000093
-273.8559282894446	-0.767000000000093
-278.02619266589284	-0.7800000000000931
-282.1964570423412	-0.7930000000000931
-286.36672141878944	-0.8070000000000931
-290.5369857952377	-0.8260000000000931
-294.70725017168604	-0.8410000000000931
-298.8775145481343	-0.8560000000000931
-303.04777892458253	-0.8710000000000931
-307.2180433010309	-0.8840000000000932
-311.38830767747913	-0.9010000000000932
-315.5585720539275	-0.9210000000000932
-319.72883643037574	-0.9320000000000932
-323.899100806824	-0.9460000000000932
-328.06936518327234	-0.9610000000000932
-332.2396295597206	-0.9800000000000932
-336.40989393616894	-0.9940000000000933
-340.5801583126172	-1.0030000000000932
-344.75042268906543	-1.0210000000000932
-348.9206870655138	-1.0290000000000932
-353.09095144196203	-1.0490000000000932
-357.2612158184103	-1.0610000000000932
-361.43148019485864	-1.072000000000093
-365.6017445713069	-1.080000000000093
-369.7720089477551	-1.1000000000000931
-373.9422733242035	-1.113000000000093
-378.1125377006517	-1.125000000000093
-382.2828020771001	-1.138000000000093
-386.45306645354833	-1.150000000000093
-390.6233308299966	-1.164000000000093
-394.79359520644493	-1.174000000000093
-398.9638595828932	-1.1850000000000929
-403.13412395934154	-1.1960000000000928
-407.3043883357898	-1.2060000000000928
-411.474652712238	-1.2190000000000927
-415.6449170886864	-1.2290000000000927
-419.81518146513463	-1.2420000000000926
-423.9854458415829	-1.2490000000000925
-428.15571021803123	-1.2600000000000924
-432.3259745944795	-1.2700000000000924
-436.4962389709277	-1.2740000000000924
-440.6665033473761	-1.2780000000000924
-444.8367677238243	-1.2880000000000924
-449.0070321002727	-1.2910000000000923
-453.1772964767209	-1.3000000000000922
-457.34756085316917	-1.307000000000092
-461.51782522961753	-1.315000000000092
-465.6880896060658	-1.324000000000092
-469.85835398251413	-1.337000000000092
-478.1988827354106	-1.3470000000000917
-482.369147111859	-1.3510000000000917
-486.5394114883072	-1.3560000000000916
-490.70967586475547	-1.3610000000000915
*xxx
177
338.832374167172	1.23099999999992
318.7200051405416	1.2259999999999203
302.63010991923727	1.2209999999999206
286.540214697933	1.2179999999999207
282.51774089260687	1.2149999999999208
278.4952670872808	1.211999999999921
274.47279328195475	1.208999999999921
270.45031947662864	1.206999999999921
266.4278456713025	1.204999999999921
262.40537186597646	1.202999999999921
258.3828980606504	1.198999999999921
254.36042425532432	1.1919999999999211
250.33795044999823	1.1899999999999211
242.29300283934606	1.1849999999999212
238.27052903401997	1.1819999999999213
234.2480552286939	1.1789999999999214
230.22558142336783	1.1749999999999214
226.20310761804174	1.1719999999999215
222.18063381271566	1.1669999999999217
218.15816000738957	1.1639999999999218
214.13568620206348	1.1619999999999218
210.1132123967374	1.1529999999999219
206.0907385914113	1.147999999999922
202.06826478608522	1.141999999999922
198.04579098075914	1.134999999999922
194.02331717543308	1.1319999999999222
190.000843370107	1.1269999999999223
185.9783695647809	1.1209999999999223
181.95589575945482	1.1169999999999223
177.93342195412873	1.1109999999999223
173.91094814880265	1.1049999999999223
169.88847434347656	1.0979999999999224
165.8660005381505	1.0959999999999224
161.84352673282442	1.0919999999999224
157.82105292749833	1.0829999999999225
153.79857912217224	1.0779999999999226
149.77610531684616	1.0709999999999227
145.7536315115201	1.0619999999999228
141.73115770619398	1.0499999999999228
137.70868390086792	1.0439999999999228
133.6862100955418	1.0349999999999229
129.66373629021575	1.029999999999923
125.64126248488964	1.019999999999923
121.61878867956358	1.007999999999923
117.59631487423746	1.000999999999923
113.5738410689114	0.9949999999999231
109.55136726358535	0.988999999999923
105.52889345825923	0.979999999999923
101.50641965293318	0.966999999999923
97.48394584760706	0.955999999999923
93.461472042281	0.951999999999923
89.43899823695489	0.942999999999923
85.41652443162883	0.936999999999923
81.39405062630277	0.924999999999923
77.37157682097666	0.916999999999923
73.3491030156506	0.900999999999923
69.32662921032448	0.890999999999923
65.30415540499843	0.878999999999923
61.28168159967231	0.8669999999999229
57.25920779434625	0.8539999999999229
53.236733989020195	0.8439999999999229
49.21426018369408	0.8279999999999229
45.19178637836802	0.8119999999999229
41.16931257304191	0.7989999999999229
37.14683876771585	0.7839999999999229
33.124364962389734	0.7679999999999229
29.101891157063676	0.7569999999999228
25.07941735173756	0.7439999999999228
21.056943546411503	0.7249999999999228
17.034469741085445	0.7179999999999228
13.01199593575933	0.7039999999999228
8.989522130433272	0.6889999999999228
4.967048325107157	0.6679999999999228
0.9445745197810993	0.6419999999999227
-3.0778992855450156	0.6279999999999227
-7.100373090871074	0.6059999999999227
-11.122846896197188	0.5859999999999227
-15.145320701523246	0.5669999999999227
-19.167794506849305	0.5449999999999227
-23.19026831217542	0.5269999999999226
-27.212742117501477	0.5089999999999226
-31.235215922827592	0.4909999999999226
-35.25768972815365	0.4699999999999226
-39.280163533479765	0.4529999999999226
-43.30263733880582	0.43799999999992256
-47.32511114413188	0.42099999999992255
-51.347584949457996	0.40299999999992253
-55.370058754784054	0.3819999999999225
-59.39253256011017	0.3659999999999225
-63.41500636543623	0.3459999999999225
-67.43748017076234	0.31899999999992246
-71.4599539760884	0.30199999999992244
-75.48242778141446	0.2799999999999224
-79.50490158674057	0.2609999999999224
-83.52737539206663	0.2419999999999224
-87.54984919739275	0.22299999999992237
-91.5723230027188	0.19999999999992235
-95.59479680804492	0.18299999999992234
-99.61727061337098	0.16099999999992232
-103.63974441869709	0.1349999999999223
-107.66221822402315	0.11199999999992227
-111.68469202934921	0.08899999999992225
-115.70716583467527	0.06899999999992223
-119.72963964000144	0.04499999999992222
-123.7521134453275	0.020999999999922206
-127.77458725065355	-0.0020000000000778076
-131.7970610559796	-0.027000000000077823
-135.81953486130578	-0.059000000000077844
-139.84200866663184	-0.08400000000007786
-143.8644824719579	-0.10900000000007787
-147.88695627728396	-0.1420000000000779
-151.90943008261002	-0.16700000000007792
-155.9319038879362	-0.19100000000007794
-159.95437769326224	-0.21200000000007796
-163.9768514985883	-0.22900000000007797
-167.99932530391436	-0.247000000000078
-172.02179910924053	-0.264000000000078
-176.0442729145666	-0.278000000000078
-180.06674671989265	-0.30200000000007804
-184.0892205252187	-0.31600000000007805
-188.11169433054476	-0.33200000000007807
-192.13416813587094	-0.3470000000000781
-196.156641941197	-0.3670000000000781
-200.17911574652305	-0.3920000000000781
-204.2015895518491	-0.41900000000007814
-208.22406335717517	-0.43900000000007816
-212.24653716250134	-0.4660000000000782
-216.2690109678274	-0.4850000000000782
-220.29148477315346	-0.5000000000000782
-224.31395857847951	-0.5230000000000782
-228.3364323838057	-0.5450000000000782
-232.35890618913174	-0.5720000000000782
-236.3813799944578	-0.5850000000000782
-240.40385379978386	-0.6080000000000783
-244.42632760510992	-0.6190000000000783
-248.4488014104361	-0.6440000000000783
-252.47127521576215	-0.6610000000000783
-256.4937490210882	-0.6780000000000783
-260.51622282641426	-0.7030000000000783
-264.53869663174044	-0.7210000000000784
-268.5611704370665	-0.7420000000000784
-272.58364424239255	-0.7600000000000784
-276.6061180477186	-0.7740000000000784
-280.62859185304467	-0.7870000000000784
-284.65106565837084	-0.8020000000000784
-288.6735394636969	-0.8180000000000784
-292.69601326902296	-0.8310000000000785
-296.718487074349	-0.8460000000000785
-300.7409608796751	-0.8620000000000785
-304.76343468500124	-0.8770000000000785
-308.7859084903273	-0.8910000000000785
-312.80838229565336	-0.9050000000000785
-316.8308561009794	-0.9210000000000785
-320.8533299063056	-0.9360000000000785
-324.87580371163165	-0.9490000000000786
-328.8982775169577	-0.9620000000000786
-332.92075132228376	-0.9820000000000786
-336.9432251276098	-0.9960000000000786
-340.965698932936	-1.0040000000000786
-344.98817273826205	-1.0220000000000786
-349.0106465435881	-1.0290000000000785
-353.03312034891417	-1.0490000000000785
-357.05559415424034	-1.0610000000000785
-361.0780679595664	-1.0690000000000786
-365.10054176489245	-1.0780000000000785
-369.1230155702185	-1.0920000000000785
-373.14548937554457	-1.1110000000000784
-377.16796318087074	-1.1220000000000783
-381.1904369861968	-1.1320000000000783
-385.21291079152286	-1.1460000000000783
-389.2353845968489	-1.1610000000000782
-393.2578584021751	-1.1710000000000782
-397.28033220750115	-1.182000000000078
-401.3028060128272	-1.191000000000078
-405.32527981815326	-1.204000000000078
-409.3477536234793	-1.2130000000000778
-413.3702274288055	-1.2210000000000778
*xxx
164
321.39951245175723	1.0889999999999356
286.1803767856354	1.083999999999936
282.26713948939965	1.081999999999936
278.3539021931639	1.079999999999936
274.4406648969281	1.077999999999936
262.70095300822084	1.0739999999999361
258.78771571198513	1.0719999999999361
254.87447841574934	1.0689999999999362
250.9612411195136	1.0669999999999362
243.13476652704207	1.0649999999999362
239.2215292308063	1.0619999999999363
235.30829193457055	1.0599999999999363
231.39505463833478	1.0579999999999363
227.48181734209902	1.0539999999999363
223.56858004586329	1.0519999999999363
215.74210545339176	1.0469999999999364
211.828868157156	1.0409999999999364
207.91563086092026	1.0379999999999365
204.0023935646845	1.0349999999999366
200.08915626844873	1.0269999999999366
196.17591897221297	1.0229999999999366
188.34944437974147	1.0169999999999368
184.4362070835057	1.011999999999937
180.52296978726994	1.005999999999937
176.60973249103418	1.000999999999937
172.69649519479842	0.996999999999937
168.78325789856268	0.991999999999937
164.87002060232692	0.989999999999937
160.95678330609115	0.983999999999937
157.0435460098554	0.978999999999937
153.13030871361963	0.972999999999937
149.2170714173839	0.966999999999937
145.30383412114813	0.957999999999937
141.39059682491236	0.948999999999937
137.4773595286766	0.942999999999937
133.56412223244084	0.936999999999937
129.6508849362051	0.933999999999937
125.73764763996934	0.924999999999937
121.82441034373358	0.913999999999937
117.91117304749781	0.909999999999937
113.99793575126205	0.905999999999937
110.08469845502631	0.898999999999937
106.17146115879055	0.893999999999937
102.25822386255479	0.8799999999999369
98.34498656631902	0.8729999999999369
94.43174927008329	0.8679999999999369
90.51851197384752	0.8619999999999369
86.60527467761176	0.8569999999999369
82.692037381376	0.8449999999999369
78.77880008514023	0.8389999999999369
74.86556278890447	0.8239999999999369
70.9523254926687	0.8149999999999369
67.03908819643294	0.8069999999999369
63.125850900197236	0.7969999999999369
59.21261360396147	0.7849999999999369
55.29937630772571	0.7759999999999369
51.386139011489945	0.7629999999999368
47.47290171525418	0.7489999999999368
43.55966441901842	0.7339999999999368
39.646427122782654	0.7249999999999368
35.73318982654689	0.7149999999999368
31.819952530311127	0.7029999999999368
27.906715234075364	0.6899999999999368
23.993477937839657	0.6769999999999368
20.080240641603893	0.6619999999999368
16.16700334536813	0.6529999999999367
12.253766049132366	0.6429999999999367
8.340528752896603	0.6279999999999367
4.427291456660839	0.6039999999999367
0.5140541604250757	0.5859999999999367
-3.399183135810688	0.5739999999999367
-7.312420432046451	0.5549999999999367
-11.225657728282215	0.5389999999999366
-15.138895024517922	0.5249999999999366
-19.052132320753685	0.5079999999999366
-22.96536961698945	0.4899999999999366
-26.878606913225212	0.4759999999999366
-30.791844209460976	0.4639999999999366
-34.70508150569674	0.44099999999993655
-38.6183188019325	0.42399999999993654
-42.53155609816827	0.4109999999999365
-46.44479339440403	0.3979999999999365
-50.358030690639794	0.3789999999999365
-54.2712679868755	0.3639999999999365
-58.184505283111264	0.34599999999993647
-62.09774257934703	0.33299999999993646
-66.01097987558279	0.30999999999993644
-69.92421717181855	0.2939999999999364
-73.83745446805432	0.2709999999999364
-77.75069176429008	0.2549999999999364
-81.66392906052585	0.23899999999993637
-85.57716635676161	0.21999999999993636
-89.49040365299737	0.19899999999993634
-93.40364094923308	0.18299999999993632
-97.31687824546884	0.1659999999999363
-101.2301155417046	0.1449999999999363
-105.14335283794037	0.12399999999993627
-109.05659013417613	0.09899999999993625
-112.9698274304119	0.08499999999993624
-116.88306472664766	0.061999999999936224
-120.79630202288342	0.03799999999993621
-124.70953931911919	0.012999999999936195
-128.62277661535495	-0.008000000000063817
-132.53601391159066	-0.035000000000063834
-136.44925120782642	-0.06100000000006385
-140.36248850406218	-0.08600000000006386
-144.27572580029795	-0.11000000000006388
-148.1889630965337	-0.1420000000000639
-152.10220039276948	-0.16700000000006393
-156.01543768900524	-0.19100000000006395
-159.928674985241	-0.21200000000006397
-163.8419122814767	-0.22800000000006398
-167.75514957771253	-0.245000000000064
-171.66838687394824	-0.263000000000064
-175.58162417018406	-0.27700000000006403
-179.49486146641976	-0.29500000000006404
-183.40809876265558	-0.31100000000006406
-187.3213360588913	-0.3300000000000641
-191.234573355127	-0.3470000000000641
-195.14781065136282	-0.3630000000000641
-199.06104794759852	-0.3880000000000641
-202.97428524383434	-0.41100000000006415
-206.88752254007005	-0.43100000000006417
-210.80075983630587	-0.4530000000000642
-214.71399713254158	-0.4780000000000642
-218.6272344287774	-0.4940000000000642
-222.5404717250131	-0.5120000000000642
-226.4537090212488	-0.5370000000000642
-230.36694631748463	-0.5570000000000642
-234.28018361372034	-0.5770000000000642
-238.19342090995616	-0.5980000000000643
-242.10665820619187	-0.6100000000000643
-246.0198955024277	-0.6310000000000643
-249.9331327986634	-0.6480000000000643
-253.8463700948992	-0.6680000000000643
-257.7596073911349	-0.6860000000000643
-261.67284468737074	-0.7090000000000644
-265.58608198360645	-0.7260000000000644
-269.49931927984215	-0.7480000000000644
-273.412556576078	-0.7650000000000644
-277.3257938723137	-0.7770000000000644
-281.2390311685495	-0.7920000000000644
-285.1522684647852	-0.8040000000000644
-289.06550576102103	-0.8200000000000645
-292.97874305725674	-0.8330000000000645
-296.89198035349256	-0.8470000000000645
-300.80521764972826	-0.8630000000000645
-304.71845494596397	-0.8770000000000645
-308.6316922421998	-0.8890000000000645
-312.5449295384355	-0.9050000000000645
-316.4581668346713	-0.9210000000000645
-320.371404130907	-0.9320000000000646
-324.28464142714284	-0.9490000000000646
-328.19787872337855	-0.9610000000000646
-332.11111601961437	-0.9770000000000646
-336.0243533158501	-0.9920000000000646
-339.9375906120859	-1.0020000000000646
-343.8508279083216	-1.0190000000000645
-347.7640652045573	-1.0270000000000645
-351.67730250079313	-1.0440000000000644
-355.59053979702884	-1.0590000000000643
-359.50377709326466	-1.0670000000000643
-363.41701438950037	-1.0740000000000642
-367.3302516857362	-1.0860000000000642
*xxx
158
294.3795406444151	0.9579999999999499
282.8518760968832	0.9569999999999499
279.0093212477059	0.9539999999999499
275.1667663985286	0.9529999999999499
271.3242115493512	0.9509999999999499
263.6391018509966	0.9499999999999499
259.7965470018193	0.9489999999999499
255.953992152642	0.9459999999999499
252.11143730346467	0.9439999999999499
244.42632760511003	0.9419999999999499
240.58377275593273	0.9409999999999499
236.74121790675542	0.9379999999999499
232.89866305757812	0.9369999999999499
229.05610820840081	0.9329999999999499
225.21355335922348	0.9319999999999499
221.37099851004618	0.9289999999999499
217.52844366086885	0.9279999999999499
213.68588881169154	0.9259999999999499
209.84333396251424	0.9189999999999499
206.00077911333693	0.9179999999999499
202.15822426415963	0.9139999999999499
198.31566941498232	0.9099999999999498
194.473114565805	0.9069999999999498
190.63055971662766	0.9039999999999498
186.78800486745035	0.9019999999999498
182.94545001827305	0.8979999999999498
179.10289516909575	0.8939999999999498
175.26034031991844	0.8899999999999498
171.4177854707411	0.8849999999999498
167.5752306215638	0.8809999999999498
163.7326757723865	0.8789999999999498
159.89012092320917	0.8739999999999498
156.04756607403186	0.8659999999999498
152.20501122485456	0.8639999999999498
148.36245637567725	0.8569999999999498
144.51990152649992	0.8509999999999498
140.67734667732262	0.8419999999999498
136.8347918281453	0.8379999999999498
132.99223697896798	0.8319999999999498
129.14968212979068	0.8289999999999498
125.30712728061337	0.8219999999999498
121.46457243143607	0.8129999999999498
117.62201758225874	0.8079999999999498
113.77946273308143	0.8039999999999498
109.93690788390413	0.7979999999999497
106.09435303472682	0.7939999999999497
102.25179818554949	0.7799999999999497
98.40924333637219	0.7749999999999497
94.56668848719488	0.7699999999999497
90.72413363801755	0.7649999999999497
86.88157878884024	0.7609999999999497
83.03902393966294	0.7509999999999497
79.19646909048564	0.7459999999999497
75.3539142413083	0.7369999999999497
71.511359392131	0.7259999999999497
67.6688045429537	0.7199999999999497
63.82624969377636	0.7109999999999497
59.983694844599086	0.6999999999999497
56.141139995421725	0.6899999999999497
52.29858514624442	0.6779999999999496
48.456030297067116	0.6669999999999496
44.61347544788981	0.6539999999999496
40.77092059871251	0.6449999999999496
36.9283657495352	0.6409999999999496
33.0858109003579	0.6299999999999496
29.243256051180538	0.6199999999999496
25.400701202003233	0.6079999999999496
21.55814635282593	0.5939999999999496
17.715591503648625	0.5889999999999496
13.87303665447132	0.5769999999999496
10.030481805294016	0.5599999999999495
6.187926956116712	0.5469999999999495
2.345372106939351	0.5269999999999495
-1.4971827422379533	0.5119999999999495
-5.339737591415258	0.4999999999999495
-9.182292440592562	0.4899999999999495
-13.024847289769866	0.47399999999994946
-16.86740213894717	0.45899999999994945
-20.709956988124475	0.44599999999994944
-24.552511837301836	0.4299999999999494
-28.39506668647914	0.4199999999999494
-32.237621535656444	0.4019999999999494
-36.08017638483375	0.3849999999999494
-39.92273123401105	0.37199999999994937
-43.76528608318836	0.35799999999994936
-47.60784093236566	0.34399999999994935
-51.45039578154302	0.32899999999994933
-55.29295063072033	0.3109999999999493
-59.13550547989763	0.2999999999999493
-62.978060329074935	0.2879999999999493
-66.82061517825224	0.2649999999999493
-70.66317002742954	0.25199999999994926
-74.50572487660685	0.23199999999994925
-78.34827972578415	0.21799999999994923
-82.19083457496151	0.20499999999994922
-86.03338942413882	0.1859999999999492
-89.87594427331612	0.1699999999999492
-93.71849912249343	0.15299999999994918
-97.56105397167073	0.13699999999994916
-101.40360882084804	0.11799999999994915
-105.24616367002534	0.09999999999994913
-109.0887185192027	0.07799999999994911
-112.93127336838	0.0649999999999491
-116.77382821755731	0.04599999999994909
-120.61638306673461	0.020999999999949073
-124.45893791591192	-0.004000000000050942
-128.30149276508922	-0.02200000000005095
-132.14404761426653	-0.046000000000050965
-135.9866024634439	-0.07200000000005098
-139.8291573126212	-0.09500000000005099
-143.6717121617985	-0.11800000000005101
-147.5142670109758	-0.14800000000005104
-151.3568218601531	-0.17100000000005106
-155.1993767093304	-0.19400000000005108
-159.0419315585077	-0.2100000000000511
-162.88448640768507	-0.2240000000000511
-166.72704125686238	-0.24100000000005112
-170.56959610603968	-0.25900000000005113
-174.412150955217	-0.27100000000005114
-178.2547058043943	-0.28600000000005116
-182.0972606535716	-0.3060000000000512
-185.9398155027489	-0.3240000000000512
-189.78237035192626	-0.3390000000000512
-193.62492520110357	-0.3540000000000512
-197.4674800502808	-0.38000000000005124
-201.31003489945812	-0.40500000000005126
-205.15258974863553	-0.4240000000000513
-208.99514459781284	-0.4410000000000513
-212.83769944699014	-0.4700000000000513
-216.68025429616745	-0.48500000000005133
-220.52280914534475	-0.5010000000000513
-224.36536399452206	-0.5230000000000513
-228.20791884369936	-0.5450000000000513
-232.05047369287666	-0.5700000000000514
-235.89302854205397	-0.5840000000000514
-239.73558339123127	-0.6080000000000514
-243.57813824040858	-0.6120000000000514
-247.42069308958588	-0.6410000000000514
-251.2632479387632	-0.6550000000000514
-255.1058027879405	-0.6710000000000514
-258.9483576371179	-0.6910000000000515
-262.7909124862952	-0.7160000000000515
-266.6334673354725	-0.7330000000000515
-270.4760221846498	-0.7570000000000515
-274.3185770338271	-0.7670000000000515
-278.16113188300443	-0.7800000000000515
-282.00368673218173	-0.7930000000000516
-285.84624158135904	-0.8040000000000516
-289.68879643053634	-0.8220000000000516
-293.53135127971365	-0.8350000000000516
-297.37390612889095	-0.8500000000000516
-301.21646097806826	-0.8640000000000516
-305.05901582724556	-0.8810000000000516
-308.90157067642286	-0.8910000000000516
-312.7441255256003	-0.9050000000000517
-316.5866803747776	-0.9210000000000517
-320.4292352239549	-0.9320000000000517
-324.2717900731322	-0.9490000000000517
*xxx
143
274.0358472455934	0.8259999999999644
262.7009530082209	0.8249999999999644
255.14435684997252	0.8239999999999644
251.36605877084833	0.8229999999999644
243.8094626126	0.8209999999999644
240.03116453347582	0.8199999999999644
236.25286645435162	0.8189999999999644
232.47456837522745	0.8179999999999644
224.91797221697908	0.8159999999999644
221.1396741378549	0.8129999999999644
217.3613760587307	0.8119999999999644
213.58307797960654	0.8109999999999644
209.80477990048234	0.8039999999999644
206.02648182135817	0.8029999999999644
202.248183742234	0.8019999999999644
198.46988566310984	0.7989999999999644
194.69158758398564	0.7959999999999644
190.91328950486144	0.7929999999999644
187.13499142573727	0.7919999999999644
183.3566933466131	0.7899999999999644
179.57839526748893	0.7869999999999644
175.80009718836473	0.7849999999999644
172.02179910924056	0.7819999999999644
164.4652029509922	0.7759999999999644
160.68690487186802	0.7729999999999644
156.90860679274383	0.7689999999999644
153.13030871361966	0.7649999999999644
149.35201063449546	0.7599999999999644
145.5737125553713	0.7519999999999644
141.79541447624712	0.7429999999999644
138.01711639712292	0.7399999999999644
134.23881831799875	0.7339999999999643
130.46052023887458	0.7309999999999643
126.68222215975038	0.7269999999999643
122.90392408062621	0.7179999999999643
119.12562600150204	0.7149999999999643
115.34732792237784	0.7119999999999643
111.56902984325367	0.7059999999999643
107.79073176412948	0.7039999999999643
104.0124336850053	0.6939999999999643
100.23413560588114	0.6869999999999643
96.45583752675694	0.6799999999999643
92.67753944763277	0.6769999999999643
88.89924136850857	0.6729999999999643
85.1209432893844	0.6669999999999643
81.34264521026023	0.6599999999999643
77.56434713113603	0.6549999999999643
73.78604905201186	0.6429999999999643
70.00775097288769	0.6389999999999643
66.2294528937635	0.6289999999999643
62.451154814639324	0.6199999999999642
58.672856735515154	0.6119999999999642
54.894558656390956	0.6029999999999642
51.116260577266786	0.5919999999999642
47.33796249814259	0.5829999999999642
43.55966441901842	0.5709999999999642
39.78136633989425	0.5649999999999642
36.00306826077005	0.5609999999999642
32.22477018164588	0.5529999999999642
28.446472102521682	0.5419999999999642
24.668174023397512	0.5359999999999642
20.889875944273342	0.5219999999999642
17.111577865149172	0.5159999999999642
13.333279786024946	0.5069999999999641
9.554981706900776	0.49299999999996413
5.776683627776606	0.4809999999999641
1.9983855486524362	0.4629999999999641
-1.7799125304717336	0.4489999999999641
-5.558210609595903	0.4389999999999641
-9.33650868872013	0.4309999999999641
-13.1148067678443	0.41699999999996407
-16.89310484696847	0.40299999999996405
-20.67140292609264	0.39199999999996404
-24.44970100521681	0.37899999999996403
-28.227999084341036	0.368999999999964
-32.006297163465206	0.352999999999964
-35.784595242589376	0.338999999999964
-39.562893321713545	0.324999999999964
-43.341191400837715	0.312999999999964
-47.119489479961885	0.29899999999996396
-50.89778755908611	0.28899999999996395
-54.67608563821028	0.27199999999996394
-58.45438371733445	0.2609999999999639
-62.23268179645862	0.2509999999999639
-66.01097987558279	0.2309999999999639
-69.78927795470702	0.2179999999999639
-73.56757603383119	0.20199999999996388
-77.34587411295536	0.18699999999996386
-81.12417219207953	0.17899999999996385
-84.9024702712037	0.16299999999996384
-88.68076835032792	0.14399999999996382
-92.4590664294521	0.1309999999999638
-96.23736450857626	0.1189999999999638
-100.01566258770043	0.10299999999996379
-103.7939606668246	0.08399999999996377
-107.57225874594883	0.06599999999996375
-111.350556825073	0.04999999999996375
-115.12885490419717	0.029999999999963736
-118.90715298332134	0.013999999999963729
-122.68545106244551	-0.006000000000036282
-126.46374914156968	-0.029000000000036295
-130.2420472206939	-0.0440000000000363
-134.02034529981808	-0.06800000000003631
-137.79864337894224	-0.09300000000003633
-141.57694145806641	-0.11300000000003635
-145.35523953719058	-0.13600000000003637
-149.1335376163148	-0.1650000000000364
-152.91183569543898	-0.18600000000003641
-156.69013377456315	-0.20400000000003643
-160.46843185368732	-0.22400000000003645
-164.2467299328115	-0.23500000000003646
-168.02502801193566	-0.2520000000000365
-171.8033260910599	-0.2680000000000365
-175.58162417018406	-0.2810000000000365
-179.35992224930823	-0.2960000000000365
-183.1382203284324	-0.3120000000000365
-186.91651840755657	-0.32800000000003654
-190.6948164866808	-0.34400000000003655
-194.47311456580496	-0.35800000000003657
-198.25141264492913	-0.3840000000000366
-202.0297107240533	-0.4090000000000366
-205.80800880317747	-0.4260000000000366
-209.5863068823017	-0.44500000000003664
-213.36460496142587	-0.47100000000003667
-217.14290304055004	-0.4870000000000367
-220.9212011196742	-0.5040000000000366
-224.69949919879838	-0.5240000000000367
-228.4777972779226	-0.5450000000000367
-232.25609535704677	-0.5710000000000367
-236.03439343617094	-0.5850000000000367
-239.8126915152951	-0.6080000000000367
-243.59098959441928	-0.6120000000000367
-247.36928767354345	-0.6410000000000368
-251.14758575266762	-0.6550000000000368
-254.9258838317918	-0.6700000000000368
-258.7041819109161	-0.6910000000000368
-262.48247999004025	-0.7140000000000368
-266.2607780691644	-0.7300000000000368
-270.0390761482886	-0.7530000000000369
-273.81737422741276	-0.7670000000000369
-277.5956723065369	-0.7790000000000369
-281.3739703856611	-0.7930000000000369
-285.15226846478527	-0.8040000000000369
*xxx
127
241.6311581077988	0.6869999999999797
223.028823177417	0.6859999999999797
219.30835619134064	0.6849999999999797
215.58788920526428	0.6839999999999797
204.4264882470352	0.6819999999999797
200.70602126095883	0.6789999999999797
196.98555427488247	0.6779999999999797
193.26508728880611	0.6759999999999797
185.8241533166534	0.6749999999999797
182.10368633057703	0.6739999999999797
178.38321934450067	0.6699999999999797
174.6627523584243	0.6679999999999797
170.94228537234795	0.6639999999999797
163.5013514001952	0.6619999999999797
159.78088441411884	0.6589999999999797
156.06041742804248	0.6549999999999797
152.33995044196612	0.6539999999999797
148.61948345588976	0.6479999999999797
144.8990164698134	0.6429999999999797
141.17854948373704	0.6339999999999797
137.45808249766068	0.6309999999999797
133.73761551158432	0.6249999999999797
130.01714852550796	0.6229999999999797
126.2966815394316	0.6179999999999797
122.57621455335524	0.6099999999999797
118.85574756727888	0.6079999999999797
115.13528058120252	0.6049999999999797
111.41481359512616	0.5999999999999797
107.6943466090498	0.5979999999999797
103.97387962297344	0.5889999999999797
100.25341263689708	0.5829999999999796
96.53294565082072	0.5779999999999796
92.81247866474436	0.5749999999999796
89.092011678668	0.5719999999999796
85.37154469259164	0.5679999999999796
81.65107770651528	0.5619999999999796
77.93061072043889	0.5579999999999796
74.21014373436253	0.5459999999999796
70.48967674828617	0.5429999999999796
66.76920976220981	0.5349999999999796
63.04874277613345	0.5289999999999796
59.32827579005709	0.5229999999999796
55.60780880398073	0.5169999999999796
51.88734181790437	0.5089999999999796
48.16687483182801	0.49899999999997957
44.44640784575165	0.48899999999997956
40.72594085967529	0.48199999999997956
37.00547387359893	0.47999999999997955
33.28500688752257	0.47099999999997955
29.56453990144621	0.46499999999997954
25.84407291536985	0.45599999999997953
22.12360592929349	0.4479999999999795
18.40313894321713	0.4369999999999795
14.68267195714077	0.4299999999999795
10.96220497106441	0.4199999999999795
7.241737984988049	0.4109999999999795
3.521270998911689	0.3939999999999795
-0.19919598716467135	0.37999999999997947
-3.9196629732410315	0.37099999999997946
-7.640129959317392	0.36199999999997945
-11.360596945393752	0.34799999999997944
-15.081063931470112	0.33999999999997943
-18.801530917546472	0.3269999999999794
-22.521997903622832	0.3179999999999794
-26.242464889699193	0.3089999999999794
-29.962931875775553	0.2999999999999794
-33.68339886185191	0.2859999999999794
-37.40386584792827	0.26999999999997937
-41.12433283400463	0.26099999999997936
-44.84479982008099	0.24999999999997935
-48.565266806157354	0.23499999999997934
-52.285733792233714	0.22499999999997933
-56.006200778310074	0.21199999999997932
-59.726667764386434	0.2029999999999793
-63.447134750462794	0.1939999999999793
-67.16760173653915	0.17199999999997928
-70.88806872261551	0.16599999999997928
-74.60853570869187	0.14699999999997926
-78.32900269476823	0.13699999999997925
-82.0494696808446	0.12599999999997924
-85.76993666692096	0.11199999999997923
-89.49040365299732	0.09499999999997921
-93.21087063907368	0.0839999999999792
-96.93133762515004	0.0749999999999792
-100.65180461122645	0.05999999999997919
-104.37227159730281	0.04199999999997918
-108.09273858337917	0.02599999999997917
-111.81320556945553	0.008999999999979164
-115.5336725555319	-0.006000000000020843
-119.25413954160825	-0.02300000000002085
-122.97460652768461	-0.04100000000002086
-126.69507351376097	-0.06100000000002087
-130.41554049983733	-0.07500000000002088
-134.1360074859137	-0.0960000000000209
-137.85647447199005	-0.12000000000002092
-141.57694145806641	-0.13800000000002094
-145.29740844414277	-0.16000000000002096
-149.01787543021914	-0.18700000000002098
-152.7383424162955	-0.206000000000021
-156.45880940237186	-0.22300000000002101
-160.17927638844822	-0.24200000000002103
-163.89974337452458	-0.25400000000002104
-167.62021036060094	-0.26400000000002105
-171.3406773466773	-0.28100000000002107
-175.06114433275366	-0.2920000000000211
-178.78161131883002	-0.3080000000000211
-182.50207830490638	-0.3240000000000211
-186.22254529098274	-0.3370000000000211
-189.9430122770591	-0.35100000000002113
-193.66347926313546	-0.36500000000002114
-197.38394624921182	-0.38800000000002116
-201.10441323528818	-0.4070000000000212
-204.82488022136454	-0.4300000000000212
-208.5453472074409	-0.4450000000000212
-212.26581419351726	-0.47000000000002123
-215.98628117959362	-0.48700000000002125
-219.70674816566998	-0.5020000000000212
-223.42721515174634	-0.5210000000000212
-227.1476821378227	-0.5400000000000212
-230.86814912389906	-0.5630000000000213
-234.58861610997542	-0.5800000000000213
-238.30908309605178	-0.5990000000000213
-242.02955008212814	-0.6100000000000213
-245.7500170682045	-0.6300000000000213
-249.47048405428086	-0.6480000000000213
-253.19095104035722	-0.6650000000000214
-256.9114180264336	-0.6790000000000214
*xxx
115
220.3300388351854	0.5559999999999942
205.67949526307123	0.5549999999999942
194.6915875839856	0.5539999999999942
191.02895169095706	0.5529999999999942
183.70367990489996	0.5519999999999942
180.04104401187143	0.5499999999999942
176.37840811884288	0.5489999999999942
172.71577222581436	0.5469999999999942
165.39050043975726	0.5439999999999942
161.7278645467287	0.5429999999999942
154.40259276067164	0.5399999999999942
150.7399568676431	0.5389999999999942
147.07732097461457	0.5339999999999941
143.41468508158601	0.5299999999999941
139.75204918855746	0.5259999999999941
136.0894132955289	0.5209999999999941
132.42677740250036	0.5199999999999941
128.76414150947184	0.5169999999999941
125.1015056164433	0.5139999999999941
121.43886972341475	0.5099999999999941
117.77623383038622	0.5059999999999941
114.11359793735767	0.5029999999999941
110.45096204432913	0.4999999999999941
106.7883261513006	0.4989999999999941
103.12569025827204	0.4899999999999941
99.4630543652435	0.4869999999999941
95.80041847221497	0.4839999999999941
92.13778257918642	0.4809999999999941
88.47514668615787	0.4779999999999941
84.81251079312935	0.4739999999999941
81.1498749001008	0.4689999999999941
77.48723900707225	0.4649999999999941
73.8246031140437	0.4559999999999941
70.16196722101517	0.4539999999999941
66.49933132798662	0.44799999999999407
62.836695434958074	0.44199999999999406
59.17405954192955	0.43699999999999406
55.511423648901	0.43099999999999405
51.84878775587245	0.42399999999999405
48.18615186284393	0.41399999999999404
44.52351596981538	0.40499999999999403
40.86088007678683	0.398999999999994
37.19824418375828	0.396999999999994
33.535608290729755	0.390999999999994
29.872972397701204	0.384999999999994
26.210336504672654	0.377999999999994
22.54770061164413	0.368999999999994
18.88506471861558	0.359999999999994
15.22242882558703	0.353999999999994
11.559792932558508	0.348999999999994
7.897157039529958	0.340999999999994
4.234521146501407	0.32399999999999396
0.5718852534728569	0.31099999999999395
-3.090750639555665	0.30599999999999394
-6.753386532584216	0.29699999999999394
-10.416022425612766	0.2869999999999939
-14.078658318641288	0.2799999999999939
-17.74129421166984	0.2689999999999939
-21.40393010469839	0.2629999999999939
-25.06656599772694	0.2559999999999939
-28.72920189075549	0.2469999999999939
-32.391837783783984	0.23299999999999388
-36.054473676812535	0.21999999999999387
-39.717109569841085	0.20699999999999386
-43.379745462869636	0.19799999999999385
-47.042381355898186	0.18799999999999384
-50.70501724892674	0.17799999999999383
-54.36765314195529	0.16599999999999382
-58.03028903498378	0.1539999999999938
-61.69292492801233	0.1469999999999938
-65.35556082104088	0.1319999999999938
-69.01819671406943	0.11799999999999378
-72.68083260709798	0.10699999999999377
-76.34346850012653	0.09799999999999376
-80.00610439315508	0.09099999999999375
-83.66874028618358	0.07799999999999374
-87.33137617921213	0.06399999999999373
-90.99401207224068	0.04999999999999372
-94.65664796526923	0.04099999999999372
-98.31928385829778	0.02999999999999372
-101.98191975132633	0.014999999999993713
-105.64455564435482	-6.293576770843856E-15
-109.30719153738337	-0.0150000000000063
-112.96982743041193	-0.027000000000006304
-116.63246332344048	-0.04200000000000631
-120.29509921646903	-0.06100000000000632
-123.95773510949758	-0.07700000000000633
-127.62037100252613	-0.09200000000000633
-131.28300689555462	-0.11100000000000634
-134.94564278858317	-0.13300000000000636
-138.60827868161172	-0.15100000000000638
-142.27091457464027	-0.1650000000000064
-145.93355046766882	-0.1870000000000064
-149.59618636069737	-0.21500000000000644
-153.25882225372592	-0.23000000000000645
-156.92145814675442	-0.24600000000000646
-160.58409403978297	-0.26500000000000645
-164.24672993281152	-0.27500000000000646
-167.90936582584007	-0.28700000000000647
-171.57200171886862	-0.2990000000000065
-175.23463761189717	-0.3100000000000065
-178.89727350492572	-0.3230000000000065
-182.55990939795421	-0.3380000000000065
-186.22254529098277	-0.35100000000000653
-189.88518118401132	-0.36400000000000654
-193.54781707703987	-0.37600000000000655
-197.21045297006842	-0.39800000000000657
-200.87308886309697	-0.4160000000000066
-204.53572475612546	-0.4370000000000066
-208.198360649154	-0.4550000000000066
-211.86099654218256	-0.47700000000000664
-215.5236324352111	-0.49300000000000666
-219.18626832823966	-0.5100000000000067
-222.8489042212682	-0.5210000000000067
-226.51154011429676	-0.5400000000000067
*xxx
100
178.01695575519776	0.4150000000000003
174.42500230922766	0.4140000000000003
163.64914197131736	0.4120000000000003
160.05718852534727	0.4110000000000003
152.8732816334071	0.4100000000000003
149.281328187437	0.4080000000000003
145.6893747414669	0.4070000000000003
138.5054678495267	0.4040000000000003
131.3215609575865	0.4000000000000003
127.72960751161641	0.3970000000000003
124.13765406564632	0.3960000000000003
120.54570061967621	0.3940000000000003
116.95374717370612	0.3920000000000003
113.36179372773603	0.3900000000000003
109.76984028176592	0.3880000000000003
106.17788683579583	0.3860000000000003
102.58593338982574	0.3790000000000003
98.99397994385563	0.3760000000000003
95.40202649788554	0.3740000000000003
91.81007305191545	0.3710000000000003
88.21811960594535	0.36900000000000027
84.62616615997526	0.36600000000000027
81.03421271400515	0.36200000000000027
77.44225926803506	0.35800000000000026
73.85030582206497	0.35100000000000026
70.25835237609486	0.34900000000000025
66.66639893012477	0.34300000000000025
63.074445484154666	0.33800000000000024
59.482492038184574	0.33600000000000024
55.89053859221448	0.33100000000000024
52.29858514624439	0.32700000000000023
48.70663170027427	0.31900000000000023
45.11467825430418	0.3120000000000002
41.52272480833409	0.3070000000000002
37.930771362364	0.3040000000000002
34.33881791639391	0.3010000000000002
30.746864470423816	0.2980000000000002
27.154911024453696	0.2890000000000002
23.562957578483605	0.2820000000000002
19.971004132513514	0.2750000000000002
16.379050686543422	0.2680000000000002
12.787097240573331	0.2670000000000002
9.195143794603212	0.2570000000000002
5.60319034863312	0.24800000000000016
2.011236902663029	0.23700000000000015
-1.5807165433070622	0.22800000000000015
-5.1726699892771535	0.22200000000000014
-8.764623435247245	0.21800000000000014
-12.356576881217364	0.20700000000000013
-15.948530327187456	0.19800000000000012
-19.540483773157547	0.19300000000000012
-23.132437219127638	0.1870000000000001
-26.72439066509773	0.1800000000000001
-30.31634411106785	0.1730000000000001
-33.90829755703794	0.1610000000000001
-37.50025100300803	0.14800000000000008
-41.09220444897812	0.14000000000000007
-44.684157894948214	0.13200000000000006
-48.276111340918334	0.11900000000000005
-51.868064786888425	0.11200000000000004
-55.460018232858516	0.10200000000000004
-59.05197167882861	0.09400000000000003
-62.6439251247987	0.09000000000000002
-66.23587857076882	0.07800000000000001
-69.82783201673891	0.066
-73.419785462709	0.055
-77.01173890867909	0.045
-80.60369235464918	0.040999999999999995
-84.19564580061927	0.02699999999999999
-87.78759924658937	0.017999999999999988
-91.37955269255946	0.007999999999999986
-94.9715061385296	-0.0020000000000000157
-98.5634595844997	-0.013000000000000018
-102.15541303046979	-0.026000000000000023
-105.74736647643988	-0.03900000000000003
-109.33931992240997	-0.05100000000000003
-112.93127336838006	-0.06000000000000003
-116.52322681435015	-0.07500000000000004
-120.11518026032024	-0.09300000000000005
-123.70713370629034	-0.10600000000000007
-127.29908715226043	-0.12000000000000008
-130.89104059823052	-0.1370000000000001
-134.48299404420067	-0.1550000000000001
-138.07494749017076	-0.17400000000000013
-141.66690093614085	-0.18700000000000014
-145.25885438211094	-0.20600000000000016
-148.85080782808103	-0.22900000000000018
-152.44276127405112	-0.2430000000000002
-156.0347147200212	-0.2570000000000002
-159.6266681659913	-0.2740000000000002
-163.2186216119614	-0.2820000000000002
-166.8105750579315	-0.2910000000000002
-170.40252850390158	-0.3030000000000002
-173.99448194987173	-0.3110000000000002
-177.58643539584182	-0.32300000000000023
-181.1783888418119	-0.34000000000000025
-184.770342287782	-0.35200000000000026
-188.3622957337521	-0.36200000000000027
-191.95424917972218	-0.3750000000000003
-195.54620262569227	-0.3920000000000003
*xxx
81
146.55041546017887	0.2770000000000002
139.50787346235558	0.2750000000000002
132.46533146453226	0.2730000000000002
125.42278946670896	0.2720000000000002
118.38024746888566	0.2710000000000002
111.33770547106235	0.2700000000000002
107.8164344721507	0.2690000000000002
104.29516347323906	0.2650000000000002
100.7738924743274	0.2640000000000002
97.25262147541575	0.2620000000000002
93.7313504765041	0.2610000000000002
90.21007947759244	0.2590000000000002
86.6888084786808	0.2570000000000002
79.64626648085749	0.25400000000000017
76.12499548194585	0.25000000000000017
72.6037244830342	0.24500000000000016
69.08245348412254	0.24300000000000016
65.56118248521089	0.23900000000000016
62.039911486299246	0.23700000000000015
58.518640487387586	0.23500000000000015
54.99736948847594	0.23000000000000015
51.47609848956429	0.22600000000000015
47.95482749065263	0.21900000000000014
44.43355649174099	0.21300000000000013
40.91228549282934	0.20800000000000013
37.39101449391768	0.20700000000000013
33.869743495006034	0.20400000000000013
30.348472496094388	0.20200000000000012
26.827201497182728	0.19500000000000012
23.305930498271067	0.1900000000000001
19.784659499359435	0.1840000000000001
16.263388500447775	0.1770000000000001
12.742117501536114	0.1760000000000001
9.220846502624482	0.1690000000000001
5.699575503712822	0.1620000000000001
2.1783045048011616	0.15600000000000008
-1.3429664941104704	0.15000000000000008
-4.864237493022131	0.14600000000000007
-8.385508491933791	0.14200000000000007
-11.906779490845423	0.13400000000000006
-15.428050489757084	0.12900000000000006
-18.949321488668744	0.12200000000000005
-22.470592487580376	0.11700000000000005
-25.991863486492036	0.11200000000000004
-29.513134485403697	0.10900000000000004
-33.03440548431533	0.09800000000000003
-36.55567648322699	0.08600000000000002
-40.07694748213865	0.07700000000000001
-43.59821848105028	0.07100000000000001
-47.11948947996194	0.061000000000000006
-50.6407604788736	0.05600000000000001
-54.162031477785234	0.04700000000000001
-57.683302476696895	0.04000000000000001
-61.204573475608555	0.036000000000000004
-64.72584447452019	0.026000000000000002
-68.24711547343185	0.016
-71.76838647234351	0.01
-75.28965747125514	-0.0010000000000000026
-78.8109284701668	-0.007000000000000003
-82.33219946907846	-0.015000000000000003
-85.85347046799009	-0.027000000000000007
-89.37474146690175	-0.037000000000000005
-92.89601246581341	-0.043000000000000003
-96.41728346472505	-0.052000000000000005
-99.93855446363673	-0.060000000000000005
-103.45982546254837	-0.07100000000000001
-106.98109646146	-0.08100000000000002
-110.50236746037169	-0.09300000000000003
-114.02363845928332	-0.10200000000000004
-117.54490945819495	-0.11400000000000005
-121.06618045710664	-0.12700000000000006
-124.58745145601827	-0.14100000000000007
-128.1087224549299	-0.15300000000000008
-131.6299934538416	-0.1670000000000001
-135.15126445275322	-0.1830000000000001
-138.67253545166486	-0.19800000000000012
-142.19380645057655	-0.21100000000000013
-145.71507744948818	-0.22800000000000015
-149.2363484483998	-0.24800000000000016
-152.7576194473115	-0.2570000000000002
-156.27889044622313	-0.2690000000000002
*xxx
56
75.30893450227107	0.1380000000000001
68.48486552262843	0.1370000000000001
65.0728310328071	0.1360000000000001
58.24876205316444	0.1340000000000001
54.83672756334312	0.1320000000000001
51.42469307352179	0.1300000000000001
48.012658583700464	0.12600000000000008
44.60062409387914	0.12300000000000008
41.18858960405781	0.12000000000000008
37.77655511423649	0.11900000000000008
34.364520624415164	0.11800000000000008
30.952486134593826	0.11700000000000008
27.540451644772503	0.11200000000000007
24.12841715495118	0.10900000000000007
20.716382665129856	0.10300000000000006
17.304348175308533	0.10100000000000006
13.892313685487196	0.09800000000000006
10.480279195665872	0.09200000000000005
7.068244705844549	0.09100000000000005
3.6562102160232257	0.08600000000000005
0.2441757262018882	0.08100000000000004
-3.167858763619435	0.07900000000000004
-6.579893253440758	0.07500000000000004
-9.991927743262082	0.06800000000000003
-13.403962233083405	0.06600000000000003
-16.815996722904742	0.05800000000000003
-20.228031212726066	0.05700000000000003
-23.64006570254739	0.05200000000000003
-27.052100192368712	0.05000000000000003
-30.46413468219005	0.04600000000000003
-33.87616917201136	0.037000000000000026
-37.288203661832696	0.029000000000000026
-40.700238151654034	0.025000000000000026
-44.11227264147534	0.020000000000000025
-47.52430713129668	0.014000000000000025
-50.93634162111799	0.011000000000000024
-54.34837611093933	0.0040000000000000235
-57.760410600760665	0.0010000000000000234
-61.172445090581974	-0.0019999999999999766
-64.58447958040331	-0.008999999999999977
-67.99651407022462	-0.016999999999999977
-71.40854856004596	-0.019999999999999976
-74.8205830498673	-0.03199999999999998
-78.2326175396886	-0.03499999999999998
-81.64465202950994	-0.04199999999999998
-85.05668651933128	-0.04699999999999998
-88.46872100915259	-0.05899999999999998
-91.88075549897393	-0.061999999999999986
-95.29278998879523	-0.06799999999999999
-98.70482447861657	-0.075
-102.11685896843791	-0.08299999999999999
-105.52889345825922	-0.095
-108.94092794808056	-0.10600000000000001
-112.35296243790187	-0.11300000000000002
-115.7649969277232	-0.12400000000000003
-119.17703141754454	-0.13500000000000004
* ----- 回転ヒステリシス損
* B数 *
0
* B * 損失
* ----- 異方性
* B数 * 角度数 *
0	0
