quadrangle
//Number_of_Node
2408
//Number_of_Element
2223
//Number_of_Region
2
//Factor
1000.0
350,349,177,178,
351,350,178,179,
352,351,179,180,
522,521,349,350,
523,522,350,351,
524,523,351,352,
694,693,521,522,
695,694,522,523,
696,695,523,524,
866,865,693,694,
867,866,694,695,
868,867,695,696,
1038,1037,865,866,
1039,1038,866,867,
1040,1039,867,868,
1382,1381,1209,1210,
1383,1382,1210,1211,
1384,1383,1211,1212,
1554,1553,1381,1382,
1555,1554,1382,1383,
1556,1555,1383,1384,
1726,1725,1553,1554,
1727,1726,1554,1555,
1728,1727,1555,1556,
1898,1897,1725,1726,
1899,1898,1726,1727,
1900,1899,1727,1728,
2070,2069,1897,1898,
2071,2070,1898,1899,
2072,2071,1899,1900,
354,353,181,182,
355,354,182,183,
356,355,183,184,
526,525,353,354,
527,526,354,355,
528,527,355,356,
698,697,525,526,
699,698,526,527,
700,699,527,528,
870,869,697,698,
871,870,698,699,
872,871,699,700,
1042,1041,869,870,
1043,1042,870,871,
1044,1043,871,872,
1386,1385,1213,1214,
1387,1386,1214,1215,
1388,1387,1215,1216,
1558,1557,1385,1386,
1559,1558,1386,1387,
1560,1559,1387,1388,
1730,1729,1557,1558,
1731,1730,1558,1559,
1732,1731,1559,1560,
1902,1901,1729,1730,
1903,1902,1730,1731,
1904,1903,1731,1732,
2074,2073,1901,1902,
2075,2074,1902,1903,
2076,2075,1903,1904,
365,364,192,193,
366,365,193,194,
367,366,194,195,
537,536,364,365,
538,537,365,366,
539,538,366,367,
709,708,536,537,
710,709,537,538,
711,710,538,539,
881,880,708,709,
882,881,709,710,
883,882,710,711,
1053,1052,880,881,
1054,1053,881,882,
1055,1054,882,883,
1397,1396,1224,1225,
1398,1397,1225,1226,
1399,1398,1226,1227,
1569,1568,1396,1397,
1570,1569,1397,1398,
1571,1570,1398,1399,
1741,1740,1568,1569,
1742,1741,1569,1570,
1743,1742,1570,1571,
1913,1912,1740,1741,
1914,1913,1741,1742,
1915,1914,1742,1743,
2085,2084,1912,1913,
2086,2085,1913,1914,
2087,2086,1914,1915,
369,368,196,197,
370,369,197,198,
371,370,198,199,
541,540,368,369,
542,541,369,370,
543,542,370,371,
713,712,540,541,
714,713,541,542,
715,714,542,543,
885,884,712,713,
886,885,713,714,
887,886,714,715,
1057,1056,884,885,
1058,1057,885,886,
1059,1058,886,887,
1401,1400,1228,1229,
1402,1401,1229,1230,
1403,1402,1230,1231,
1573,1572,1400,1401,
1574,1573,1401,1402,
1575,1574,1402,1403,
1745,1744,1572,1573,
1746,1745,1573,1574,
1747,1746,1574,1575,
1917,1916,1744,1745,
1918,1917,1745,1746,
1919,1918,1746,1747,
2089,2088,1916,1917,
2090,2089,1917,1918,
2091,2090,1918,1919,
380,379,207,208,
381,380,208,209,
382,381,209,210,
552,551,379,380,
553,552,380,381,
554,553,381,382,
724,723,551,552,
725,724,552,553,
726,725,553,554,
896,895,723,724,
897,896,724,725,
898,897,725,726,
1068,1067,895,896,
1069,1068,896,897,
1070,1069,897,898,
1412,1411,1239,1240,
1413,1412,1240,1241,
1414,1413,1241,1242,
1584,1583,1411,1412,
1585,1584,1412,1413,
1586,1585,1413,1414,
1756,1755,1583,1584,
1757,1756,1584,1585,
1758,1757,1585,1586,
1928,1927,1755,1756,
1929,1928,1756,1757,
1930,1929,1757,1758,
2100,2099,1927,1928,
2101,2100,1928,1929,
2102,2101,1929,1930,
384,383,211,212,
385,384,212,213,
386,385,213,214,
556,555,383,384,
557,556,384,385,
558,557,385,386,
728,727,555,556,
729,728,556,557,
730,729,557,558,
900,899,727,728,
901,900,728,729,
902,901,729,730,
1072,1071,899,900,
1073,1072,900,901,
1074,1073,901,902,
1416,1415,1243,1244,
1417,1416,1244,1245,
1418,1417,1245,1246,
1588,1587,1415,1416,
1589,1588,1416,1417,
1590,1589,1417,1418,
1760,1759,1587,1588,
1761,1760,1588,1589,
1762,1761,1589,1590,
1932,1931,1759,1760,
1933,1932,1760,1761,
1934,1933,1761,1762,
2104,2103,1931,1932,
2105,2104,1932,1933,
2106,2105,1933,1934,
395,394,222,223,
396,395,223,224,
397,396,224,225,
567,566,394,395,
568,567,395,396,
569,568,396,397,
739,738,566,567,
740,739,567,568,
741,740,568,569,
911,910,738,739,
912,911,739,740,
913,912,740,741,
1083,1082,910,911,
1084,1083,911,912,
1085,1084,912,913,
1427,1426,1254,1255,
1428,1427,1255,1256,
1429,1428,1256,1257,
1599,1598,1426,1427,
1600,1599,1427,1428,
1601,1600,1428,1429,
1771,1770,1598,1599,
1772,1771,1599,1600,
1773,1772,1600,1601,
1943,1942,1770,1771,
1944,1943,1771,1772,
1945,1944,1772,1773,
2115,2114,1942,1943,
2116,2115,1943,1944,
2117,2116,1944,1945,
399,398,226,227,
400,399,227,228,
401,400,228,229,
571,570,398,399,
572,571,399,400,
573,572,400,401,
743,742,570,571,
744,743,571,572,
745,744,572,573,
915,914,742,743,
916,915,743,744,
917,916,744,745,
1087,1086,914,915,
1088,1087,915,916,
1089,1088,916,917,
1431,1430,1258,1259,
1432,1431,1259,1260,
1433,1432,1260,1261,
1603,1602,1430,1431,
1604,1603,1431,1432,
1605,1604,1432,1433,
1775,1774,1602,1603,
1776,1775,1603,1604,
1777,1776,1604,1605,
1947,1946,1774,1775,
1948,1947,1775,1776,
1949,1948,1776,1777,
2119,2118,1946,1947,
2120,2119,1947,1948,
2121,2120,1948,1949,
410,409,237,238,
411,410,238,239,
412,411,239,240,
582,581,409,410,
583,582,410,411,
584,583,411,412,
754,753,581,582,
755,754,582,583,
756,755,583,584,
926,925,753,754,
927,926,754,755,
928,927,755,756,
1098,1097,925,926,
1099,1098,926,927,
1100,1099,927,928,
1442,1441,1269,1270,
1443,1442,1270,1271,
1444,1443,1271,1272,
1614,1613,1441,1442,
1615,1614,1442,1443,
1616,1615,1443,1444,
1786,1785,1613,1614,
1787,1786,1614,1615,
1788,1787,1615,1616,
1958,1957,1785,1786,
1959,1958,1786,1787,
1960,1959,1787,1788,
2130,2129,1957,1958,
2131,2130,1958,1959,
2132,2131,1959,1960,
414,413,241,242,
415,414,242,243,
416,415,243,244,
586,585,413,414,
587,586,414,415,
588,587,415,416,
758,757,585,586,
759,758,586,587,
760,759,587,588,
930,929,757,758,
931,930,758,759,
932,931,759,760,
1102,1101,929,930,
1103,1102,930,931,
1104,1103,931,932,
1446,1445,1273,1274,
1447,1446,1274,1275,
1448,1447,1275,1276,
1618,1617,1445,1446,
1619,1618,1446,1447,
1620,1619,1447,1448,
1790,1789,1617,1618,
1791,1790,1618,1619,
1792,1791,1619,1620,
1962,1961,1789,1790,
1963,1962,1790,1791,
1964,1963,1791,1792,
2134,2133,1961,1962,
2135,2134,1962,1963,
2136,2135,1963,1964,
425,424,252,253,
426,425,253,254,
427,426,254,255,
597,596,424,425,
598,597,425,426,
599,598,426,427,
769,768,596,597,
770,769,597,598,
771,770,598,599,
941,940,768,769,
942,941,769,770,
943,942,770,771,
1113,1112,940,941,
1114,1113,941,942,
1115,1114,942,943,
1457,1456,1284,1285,
1458,1457,1285,1286,
1459,1458,1286,1287,
1629,1628,1456,1457,
1630,1629,1457,1458,
1631,1630,1458,1459,
1801,1800,1628,1629,
1802,1801,1629,1630,
1803,1802,1630,1631,
1973,1972,1800,1801,
1974,1973,1801,1802,
1975,1974,1802,1803,
2145,2144,1972,1973,
2146,2145,1973,1974,
2147,2146,1974,1975,
429,428,256,257,
430,429,257,258,
431,430,258,259,
601,600,428,429,
602,601,429,430,
603,602,430,431,
773,772,600,601,
774,773,601,602,
775,774,602,603,
945,944,772,773,
946,945,773,774,
947,946,774,775,
1117,1116,944,945,
1118,1117,945,946,
1119,1118,946,947,
1461,1460,1288,1289,
1462,1461,1289,1290,
1463,1462,1290,1291,
1633,1632,1460,1461,
1634,1633,1461,1462,
1635,1634,1462,1463,
1805,1804,1632,1633,
1806,1805,1633,1634,
1807,1806,1634,1635,
1977,1976,1804,1805,
1978,1977,1805,1806,
1979,1978,1806,1807,
2149,2148,1976,1977,
2150,2149,1977,1978,
2151,2150,1978,1979,
440,439,267,268,
441,440,268,269,
442,441,269,270,
612,611,439,440,
613,612,440,441,
614,613,441,442,
784,783,611,612,
785,784,612,613,
786,785,613,614,
956,955,783,784,
957,956,784,785,
958,957,785,786,
1128,1127,955,956,
1129,1128,956,957,
1130,1129,957,958,
1472,1471,1299,1300,
1473,1472,1300,1301,
1474,1473,1301,1302,
1644,1643,1471,1472,
1645,1644,1472,1473,
1646,1645,1473,1474,
1816,1815,1643,1644,
1817,1816,1644,1645,
1818,1817,1645,1646,
1988,1987,1815,1816,
1989,1988,1816,1817,
1990,1989,1817,1818,
2160,2159,1987,1988,
2161,2160,1988,1989,
2162,2161,1989,1990,
444,443,271,272,
445,444,272,273,
446,445,273,274,
616,615,443,444,
617,616,444,445,
618,617,445,446,
788,787,615,616,
789,788,616,617,
790,789,617,618,
960,959,787,788,
961,960,788,789,
962,961,789,790,
1132,1131,959,960,
1133,1132,960,961,
1134,1133,961,962,
1476,1475,1303,1304,
1477,1476,1304,1305,
1478,1477,1305,1306,
1648,1647,1475,1476,
1649,1648,1476,1477,
1650,1649,1477,1478,
1820,1819,1647,1648,
1821,1820,1648,1649,
1822,1821,1649,1650,
1992,1991,1819,1820,
1993,1992,1820,1821,
1994,1993,1821,1822,
2164,2163,1991,1992,
2165,2164,1992,1993,
2166,2165,1993,1994,
455,454,282,283,
456,455,283,284,
457,456,284,285,
627,626,454,455,
628,627,455,456,
629,628,456,457,
799,798,626,627,
800,799,627,628,
801,800,628,629,
971,970,798,799,
972,971,799,800,
973,972,800,801,
1143,1142,970,971,
1144,1143,971,972,
1145,1144,972,973,
1487,1486,1314,1315,
1488,1487,1315,1316,
1489,1488,1316,1317,
1659,1658,1486,1487,
1660,1659,1487,1488,
1661,1660,1488,1489,
1831,1830,1658,1659,
1832,1831,1659,1660,
1833,1832,1660,1661,
2003,2002,1830,1831,
2004,2003,1831,1832,
2005,2004,1832,1833,
2175,2174,2002,2003,
2176,2175,2003,2004,
2177,2176,2004,2005,
459,458,286,287,
460,459,287,288,
461,460,288,289,
631,630,458,459,
632,631,459,460,
633,632,460,461,
803,802,630,631,
804,803,631,632,
805,804,632,633,
975,974,802,803,
976,975,803,804,
977,976,804,805,
1147,1146,974,975,
1148,1147,975,976,
1149,1148,976,977,
1491,1490,1318,1319,
1492,1491,1319,1320,
1493,1492,1320,1321,
1663,1662,1490,1491,
1664,1663,1491,1492,
1665,1664,1492,1493,
1835,1834,1662,1663,
1836,1835,1663,1664,
1837,1836,1664,1665,
2007,2006,1834,1835,
2008,2007,1835,1836,
2009,2008,1836,1837,
2179,2178,2006,2007,
2180,2179,2007,2008,
2181,2180,2008,2009,
470,469,297,298,
471,470,298,299,
472,471,299,300,
642,641,469,470,
643,642,470,471,
644,643,471,472,
814,813,641,642,
815,814,642,643,
816,815,643,644,
986,985,813,814,
987,986,814,815,
988,987,815,816,
1158,1157,985,986,
1159,1158,986,987,
1160,1159,987,988,
1502,1501,1329,1330,
1503,1502,1330,1331,
1504,1503,1331,1332,
1674,1673,1501,1502,
1675,1674,1502,1503,
1676,1675,1503,1504,
1846,1845,1673,1674,
1847,1846,1674,1675,
1848,1847,1675,1676,
2018,2017,1845,1846,
2019,2018,1846,1847,
2020,2019,1847,1848,
2190,2189,2017,2018,
2191,2190,2018,2019,
2192,2191,2019,2020,
474,473,301,302,
475,474,302,303,
476,475,303,304,
646,645,473,474,
647,646,474,475,
648,647,475,476,
818,817,645,646,
819,818,646,647,
820,819,647,648,
990,989,817,818,
991,990,818,819,
992,991,819,820,
1162,1161,989,990,
1163,1162,990,991,
1164,1163,991,992,
1506,1505,1333,1334,
1507,1506,1334,1335,
1508,1507,1335,1336,
1678,1677,1505,1506,
1679,1678,1506,1507,
1680,1679,1507,1508,
1850,1849,1677,1678,
1851,1850,1678,1679,
1852,1851,1679,1680,
2022,2021,1849,1850,
2023,2022,1850,1851,
2024,2023,1851,1852,
2194,2193,2021,2022,
2195,2194,2022,2023,
2196,2195,2023,2024,
485,484,312,313,
486,485,313,314,
487,486,314,315,
657,656,484,485,
658,657,485,486,
659,658,486,487,
829,828,656,657,
830,829,657,658,
831,830,658,659,
1001,1000,828,829,
1002,1001,829,830,
1003,1002,830,831,
1173,1172,1000,1001,
1174,1173,1001,1002,
1175,1174,1002,1003,
1517,1516,1344,1345,
1518,1517,1345,1346,
1519,1518,1346,1347,
1689,1688,1516,1517,
1690,1689,1517,1518,
1691,1690,1518,1519,
1861,1860,1688,1689,
1862,1861,1689,1690,
1863,1862,1690,1691,
2033,2032,1860,1861,
2034,2033,1861,1862,
2035,2034,1862,1863,
2205,2204,2032,2033,
2206,2205,2033,2034,
2207,2206,2034,2035,
489,488,316,317,
490,489,317,318,
491,490,318,319,
661,660,488,489,
662,661,489,490,
663,662,490,491,
833,832,660,661,
834,833,661,662,
835,834,662,663,
1005,1004,832,833,
1006,1005,833,834,
1007,1006,834,835,
1177,1176,1004,1005,
1178,1177,1005,1006,
1179,1178,1006,1007,
1521,1520,1348,1349,
1522,1521,1349,1350,
1523,1522,1350,1351,
1693,1692,1520,1521,
1694,1693,1521,1522,
1695,1694,1522,1523,
1865,1864,1692,1693,
1866,1865,1693,1694,
1867,1866,1694,1695,
2037,2036,1864,1865,
2038,2037,1865,1866,
2039,2038,1866,1867,
2209,2208,2036,2037,
2210,2209,2037,2038,
2211,2210,2038,2039,
500,499,327,328,
501,500,328,329,
502,501,329,330,
672,671,499,500,
673,672,500,501,
674,673,501,502,
844,843,671,672,
845,844,672,673,
846,845,673,674,
1016,1015,843,844,
1017,1016,844,845,
1018,1017,845,846,
1188,1187,1015,1016,
1189,1188,1016,1017,
1190,1189,1017,1018,
1532,1531,1359,1360,
1533,1532,1360,1361,
1534,1533,1361,1362,
1704,1703,1531,1532,
1705,1704,1532,1533,
1706,1705,1533,1534,
1876,1875,1703,1704,
1877,1876,1704,1705,
1878,1877,1705,1706,
2048,2047,1875,1876,
2049,2048,1876,1877,
2050,2049,1877,1878,
2220,2219,2047,2048,
2221,2220,2048,2049,
2222,2221,2049,2050,
504,503,331,332,
505,504,332,333,
506,505,333,334,
676,675,503,504,
677,676,504,505,
678,677,505,506,
848,847,675,676,
849,848,676,677,
850,849,677,678,
1020,1019,847,848,
1021,1020,848,849,
1022,1021,849,850,
1192,1191,1019,1020,
1193,1192,1020,1021,
1194,1193,1021,1022,
1536,1535,1363,1364,
1537,1536,1364,1365,
1538,1537,1365,1366,
1708,1707,1535,1536,
1709,1708,1536,1537,
1710,1709,1537,1538,
1880,1879,1707,1708,
1881,1880,1708,1709,
1882,1881,1709,1710,
2052,2051,1879,1880,
2053,2052,1880,1881,
2054,2053,1881,1882,
2224,2223,2051,2052,
2225,2224,2052,2053,
2226,2225,2053,2054,
174,173,1,2,
175,174,2,3,
176,175,3,4,
177,176,4,5,
178,177,5,6,
179,178,6,7,
180,179,7,8,
181,180,8,9,
182,181,9,10,
183,182,10,11,
184,183,11,12,
185,184,12,13,
186,185,13,14,
187,186,14,15,
188,187,15,16,
189,188,16,17,
190,189,17,18,
191,190,18,19,
192,191,19,20,
193,192,20,21,
194,193,21,22,
195,194,22,23,
196,195,23,24,
197,196,24,25,
198,197,25,26,
199,198,26,27,
200,199,27,28,
201,200,28,29,
202,201,29,30,
203,202,30,31,
204,203,31,32,
205,204,32,33,
206,205,33,34,
207,206,34,35,
208,207,35,36,
209,208,36,37,
210,209,37,38,
211,210,38,39,
212,211,39,40,
213,212,40,41,
214,213,41,42,
215,214,42,43,
216,215,43,44,
217,216,44,45,
218,217,45,46,
219,218,46,47,
220,219,47,48,
221,220,48,49,
222,221,49,50,
223,222,50,51,
224,223,51,52,
225,224,52,53,
226,225,53,54,
227,226,54,55,
228,227,55,56,
229,228,56,57,
230,229,57,58,
231,230,58,59,
232,231,59,60,
233,232,60,61,
234,233,61,62,
235,234,62,63,
236,235,63,64,
237,236,64,65,
238,237,65,66,
239,238,66,67,
240,239,67,68,
241,240,68,69,
242,241,69,70,
243,242,70,71,
244,243,71,72,
245,244,72,73,
246,245,73,74,
247,246,74,75,
248,247,75,76,
249,248,76,77,
250,249,77,78,
251,250,78,79,
252,251,79,80,
253,252,80,81,
254,253,81,82,
255,254,82,83,
256,255,83,84,
257,256,84,85,
258,257,85,86,
259,258,86,87,
260,259,87,88,
261,260,88,89,
262,261,89,90,
263,262,90,91,
264,263,91,92,
265,264,92,93,
266,265,93,94,
267,266,94,95,
268,267,95,96,
269,268,96,97,
270,269,97,98,
271,270,98,99,
272,271,99,100,
273,272,100,101,
274,273,101,102,
275,274,102,103,
276,275,103,104,
277,276,104,105,
278,277,105,106,
279,278,106,107,
280,279,107,108,
281,280,108,109,
282,281,109,110,
283,282,110,111,
284,283,111,112,
285,284,112,113,
286,285,113,114,
287,286,114,115,
288,287,115,116,
289,288,116,117,
290,289,117,118,
291,290,118,119,
292,291,119,120,
293,292,120,121,
294,293,121,122,
295,294,122,123,
296,295,123,124,
297,296,124,125,
298,297,125,126,
299,298,126,127,
300,299,127,128,
301,300,128,129,
302,301,129,130,
303,302,130,131,
304,303,131,132,
305,304,132,133,
306,305,133,134,
307,306,134,135,
308,307,135,136,
309,308,136,137,
310,309,137,138,
311,310,138,139,
312,311,139,140,
313,312,140,141,
314,313,141,142,
315,314,142,143,
316,315,143,144,
317,316,144,145,
318,317,145,146,
319,318,146,147,
320,319,147,148,
321,320,148,149,
322,321,149,150,
323,322,150,151,
324,323,151,152,
325,324,152,153,
326,325,153,154,
327,326,154,155,
328,327,155,156,
329,328,156,157,
330,329,157,158,
331,330,158,159,
332,331,159,160,
333,332,160,161,
334,333,161,162,
335,334,162,163,
336,335,163,164,
337,336,164,165,
338,337,165,166,
339,338,166,167,
340,339,167,168,
341,340,168,169,
342,341,169,170,
343,342,170,171,
344,343,171,172,
346,345,173,174,
347,346,174,175,
348,347,175,176,
349,348,176,177,
353,352,180,181,
357,356,184,185,
358,357,185,186,
359,358,186,187,
360,359,187,188,
361,360,188,189,
362,361,189,190,
363,362,190,191,
364,363,191,192,
368,367,195,196,
372,371,199,200,
373,372,200,201,
374,373,201,202,
375,374,202,203,
376,375,203,204,
377,376,204,205,
378,377,205,206,
379,378,206,207,
383,382,210,211,
387,386,214,215,
388,387,215,216,
389,388,216,217,
390,389,217,218,
391,390,218,219,
392,391,219,220,
393,392,220,221,
394,393,221,222,
398,397,225,226,
402,401,229,230,
403,402,230,231,
404,403,231,232,
405,404,232,233,
406,405,233,234,
407,406,234,235,
408,407,235,236,
409,408,236,237,
413,412,240,241,
417,416,244,245,
418,417,245,246,
419,418,246,247,
420,419,247,248,
421,420,248,249,
422,421,249,250,
423,422,250,251,
424,423,251,252,
428,427,255,256,
432,431,259,260,
433,432,260,261,
434,433,261,262,
435,434,262,263,
436,435,263,264,
437,436,264,265,
438,437,265,266,
439,438,266,267,
443,442,270,271,
447,446,274,275,
448,447,275,276,
449,448,276,277,
450,449,277,278,
451,450,278,279,
452,451,279,280,
453,452,280,281,
454,453,281,282,
458,457,285,286,
462,461,289,290,
463,462,290,291,
464,463,291,292,
465,464,292,293,
466,465,293,294,
467,466,294,295,
468,467,295,296,
469,468,296,297,
473,472,300,301,
477,476,304,305,
478,477,305,306,
479,478,306,307,
480,479,307,308,
481,480,308,309,
482,481,309,310,
483,482,310,311,
484,483,311,312,
488,487,315,316,
492,491,319,320,
493,492,320,321,
494,493,321,322,
495,494,322,323,
496,495,323,324,
497,496,324,325,
498,497,325,326,
499,498,326,327,
503,502,330,331,
507,506,334,335,
508,507,335,336,
509,508,336,337,
510,509,337,338,
511,510,338,339,
512,511,339,340,
513,512,340,341,
514,513,341,342,
515,514,342,343,
516,515,343,344,
518,517,345,346,
519,518,346,347,
520,519,347,348,
521,520,348,349,
525,524,352,353,
529,528,356,357,
530,529,357,358,
531,530,358,359,
532,531,359,360,
533,532,360,361,
534,533,361,362,
535,534,362,363,
536,535,363,364,
540,539,367,368,
544,543,371,372,
545,544,372,373,
546,545,373,374,
547,546,374,375,
548,547,375,376,
549,548,376,377,
550,549,377,378,
551,550,378,379,
555,554,382,383,
559,558,386,387,
560,559,387,388,
561,560,388,389,
562,561,389,390,
563,562,390,391,
564,563,391,392,
565,564,392,393,
566,565,393,394,
570,569,397,398,
574,573,401,402,
575,574,402,403,
576,575,403,404,
577,576,404,405,
578,577,405,406,
579,578,406,407,
580,579,407,408,
581,580,408,409,
585,584,412,413,
589,588,416,417,
590,589,417,418,
591,590,418,419,
592,591,419,420,
593,592,420,421,
594,593,421,422,
595,594,422,423,
596,595,423,424,
600,599,427,428,
604,603,431,432,
605,604,432,433,
606,605,433,434,
607,606,434,435,
608,607,435,436,
609,608,436,437,
610,609,437,438,
611,610,438,439,
615,614,442,443,
619,618,446,447,
620,619,447,448,
621,620,448,449,
622,621,449,450,
623,622,450,451,
624,623,451,452,
625,624,452,453,
626,625,453,454,
630,629,457,458,
634,633,461,462,
635,634,462,463,
636,635,463,464,
637,636,464,465,
638,637,465,466,
639,638,466,467,
640,639,467,468,
641,640,468,469,
645,644,472,473,
649,648,476,477,
650,649,477,478,
651,650,478,479,
652,651,479,480,
653,652,480,481,
654,653,481,482,
655,654,482,483,
656,655,483,484,
660,659,487,488,
664,663,491,492,
665,664,492,493,
666,665,493,494,
667,666,494,495,
668,667,495,496,
669,668,496,497,
670,669,497,498,
671,670,498,499,
675,674,502,503,
679,678,506,507,
680,679,507,508,
681,680,508,509,
682,681,509,510,
683,682,510,511,
684,683,511,512,
685,684,512,513,
686,685,513,514,
687,686,514,515,
688,687,515,516,
690,689,517,518,
691,690,518,519,
692,691,519,520,
693,692,520,521,
697,696,524,525,
701,700,528,529,
702,701,529,530,
703,702,530,531,
704,703,531,532,
705,704,532,533,
706,705,533,534,
707,706,534,535,
708,707,535,536,
712,711,539,540,
716,715,543,544,
717,716,544,545,
718,717,545,546,
719,718,546,547,
720,719,547,548,
721,720,548,549,
722,721,549,550,
723,722,550,551,
727,726,554,555,
731,730,558,559,
732,731,559,560,
733,732,560,561,
734,733,561,562,
735,734,562,563,
736,735,563,564,
737,736,564,565,
738,737,565,566,
742,741,569,570,
746,745,573,574,
747,746,574,575,
748,747,575,576,
749,748,576,577,
750,749,577,578,
751,750,578,579,
752,751,579,580,
753,752,580,581,
757,756,584,585,
761,760,588,589,
762,761,589,590,
763,762,590,591,
764,763,591,592,
765,764,592,593,
766,765,593,594,
767,766,594,595,
768,767,595,596,
772,771,599,600,
776,775,603,604,
777,776,604,605,
778,777,605,606,
779,778,606,607,
780,779,607,608,
781,780,608,609,
782,781,609,610,
783,782,610,611,
787,786,614,615,
791,790,618,619,
792,791,619,620,
793,792,620,621,
794,793,621,622,
795,794,622,623,
796,795,623,624,
797,796,624,625,
798,797,625,626,
802,801,629,630,
806,805,633,634,
807,806,634,635,
808,807,635,636,
809,808,636,637,
810,809,637,638,
811,810,638,639,
812,811,639,640,
813,812,640,641,
817,816,644,645,
821,820,648,649,
822,821,649,650,
823,822,650,651,
824,823,651,652,
825,824,652,653,
826,825,653,654,
827,826,654,655,
828,827,655,656,
832,831,659,660,
836,835,663,664,
837,836,664,665,
838,837,665,666,
839,838,666,667,
840,839,667,668,
841,840,668,669,
842,841,669,670,
843,842,670,671,
847,846,674,675,
851,850,678,679,
852,851,679,680,
853,852,680,681,
854,853,681,682,
855,854,682,683,
856,855,683,684,
857,856,684,685,
858,857,685,686,
859,858,686,687,
860,859,687,688,
862,861,689,690,
863,862,690,691,
864,863,691,692,
865,864,692,693,
869,868,696,697,
873,872,700,701,
874,873,701,702,
875,874,702,703,
876,875,703,704,
877,876,704,705,
878,877,705,706,
879,878,706,707,
880,879,707,708,
884,883,711,712,
888,887,715,716,
889,888,716,717,
890,889,717,718,
891,890,718,719,
892,891,719,720,
893,892,720,721,
894,893,721,722,
895,894,722,723,
899,898,726,727,
903,902,730,731,
904,903,731,732,
905,904,732,733,
906,905,733,734,
907,906,734,735,
908,907,735,736,
909,908,736,737,
910,909,737,738,
914,913,741,742,
918,917,745,746,
919,918,746,747,
920,919,747,748,
921,920,748,749,
922,921,749,750,
923,922,750,751,
924,923,751,752,
925,924,752,753,
929,928,756,757,
933,932,760,761,
934,933,761,762,
935,934,762,763,
936,935,763,764,
937,936,764,765,
938,937,765,766,
939,938,766,767,
940,939,767,768,
944,943,771,772,
948,947,775,776,
949,948,776,777,
950,949,777,778,
951,950,778,779,
952,951,779,780,
953,952,780,781,
954,953,781,782,
955,954,782,783,
959,958,786,787,
963,962,790,791,
964,963,791,792,
965,964,792,793,
966,965,793,794,
967,966,794,795,
968,967,795,796,
969,968,796,797,
970,969,797,798,
974,973,801,802,
978,977,805,806,
979,978,806,807,
980,979,807,808,
981,980,808,809,
982,981,809,810,
983,982,810,811,
984,983,811,812,
985,984,812,813,
989,988,816,817,
993,992,820,821,
994,993,821,822,
995,994,822,823,
996,995,823,824,
997,996,824,825,
998,997,825,826,
999,998,826,827,
1000,999,827,828,
1004,1003,831,832,
1008,1007,835,836,
1009,1008,836,837,
1010,1009,837,838,
1011,1010,838,839,
1012,1011,839,840,
1013,1012,840,841,
1014,1013,841,842,
1015,1014,842,843,
1019,1018,846,847,
1023,1022,850,851,
1024,1023,851,852,
1025,1024,852,853,
1026,1025,853,854,
1027,1026,854,855,
1028,1027,855,856,
1029,1028,856,857,
1030,1029,857,858,
1031,1030,858,859,
1032,1031,859,860,
1034,1033,861,862,
1035,1034,862,863,
1036,1035,863,864,
1037,1036,864,865,
1041,1040,868,869,
1045,1044,872,873,
1046,1045,873,874,
1047,1046,874,875,
1048,1047,875,876,
1049,1048,876,877,
1050,1049,877,878,
1051,1050,878,879,
1052,1051,879,880,
1056,1055,883,884,
1060,1059,887,888,
1061,1060,888,889,
1062,1061,889,890,
1063,1062,890,891,
1064,1063,891,892,
1065,1064,892,893,
1066,1065,893,894,
1067,1066,894,895,
1071,1070,898,899,
1075,1074,902,903,
1076,1075,903,904,
1077,1076,904,905,
1078,1077,905,906,
1079,1078,906,907,
1080,1079,907,908,
1081,1080,908,909,
1082,1081,909,910,
1086,1085,913,914,
1090,1089,917,918,
1091,1090,918,919,
1092,1091,919,920,
1093,1092,920,921,
1094,1093,921,922,
1095,1094,922,923,
1096,1095,923,924,
1097,1096,924,925,
1101,1100,928,929,
1105,1104,932,933,
1106,1105,933,934,
1107,1106,934,935,
1108,1107,935,936,
1109,1108,936,937,
1110,1109,937,938,
1111,1110,938,939,
1112,1111,939,940,
1116,1115,943,944,
1120,1119,947,948,
1121,1120,948,949,
1122,1121,949,950,
1123,1122,950,951,
1124,1123,951,952,
1125,1124,952,953,
1126,1125,953,954,
1127,1126,954,955,
1131,1130,958,959,
1135,1134,962,963,
1136,1135,963,964,
1137,1136,964,965,
1138,1137,965,966,
1139,1138,966,967,
1140,1139,967,968,
1141,1140,968,969,
1142,1141,969,970,
1146,1145,973,974,
1150,1149,977,978,
1151,1150,978,979,
1152,1151,979,980,
1153,1152,980,981,
1154,1153,981,982,
1155,1154,982,983,
1156,1155,983,984,
1157,1156,984,985,
1161,1160,988,989,
1165,1164,992,993,
1166,1165,993,994,
1167,1166,994,995,
1168,1167,995,996,
1169,1168,996,997,
1170,1169,997,998,
1171,1170,998,999,
1172,1171,999,1000,
1176,1175,1003,1004,
1180,1179,1007,1008,
1181,1180,1008,1009,
1182,1181,1009,1010,
1183,1182,1010,1011,
1184,1183,1011,1012,
1185,1184,1012,1013,
1186,1185,1013,1014,
1187,1186,1014,1015,
1191,1190,1018,1019,
1195,1194,1022,1023,
1196,1195,1023,1024,
1197,1196,1024,1025,
1198,1197,1025,1026,
1199,1198,1026,1027,
1200,1199,1027,1028,
1201,1200,1028,1029,
1202,1201,1029,1030,
1203,1202,1030,1031,
1204,1203,1031,1032,
1206,1205,1033,1034,
1207,1206,1034,1035,
1208,1207,1035,1036,
1209,1208,1036,1037,
1210,1209,1037,1038,
1211,1210,1038,1039,
1212,1211,1039,1040,
1213,1212,1040,1041,
1214,1213,1041,1042,
1215,1214,1042,1043,
1216,1215,1043,1044,
1217,1216,1044,1045,
1218,1217,1045,1046,
1219,1218,1046,1047,
1220,1219,1047,1048,
1221,1220,1048,1049,
1222,1221,1049,1050,
1223,1222,1050,1051,
1224,1223,1051,1052,
1225,1224,1052,1053,
1226,1225,1053,1054,
1227,1226,1054,1055,
1228,1227,1055,1056,
1229,1228,1056,1057,
1230,1229,1057,1058,
1231,1230,1058,1059,
1232,1231,1059,1060,
1233,1232,1060,1061,
1234,1233,1061,1062,
1235,1234,1062,1063,
1236,1235,1063,1064,
1237,1236,1064,1065,
1238,1237,1065,1066,
1239,1238,1066,1067,
1240,1239,1067,1068,
1241,1240,1068,1069,
1242,1241,1069,1070,
1243,1242,1070,1071,
1244,1243,1071,1072,
1245,1244,1072,1073,
1246,1245,1073,1074,
1247,1246,1074,1075,
1248,1247,1075,1076,
1249,1248,1076,1077,
1250,1249,1077,1078,
1251,1250,1078,1079,
1252,1251,1079,1080,
1253,1252,1080,1081,
1254,1253,1081,1082,
1255,1254,1082,1083,
1256,1255,1083,1084,
1257,1256,1084,1085,
1258,1257,1085,1086,
1259,1258,1086,1087,
1260,1259,1087,1088,
1261,1260,1088,1089,
1262,1261,1089,1090,
1263,1262,1090,1091,
1264,1263,1091,1092,
1265,1264,1092,1093,
1266,1265,1093,1094,
1267,1266,1094,1095,
1268,1267,1095,1096,
1269,1268,1096,1097,
1270,1269,1097,1098,
1271,1270,1098,1099,
1272,1271,1099,1100,
1273,1272,1100,1101,
1274,1273,1101,1102,
1275,1274,1102,1103,
1276,1275,1103,1104,
1277,1276,1104,1105,
1278,1277,1105,1106,
1279,1278,1106,1107,
1280,1279,1107,1108,
1281,1280,1108,1109,
1282,1281,1109,1110,
1283,1282,1110,1111,
1284,1283,1111,1112,
1285,1284,1112,1113,
1286,1285,1113,1114,
1287,1286,1114,1115,
1288,1287,1115,1116,
1289,1288,1116,1117,
1290,1289,1117,1118,
1291,1290,1118,1119,
1292,1291,1119,1120,
1293,1292,1120,1121,
1294,1293,1121,1122,
1295,1294,1122,1123,
1296,1295,1123,1124,
1297,1296,1124,1125,
1298,1297,1125,1126,
1299,1298,1126,1127,
1300,1299,1127,1128,
1301,1300,1128,1129,
1302,1301,1129,1130,
1303,1302,1130,1131,
1304,1303,1131,1132,
1305,1304,1132,1133,
1306,1305,1133,1134,
1307,1306,1134,1135,
1308,1307,1135,1136,
1309,1308,1136,1137,
1310,1309,1137,1138,
1311,1310,1138,1139,
1312,1311,1139,1140,
1313,1312,1140,1141,
1314,1313,1141,1142,
1315,1314,1142,1143,
1316,1315,1143,1144,
1317,1316,1144,1145,
1318,1317,1145,1146,
1319,1318,1146,1147,
1320,1319,1147,1148,
1321,1320,1148,1149,
1322,1321,1149,1150,
1323,1322,1150,1151,
1324,1323,1151,1152,
1325,1324,1152,1153,
1326,1325,1153,1154,
1327,1326,1154,1155,
1328,1327,1155,1156,
1329,1328,1156,1157,
1330,1329,1157,1158,
1331,1330,1158,1159,
1332,1331,1159,1160,
1333,1332,1160,1161,
1334,1333,1161,1162,
1335,1334,1162,1163,
1336,1335,1163,1164,
1337,1336,1164,1165,
1338,1337,1165,1166,
1339,1338,1166,1167,
1340,1339,1167,1168,
1341,1340,1168,1169,
1342,1341,1169,1170,
1343,1342,1170,1171,
1344,1343,1171,1172,
1345,1344,1172,1173,
1346,1345,1173,1174,
1347,1346,1174,1175,
1348,1347,1175,1176,
1349,1348,1176,1177,
1350,1349,1177,1178,
1351,1350,1178,1179,
1352,1351,1179,1180,
1353,1352,1180,1181,
1354,1353,1181,1182,
1355,1354,1182,1183,
1356,1355,1183,1184,
1357,1356,1184,1185,
1358,1357,1185,1186,
1359,1358,1186,1187,
1360,1359,1187,1188,
1361,1360,1188,1189,
1362,1361,1189,1190,
1363,1362,1190,1191,
1364,1363,1191,1192,
1365,1364,1192,1193,
1366,1365,1193,1194,
1367,1366,1194,1195,
1368,1367,1195,1196,
1369,1368,1196,1197,
1370,1369,1197,1198,
1371,1370,1198,1199,
1372,1371,1199,1200,
1373,1372,1200,1201,
1374,1373,1201,1202,
1375,1374,1202,1203,
1376,1375,1203,1204,
1378,1377,1205,1206,
1379,1378,1206,1207,
1380,1379,1207,1208,
1381,1380,1208,1209,
1385,1384,1212,1213,
1389,1388,1216,1217,
1390,1389,1217,1218,
1391,1390,1218,1219,
1392,1391,1219,1220,
1393,1392,1220,1221,
1394,1393,1221,1222,
1395,1394,1222,1223,
1396,1395,1223,1224,
1400,1399,1227,1228,
1404,1403,1231,1232,
1405,1404,1232,1233,
1406,1405,1233,1234,
1407,1406,1234,1235,
1408,1407,1235,1236,
1409,1408,1236,1237,
1410,1409,1237,1238,
1411,1410,1238,1239,
1415,1414,1242,1243,
1419,1418,1246,1247,
1420,1419,1247,1248,
1421,1420,1248,1249,
1422,1421,1249,1250,
1423,1422,1250,1251,
1424,1423,1251,1252,
1425,1424,1252,1253,
1426,1425,1253,1254,
1430,1429,1257,1258,
1434,1433,1261,1262,
1435,1434,1262,1263,
1436,1435,1263,1264,
1437,1436,1264,1265,
1438,1437,1265,1266,
1439,1438,1266,1267,
1440,1439,1267,1268,
1441,1440,1268,1269,
1445,1444,1272,1273,
1449,1448,1276,1277,
1450,1449,1277,1278,
1451,1450,1278,1279,
1452,1451,1279,1280,
1453,1452,1280,1281,
1454,1453,1281,1282,
1455,1454,1282,1283,
1456,1455,1283,1284,
1460,1459,1287,1288,
1464,1463,1291,1292,
1465,1464,1292,1293,
1466,1465,1293,1294,
1467,1466,1294,1295,
1468,1467,1295,1296,
1469,1468,1296,1297,
1470,1469,1297,1298,
1471,1470,1298,1299,
1475,1474,1302,1303,
1479,1478,1306,1307,
1480,1479,1307,1308,
1481,1480,1308,1309,
1482,1481,1309,1310,
1483,1482,1310,1311,
1484,1483,1311,1312,
1485,1484,1312,1313,
1486,1485,1313,1314,
1490,1489,1317,1318,
1494,1493,1321,1322,
1495,1494,1322,1323,
1496,1495,1323,1324,
1497,1496,1324,1325,
1498,1497,1325,1326,
1499,1498,1326,1327,
1500,1499,1327,1328,
1501,1500,1328,1329,
1505,1504,1332,1333,
1509,1508,1336,1337,
1510,1509,1337,1338,
1511,1510,1338,1339,
1512,1511,1339,1340,
1513,1512,1340,1341,
1514,1513,1341,1342,
1515,1514,1342,1343,
1516,1515,1343,1344,
1520,1519,1347,1348,
1524,1523,1351,1352,
1525,1524,1352,1353,
1526,1525,1353,1354,
1527,1526,1354,1355,
1528,1527,1355,1356,
1529,1528,1356,1357,
1530,1529,1357,1358,
1531,1530,1358,1359,
1535,1534,1362,1363,
1539,1538,1366,1367,
1540,1539,1367,1368,
1541,1540,1368,1369,
1542,1541,1369,1370,
1543,1542,1370,1371,
1544,1543,1371,1372,
1545,1544,1372,1373,
1546,1545,1373,1374,
1547,1546,1374,1375,
1548,1547,1375,1376,
1550,1549,1377,1378,
1551,1550,1378,1379,
1552,1551,1379,1380,
1553,1552,1380,1381,
1557,1556,1384,1385,
1561,1560,1388,1389,
1562,1561,1389,1390,
1563,1562,1390,1391,
1564,1563,1391,1392,
1565,1564,1392,1393,
1566,1565,1393,1394,
1567,1566,1394,1395,
1568,1567,1395,1396,
1572,1571,1399,1400,
1576,1575,1403,1404,
1577,1576,1404,1405,
1578,1577,1405,1406,
1579,1578,1406,1407,
1580,1579,1407,1408,
1581,1580,1408,1409,
1582,1581,1409,1410,
1583,1582,1410,1411,
1587,1586,1414,1415,
1591,1590,1418,1419,
1592,1591,1419,1420,
1593,1592,1420,1421,
1594,1593,1421,1422,
1595,1594,1422,1423,
1596,1595,1423,1424,
1597,1596,1424,1425,
1598,1597,1425,1426,
1602,1601,1429,1430,
1606,1605,1433,1434,
1607,1606,1434,1435,
1608,1607,1435,1436,
1609,1608,1436,1437,
1610,1609,1437,1438,
1611,1610,1438,1439,
1612,1611,1439,1440,
1613,1612,1440,1441,
1617,1616,1444,1445,
1621,1620,1448,1449,
1622,1621,1449,1450,
1623,1622,1450,1451,
1624,1623,1451,1452,
1625,1624,1452,1453,
1626,1625,1453,1454,
1627,1626,1454,1455,
1628,1627,1455,1456,
1632,1631,1459,1460,
1636,1635,1463,1464,
1637,1636,1464,1465,
1638,1637,1465,1466,
1639,1638,1466,1467,
1640,1639,1467,1468,
1641,1640,1468,1469,
1642,1641,1469,1470,
1643,1642,1470,1471,
1647,1646,1474,1475,
1651,1650,1478,1479,
1652,1651,1479,1480,
1653,1652,1480,1481,
1654,1653,1481,1482,
1655,1654,1482,1483,
1656,1655,1483,1484,
1657,1656,1484,1485,
1658,1657,1485,1486,
1662,1661,1489,1490,
1666,1665,1493,1494,
1667,1666,1494,1495,
1668,1667,1495,1496,
1669,1668,1496,1497,
1670,1669,1497,1498,
1671,1670,1498,1499,
1672,1671,1499,1500,
1673,1672,1500,1501,
1677,1676,1504,1505,
1681,1680,1508,1509,
1682,1681,1509,1510,
1683,1682,1510,1511,
1684,1683,1511,1512,
1685,1684,1512,1513,
1686,1685,1513,1514,
1687,1686,1514,1515,
1688,1687,1515,1516,
1692,1691,1519,1520,
1696,1695,1523,1524,
1697,1696,1524,1525,
1698,1697,1525,1526,
1699,1698,1526,1527,
1700,1699,1527,1528,
1701,1700,1528,1529,
1702,1701,1529,1530,
1703,1702,1530,1531,
1707,1706,1534,1535,
1711,1710,1538,1539,
1712,1711,1539,1540,
1713,1712,1540,1541,
1714,1713,1541,1542,
1715,1714,1542,1543,
1716,1715,1543,1544,
1717,1716,1544,1545,
1718,1717,1545,1546,
1719,1718,1546,1547,
1720,1719,1547,1548,
1722,1721,1549,1550,
1723,1722,1550,1551,
1724,1723,1551,1552,
1725,1724,1552,1553,
1729,1728,1556,1557,
1733,1732,1560,1561,
1734,1733,1561,1562,
1735,1734,1562,1563,
1736,1735,1563,1564,
1737,1736,1564,1565,
1738,1737,1565,1566,
1739,1738,1566,1567,
1740,1739,1567,1568,
1744,1743,1571,1572,
1748,1747,1575,1576,
1749,1748,1576,1577,
1750,1749,1577,1578,
1751,1750,1578,1579,
1752,1751,1579,1580,
1753,1752,1580,1581,
1754,1753,1581,1582,
1755,1754,1582,1583,
1759,1758,1586,1587,
1763,1762,1590,1591,
1764,1763,1591,1592,
1765,1764,1592,1593,
1766,1765,1593,1594,
1767,1766,1594,1595,
1768,1767,1595,1596,
1769,1768,1596,1597,
1770,1769,1597,1598,
1774,1773,1601,1602,
1778,1777,1605,1606,
1779,1778,1606,1607,
1780,1779,1607,1608,
1781,1780,1608,1609,
1782,1781,1609,1610,
1783,1782,1610,1611,
1784,1783,1611,1612,
1785,1784,1612,1613,
1789,1788,1616,1617,
1793,1792,1620,1621,
1794,1793,1621,1622,
1795,1794,1622,1623,
1796,1795,1623,1624,
1797,1796,1624,1625,
1798,1797,1625,1626,
1799,1798,1626,1627,
1800,1799,1627,1628,
1804,1803,1631,1632,
1808,1807,1635,1636,
1809,1808,1636,1637,
1810,1809,1637,1638,
1811,1810,1638,1639,
1812,1811,1639,1640,
1813,1812,1640,1641,
1814,1813,1641,1642,
1815,1814,1642,1643,
1819,1818,1646,1647,
1823,1822,1650,1651,
1824,1823,1651,1652,
1825,1824,1652,1653,
1826,1825,1653,1654,
1827,1826,1654,1655,
1828,1827,1655,1656,
1829,1828,1656,1657,
1830,1829,1657,1658,
1834,1833,1661,1662,
1838,1837,1665,1666,
1839,1838,1666,1667,
1840,1839,1667,1668,
1841,1840,1668,1669,
1842,1841,1669,1670,
1843,1842,1670,1671,
1844,1843,1671,1672,
1845,1844,1672,1673,
1849,1848,1676,1677,
1853,1852,1680,1681,
1854,1853,1681,1682,
1855,1854,1682,1683,
1856,1855,1683,1684,
1857,1856,1684,1685,
1858,1857,1685,1686,
1859,1858,1686,1687,
1860,1859,1687,1688,
1864,1863,1691,1692,
1868,1867,1695,1696,
1869,1868,1696,1697,
1870,1869,1697,1698,
1871,1870,1698,1699,
1872,1871,1699,1700,
1873,1872,1700,1701,
1874,1873,1701,1702,
1875,1874,1702,1703,
1879,1878,1706,1707,
1883,1882,1710,1711,
1884,1883,1711,1712,
1885,1884,1712,1713,
1886,1885,1713,1714,
1887,1886,1714,1715,
1888,1887,1715,1716,
1889,1888,1716,1717,
1890,1889,1717,1718,
1891,1890,1718,1719,
1892,1891,1719,1720,
1894,1893,1721,1722,
1895,1894,1722,1723,
1896,1895,1723,1724,
1897,1896,1724,1725,
1901,1900,1728,1729,
1905,1904,1732,1733,
1906,1905,1733,1734,
1907,1906,1734,1735,
1908,1907,1735,1736,
1909,1908,1736,1737,
1910,1909,1737,1738,
1911,1910,1738,1739,
1912,1911,1739,1740,
1916,1915,1743,1744,
1920,1919,1747,1748,
1921,1920,1748,1749,
1922,1921,1749,1750,
1923,1922,1750,1751,
1924,1923,1751,1752,
1925,1924,1752,1753,
1926,1925,1753,1754,
1927,1926,1754,1755,
1931,1930,1758,1759,
1935,1934,1762,1763,
1936,1935,1763,1764,
1937,1936,1764,1765,
1938,1937,1765,1766,
1939,1938,1766,1767,
1940,1939,1767,1768,
1941,1940,1768,1769,
1942,1941,1769,1770,
1946,1945,1773,1774,
1950,1949,1777,1778,
1951,1950,1778,1779,
1952,1951,1779,1780,
1953,1952,1780,1781,
1954,1953,1781,1782,
1955,1954,1782,1783,
1956,1955,1783,1784,
1957,1956,1784,1785,
1961,1960,1788,1789,
1965,1964,1792,1793,
1966,1965,1793,1794,
1967,1966,1794,1795,
1968,1967,1795,1796,
1969,1968,1796,1797,
1970,1969,1797,1798,
1971,1970,1798,1799,
1972,1971,1799,1800,
1976,1975,1803,1804,
1980,1979,1807,1808,
1981,1980,1808,1809,
1982,1981,1809,1810,
1983,1982,1810,1811,
1984,1983,1811,1812,
1985,1984,1812,1813,
1986,1985,1813,1814,
1987,1986,1814,1815,
1991,1990,1818,1819,
1995,1994,1822,1823,
1996,1995,1823,1824,
1997,1996,1824,1825,
1998,1997,1825,1826,
1999,1998,1826,1827,
2000,1999,1827,1828,
2001,2000,1828,1829,
2002,2001,1829,1830,
2006,2005,1833,1834,
2010,2009,1837,1838,
2011,2010,1838,1839,
2012,2011,1839,1840,
2013,2012,1840,1841,
2014,2013,1841,1842,
2015,2014,1842,1843,
2016,2015,1843,1844,
2017,2016,1844,1845,
2021,2020,1848,1849,
2025,2024,1852,1853,
2026,2025,1853,1854,
2027,2026,1854,1855,
2028,2027,1855,1856,
2029,2028,1856,1857,
2030,2029,1857,1858,
2031,2030,1858,1859,
2032,2031,1859,1860,
2036,2035,1863,1864,
2040,2039,1867,1868,
2041,2040,1868,1869,
2042,2041,1869,1870,
2043,2042,1870,1871,
2044,2043,1871,1872,
2045,2044,1872,1873,
2046,2045,1873,1874,
2047,2046,1874,1875,
2051,2050,1878,1879,
2055,2054,1882,1883,
2056,2055,1883,1884,
2057,2056,1884,1885,
2058,2057,1885,1886,
2059,2058,1886,1887,
2060,2059,1887,1888,
2061,2060,1888,1889,
2062,2061,1889,1890,
2063,2062,1890,1891,
2064,2063,1891,1892,
2066,2065,1893,1894,
2067,2066,1894,1895,
2068,2067,1895,1896,
2069,2068,1896,1897,
2073,2072,1900,1901,
2077,2076,1904,1905,
2078,2077,1905,1906,
2079,2078,1906,1907,
2080,2079,1907,1908,
2081,2080,1908,1909,
2082,2081,1909,1910,
2083,2082,1910,1911,
2084,2083,1911,1912,
2088,2087,1915,1916,
2092,2091,1919,1920,
2093,2092,1920,1921,
2094,2093,1921,1922,
2095,2094,1922,1923,
2096,2095,1923,1924,
2097,2096,1924,1925,
2098,2097,1925,1926,
2099,2098,1926,1927,
2103,2102,1930,1931,
2107,2106,1934,1935,
2108,2107,1935,1936,
2109,2108,1936,1937,
2110,2109,1937,1938,
2111,2110,1938,1939,
2112,2111,1939,1940,
2113,2112,1940,1941,
2114,2113,1941,1942,
2118,2117,1945,1946,
2122,2121,1949,1950,
2123,2122,1950,1951,
2124,2123,1951,1952,
2125,2124,1952,1953,
2126,2125,1953,1954,
2127,2126,1954,1955,
2128,2127,1955,1956,
2129,2128,1956,1957,
2133,2132,1960,1961,
2137,2136,1964,1965,
2138,2137,1965,1966,
2139,2138,1966,1967,
2140,2139,1967,1968,
2141,2140,1968,1969,
2142,2141,1969,1970,
2143,2142,1970,1971,
2144,2143,1971,1972,
2148,2147,1975,1976,
2152,2151,1979,1980,
2153,2152,1980,1981,
2154,2153,1981,1982,
2155,2154,1982,1983,
2156,2155,1983,1984,
2157,2156,1984,1985,
2158,2157,1985,1986,
2159,2158,1986,1987,
2163,2162,1990,1991,
2167,2166,1994,1995,
2168,2167,1995,1996,
2169,2168,1996,1997,
2170,2169,1997,1998,
2171,2170,1998,1999,
2172,2171,1999,2000,
2173,2172,2000,2001,
2174,2173,2001,2002,
2178,2177,2005,2006,
2182,2181,2009,2010,
2183,2182,2010,2011,
2184,2183,2011,2012,
2185,2184,2012,2013,
2186,2185,2013,2014,
2187,2186,2014,2015,
2188,2187,2015,2016,
2189,2188,2016,2017,
2193,2192,2020,2021,
2197,2196,2024,2025,
2198,2197,2025,2026,
2199,2198,2026,2027,
2200,2199,2027,2028,
2201,2200,2028,2029,
2202,2201,2029,2030,
2203,2202,2030,2031,
2204,2203,2031,2032,
2208,2207,2035,2036,
2212,2211,2039,2040,
2213,2212,2040,2041,
2214,2213,2041,2042,
2215,2214,2042,2043,
2216,2215,2043,2044,
2217,2216,2044,2045,
2218,2217,2045,2046,
2219,2218,2046,2047,
2223,2222,2050,2051,
2227,2226,2054,2055,
2228,2227,2055,2056,
2229,2228,2056,2057,
2230,2229,2057,2058,
2231,2230,2058,2059,
2232,2231,2059,2060,
2233,2232,2060,2061,
2234,2233,2061,2062,
2235,2234,2062,2063,
2236,2235,2063,2064,
2238,2237,2065,2066,
2239,2238,2066,2067,
2240,2239,2067,2068,
2241,2240,2068,2069,
2242,2241,2069,2070,
2243,2242,2070,2071,
2244,2243,2071,2072,
2245,2244,2072,2073,
2246,2245,2073,2074,
2247,2246,2074,2075,
2248,2247,2075,2076,
2249,2248,2076,2077,
2250,2249,2077,2078,
2251,2250,2078,2079,
2252,2251,2079,2080,
2253,2252,2080,2081,
2254,2253,2081,2082,
2255,2254,2082,2083,
2256,2255,2083,2084,
2257,2256,2084,2085,
2258,2257,2085,2086,
2259,2258,2086,2087,
2260,2259,2087,2088,
2261,2260,2088,2089,
2262,2261,2089,2090,
2263,2262,2090,2091,
2264,2263,2091,2092,
2265,2264,2092,2093,
2266,2265,2093,2094,
2267,2266,2094,2095,
2268,2267,2095,2096,
2269,2268,2096,2097,
2270,2269,2097,2098,
2271,2270,2098,2099,
2272,2271,2099,2100,
2273,2272,2100,2101,
2274,2273,2101,2102,
2275,2274,2102,2103,
2276,2275,2103,2104,
2277,2276,2104,2105,
2278,2277,2105,2106,
2279,2278,2106,2107,
2280,2279,2107,2108,
2281,2280,2108,2109,
2282,2281,2109,2110,
2283,2282,2110,2111,
2284,2283,2111,2112,
2285,2284,2112,2113,
2286,2285,2113,2114,
2287,2286,2114,2115,
2288,2287,2115,2116,
2289,2288,2116,2117,
2290,2289,2117,2118,
2291,2290,2118,2119,
2292,2291,2119,2120,
2293,2292,2120,2121,
2294,2293,2121,2122,
2295,2294,2122,2123,
2296,2295,2123,2124,
2297,2296,2124,2125,
2298,2297,2125,2126,
2299,2298,2126,2127,
2300,2299,2127,2128,
2301,2300,2128,2129,
2302,2301,2129,2130,
2303,2302,2130,2131,
2304,2303,2131,2132,
2305,2304,2132,2133,
2306,2305,2133,2134,
2307,2306,2134,2135,
2308,2307,2135,2136,
2309,2308,2136,2137,
2310,2309,2137,2138,
2311,2310,2138,2139,
2312,2311,2139,2140,
2313,2312,2140,2141,
2314,2313,2141,2142,
2315,2314,2142,2143,
2316,2315,2143,2144,
2317,2316,2144,2145,
2318,2317,2145,2146,
2319,2318,2146,2147,
2320,2319,2147,2148,
2321,2320,2148,2149,
2322,2321,2149,2150,
2323,2322,2150,2151,
2324,2323,2151,2152,
2325,2324,2152,2153,
2326,2325,2153,2154,
2327,2326,2154,2155,
2328,2327,2155,2156,
2329,2328,2156,2157,
2330,2329,2157,2158,
2331,2330,2158,2159,
2332,2331,2159,2160,
2333,2332,2160,2161,
2334,2333,2161,2162,
2335,2334,2162,2163,
2336,2335,2163,2164,
2337,2336,2164,2165,
2338,2337,2165,2166,
2339,2338,2166,2167,
2340,2339,2167,2168,
2341,2340,2168,2169,
2342,2341,2169,2170,
2343,2342,2170,2171,
2344,2343,2171,2172,
2345,2344,2172,2173,
2346,2345,2173,2174,
2347,2346,2174,2175,
2348,2347,2175,2176,
2349,2348,2176,2177,
2350,2349,2177,2178,
2351,2350,2178,2179,
2352,2351,2179,2180,
2353,2352,2180,2181,
2354,2353,2181,2182,
2355,2354,2182,2183,
2356,2355,2183,2184,
2357,2356,2184,2185,
2358,2357,2185,2186,
2359,2358,2186,2187,
2360,2359,2187,2188,
2361,2360,2188,2189,
2362,2361,2189,2190,
2363,2362,2190,2191,
2364,2363,2191,2192,
2365,2364,2192,2193,
2366,2365,2193,2194,
2367,2366,2194,2195,
2368,2367,2195,2196,
2369,2368,2196,2197,
2370,2369,2197,2198,
2371,2370,2198,2199,
2372,2371,2199,2200,
2373,2372,2200,2201,
2374,2373,2201,2202,
2375,2374,2202,2203,
2376,2375,2203,2204,
2377,2376,2204,2205,
2378,2377,2205,2206,
2379,2378,2206,2207,
2380,2379,2207,2208,
2381,2380,2208,2209,
2382,2381,2209,2210,
2383,2382,2210,2211,
2384,2383,2211,2212,
2385,2384,2212,2213,
2386,2385,2213,2214,
2387,2386,2214,2215,
2388,2387,2215,2216,
2389,2388,2216,2217,
2390,2389,2217,2218,
2391,2390,2218,2219,
2392,2391,2219,2220,
2393,2392,2220,2221,
2394,2393,2221,2222,
2395,2394,2222,2223,
2396,2395,2223,2224,
2397,2396,2224,2225,
2398,2397,2225,2226,
2399,2398,2226,2227,
2400,2399,2227,2228,
2401,2400,2228,2229,
2402,2401,2229,2230,
2403,2402,2230,2231,
2404,2403,2231,2232,
2405,2404,2232,2233,
2406,2405,2233,2234,
2407,2406,2234,2235,
2408,2407,2235,2236,
470.00000 ,0.00000 ,
474.01000 ,0.00000 ,
475.70000 ,0.00000 ,
477.00000 ,0.00000 ,
478.00000 ,0.00000 ,
478.93333 ,0.00000 ,
479.86667 ,0.00000 ,
480.80000 ,0.00000 ,
481.66000 ,0.00000 ,
482.59333 ,0.00000 ,
483.52667 ,0.00000 ,
484.46000 ,0.00000 ,
485.46000 ,0.00000 ,
486.76000 ,0.00000 ,
488.45000 ,0.00000 ,
490.08667 ,0.00000 ,
491.72333 ,0.00000 ,
493.36000 ,0.00000 ,
494.66000 ,0.00000 ,
495.66000 ,0.00000 ,
496.59333 ,0.00000 ,
497.52667 ,0.00000 ,
498.46000 ,0.00000 ,
499.32000 ,0.00000 ,
500.25333 ,0.00000 ,
501.18667 ,0.00000 ,
502.12000 ,0.00000 ,
503.12000 ,0.00000 ,
504.42000 ,0.00000 ,
506.11000 ,0.00000 ,
507.74667 ,0.00000 ,
509.38333 ,0.00000 ,
511.02000 ,0.00000 ,
512.32000 ,0.00000 ,
513.32000 ,0.00000 ,
514.25333 ,0.00000 ,
515.18667 ,0.00000 ,
516.12000 ,0.00000 ,
516.98000 ,0.00000 ,
517.91333 ,0.00000 ,
518.84667 ,0.00000 ,
519.78000 ,0.00000 ,
520.78000 ,0.00000 ,
522.08000 ,0.00000 ,
523.77000 ,0.00000 ,
525.40667 ,0.00000 ,
527.04333 ,0.00000 ,
528.68000 ,0.00000 ,
529.98000 ,0.00000 ,
530.98000 ,0.00000 ,
531.91333 ,0.00000 ,
532.84667 ,0.00000 ,
533.78000 ,0.00000 ,
534.64000 ,0.00000 ,
535.57333 ,0.00000 ,
536.50667 ,0.00000 ,
537.44000 ,0.00000 ,
538.44000 ,0.00000 ,
539.74000 ,0.00000 ,
541.43000 ,0.00000 ,
543.06667 ,0.00000 ,
544.70333 ,0.00000 ,
546.34000 ,0.00000 ,
547.64000 ,0.00000 ,
548.64000 ,0.00000 ,
549.57333 ,0.00000 ,
550.50667 ,0.00000 ,
551.44000 ,0.00000 ,
552.30000 ,0.00000 ,
553.23333 ,0.00000 ,
554.16667 ,0.00000 ,
555.10000 ,0.00000 ,
556.10000 ,0.00000 ,
557.40000 ,0.00000 ,
559.09000 ,0.00000 ,
560.72667 ,0.00000 ,
562.36333 ,0.00000 ,
564.00000 ,0.00000 ,
565.30000 ,0.00000 ,
566.30000 ,0.00000 ,
567.23333 ,0.00000 ,
568.16667 ,0.00000 ,
569.10000 ,0.00000 ,
569.96000 ,0.00000 ,
570.89333 ,0.00000 ,
571.82667 ,0.00000 ,
572.76000 ,0.00000 ,
573.76000 ,0.00000 ,
575.06000 ,0.00000 ,
576.75000 ,0.00000 ,
578.38667 ,0.00000 ,
580.02333 ,0.00000 ,
581.66000 ,0.00000 ,
582.96000 ,0.00000 ,
583.96000 ,0.00000 ,
584.89333 ,0.00000 ,
585.82667 ,0.00000 ,
586.76000 ,0.00000 ,
587.62000 ,0.00000 ,
588.55333 ,0.00000 ,
589.48667 ,0.00000 ,
590.42000 ,0.00000 ,
591.42000 ,0.00000 ,
592.72000 ,0.00000 ,
594.41000 ,0.00000 ,
596.04667 ,0.00000 ,
597.68333 ,0.00000 ,
599.32000 ,0.00000 ,
600.62000 ,0.00000 ,
601.62000 ,0.00000 ,
602.55333 ,0.00000 ,
603.48667 ,0.00000 ,
604.42000 ,0.00000 ,
605.28000 ,0.00000 ,
606.21333 ,0.00000 ,
607.14667 ,0.00000 ,
608.08000 ,0.00000 ,
609.08000 ,0.00000 ,
610.38000 ,0.00000 ,
612.07000 ,0.00000 ,
613.70667 ,0.00000 ,
615.34333 ,0.00000 ,
616.98000 ,0.00000 ,
618.28000 ,0.00000 ,
619.28000 ,0.00000 ,
620.21333 ,0.00000 ,
621.14667 ,0.00000 ,
622.08000 ,0.00000 ,
622.94000 ,0.00000 ,
623.87333 ,0.00000 ,
624.80667 ,0.00000 ,
625.74000 ,0.00000 ,
626.74000 ,0.00000 ,
628.04000 ,0.00000 ,
629.73000 ,0.00000 ,
631.36667 ,0.00000 ,
633.00333 ,0.00000 ,
634.64000 ,0.00000 ,
635.94000 ,0.00000 ,
636.94000 ,0.00000 ,
637.87333 ,0.00000 ,
638.80667 ,0.00000 ,
639.74000 ,0.00000 ,
640.60000 ,0.00000 ,
641.53333 ,0.00000 ,
642.46667 ,0.00000 ,
643.40000 ,0.00000 ,
644.40000 ,0.00000 ,
645.70000 ,0.00000 ,
647.39000 ,0.00000 ,
649.02667 ,0.00000 ,
650.66333 ,0.00000 ,
652.30000 ,0.00000 ,
653.60000 ,0.00000 ,
654.60000 ,0.00000 ,
655.53333 ,0.00000 ,
656.46667 ,0.00000 ,
657.40000 ,0.00000 ,
658.26000 ,0.00000 ,
659.19333 ,0.00000 ,
660.12667 ,0.00000 ,
661.06000 ,0.00000 ,
662.06000 ,0.00000 ,
663.36000 ,0.00000 ,
665.05000 ,0.00000 ,
667.24700 ,0.00000 ,
670.10310 ,0.00000 ,
673.81603 ,0.00000 ,
678.64284 ,0.00000 ,
685.76189 ,0.00000 ,
692.88095 ,0.00000 ,
700.00000 ,0.00000 ,
470.00000 ,0.55000 ,
474.01000 ,0.55000 ,
475.70000 ,0.55000 ,
477.00000 ,0.55000 ,
478.00000 ,0.55000 ,
478.93333 ,0.55000 ,
479.86667 ,0.55000 ,
480.80000 ,0.55000 ,
481.66000 ,0.55000 ,
482.59333 ,0.55000 ,
483.52667 ,0.55000 ,
484.46000 ,0.55000 ,
485.46000 ,0.55000 ,
486.76000 ,0.55000 ,
488.45000 ,0.55000 ,
490.08667 ,0.55000 ,
491.72333 ,0.55000 ,
493.36000 ,0.55000 ,
494.66000 ,0.55000 ,
495.66000 ,0.55000 ,
496.59333 ,0.55000 ,
497.52667 ,0.55000 ,
498.46000 ,0.55000 ,
499.32000 ,0.55000 ,
500.25333 ,0.55000 ,
501.18667 ,0.55000 ,
502.12000 ,0.55000 ,
503.12000 ,0.55000 ,
504.42000 ,0.55000 ,
506.11000 ,0.55000 ,
507.74667 ,0.55000 ,
509.38333 ,0.55000 ,
511.02000 ,0.55000 ,
512.32000 ,0.55000 ,
513.32000 ,0.55000 ,
514.25333 ,0.55000 ,
515.18667 ,0.55000 ,
516.12000 ,0.55000 ,
516.98000 ,0.55000 ,
517.91333 ,0.55000 ,
518.84667 ,0.55000 ,
519.78000 ,0.55000 ,
520.78000 ,0.55000 ,
522.08000 ,0.55000 ,
523.77000 ,0.55000 ,
525.40667 ,0.55000 ,
527.04333 ,0.55000 ,
528.68000 ,0.55000 ,
529.98000 ,0.55000 ,
530.98000 ,0.55000 ,
531.91333 ,0.55000 ,
532.84667 ,0.55000 ,
533.78000 ,0.55000 ,
534.64000 ,0.55000 ,
535.57333 ,0.55000 ,
536.50667 ,0.55000 ,
537.44000 ,0.55000 ,
538.44000 ,0.55000 ,
539.74000 ,0.55000 ,
541.43000 ,0.55000 ,
543.06667 ,0.55000 ,
544.70333 ,0.55000 ,
546.34000 ,0.55000 ,
547.64000 ,0.55000 ,
548.64000 ,0.55000 ,
549.57333 ,0.55000 ,
550.50667 ,0.55000 ,
551.44000 ,0.55000 ,
552.30000 ,0.55000 ,
553.23333 ,0.55000 ,
554.16667 ,0.55000 ,
555.10000 ,0.55000 ,
556.10000 ,0.55000 ,
557.40000 ,0.55000 ,
559.09000 ,0.55000 ,
560.72667 ,0.55000 ,
562.36333 ,0.55000 ,
564.00000 ,0.55000 ,
565.30000 ,0.55000 ,
566.30000 ,0.55000 ,
567.23333 ,0.55000 ,
568.16667 ,0.55000 ,
569.10000 ,0.55000 ,
569.96000 ,0.55000 ,
570.89333 ,0.55000 ,
571.82667 ,0.55000 ,
572.76000 ,0.55000 ,
573.76000 ,0.55000 ,
575.06000 ,0.55000 ,
576.75000 ,0.55000 ,
578.38667 ,0.55000 ,
580.02333 ,0.55000 ,
581.66000 ,0.55000 ,
582.96000 ,0.55000 ,
583.96000 ,0.55000 ,
584.89333 ,0.55000 ,
585.82667 ,0.55000 ,
586.76000 ,0.55000 ,
587.62000 ,0.55000 ,
588.55333 ,0.55000 ,
589.48667 ,0.55000 ,
590.42000 ,0.55000 ,
591.42000 ,0.55000 ,
592.72000 ,0.55000 ,
594.41000 ,0.55000 ,
596.04667 ,0.55000 ,
597.68333 ,0.55000 ,
599.32000 ,0.55000 ,
600.62000 ,0.55000 ,
601.62000 ,0.55000 ,
602.55333 ,0.55000 ,
603.48667 ,0.55000 ,
604.42000 ,0.55000 ,
605.28000 ,0.55000 ,
606.21333 ,0.55000 ,
607.14667 ,0.55000 ,
608.08000 ,0.55000 ,
609.08000 ,0.55000 ,
610.38000 ,0.55000 ,
612.07000 ,0.55000 ,
613.70667 ,0.55000 ,
615.34333 ,0.55000 ,
616.98000 ,0.55000 ,
618.28000 ,0.55000 ,
619.28000 ,0.55000 ,
620.21333 ,0.55000 ,
621.14667 ,0.55000 ,
622.08000 ,0.55000 ,
622.94000 ,0.55000 ,
623.87333 ,0.55000 ,
624.80667 ,0.55000 ,
625.74000 ,0.55000 ,
626.74000 ,0.55000 ,
628.04000 ,0.55000 ,
629.73000 ,0.55000 ,
631.36667 ,0.55000 ,
633.00333 ,0.55000 ,
634.64000 ,0.55000 ,
635.94000 ,0.55000 ,
636.94000 ,0.55000 ,
637.87333 ,0.55000 ,
638.80667 ,0.55000 ,
639.74000 ,0.55000 ,
640.60000 ,0.55000 ,
641.53333 ,0.55000 ,
642.46667 ,0.55000 ,
643.40000 ,0.55000 ,
644.40000 ,0.55000 ,
645.70000 ,0.55000 ,
647.39000 ,0.55000 ,
649.02667 ,0.55000 ,
650.66333 ,0.55000 ,
652.30000 ,0.55000 ,
653.60000 ,0.55000 ,
654.60000 ,0.55000 ,
655.53333 ,0.55000 ,
656.46667 ,0.55000 ,
657.40000 ,0.55000 ,
658.26000 ,0.55000 ,
659.19333 ,0.55000 ,
660.12667 ,0.55000 ,
661.06000 ,0.55000 ,
662.06000 ,0.55000 ,
663.36000 ,0.55000 ,
665.05000 ,0.55000 ,
667.24700 ,0.55000 ,
670.10310 ,0.55000 ,
673.81603 ,0.55000 ,
678.64284 ,0.55000 ,
685.76189 ,0.55000 ,
692.88095 ,0.55000 ,
700.00000 ,0.55000 ,
470.00000 ,1.55000 ,
474.01000 ,1.55000 ,
475.70000 ,1.55000 ,
477.00000 ,1.55000 ,
478.00000 ,1.55000 ,
478.93333 ,1.55000 ,
479.86667 ,1.55000 ,
480.80000 ,1.55000 ,
481.66000 ,1.55000 ,
482.59333 ,1.55000 ,
483.52667 ,1.55000 ,
484.46000 ,1.55000 ,
485.46000 ,1.55000 ,
486.76000 ,1.55000 ,
488.45000 ,1.55000 ,
490.08667 ,1.55000 ,
491.72333 ,1.55000 ,
493.36000 ,1.55000 ,
494.66000 ,1.55000 ,
495.66000 ,1.55000 ,
496.59333 ,1.55000 ,
497.52667 ,1.55000 ,
498.46000 ,1.55000 ,
499.32000 ,1.55000 ,
500.25333 ,1.55000 ,
501.18667 ,1.55000 ,
502.12000 ,1.55000 ,
503.12000 ,1.55000 ,
504.42000 ,1.55000 ,
506.11000 ,1.55000 ,
507.74667 ,1.55000 ,
509.38333 ,1.55000 ,
511.02000 ,1.55000 ,
512.32000 ,1.55000 ,
513.32000 ,1.55000 ,
514.25333 ,1.55000 ,
515.18667 ,1.55000 ,
516.12000 ,1.55000 ,
516.98000 ,1.55000 ,
517.91333 ,1.55000 ,
518.84667 ,1.55000 ,
519.78000 ,1.55000 ,
520.78000 ,1.55000 ,
522.08000 ,1.55000 ,
523.77000 ,1.55000 ,
525.40667 ,1.55000 ,
527.04333 ,1.55000 ,
528.68000 ,1.55000 ,
529.98000 ,1.55000 ,
530.98000 ,1.55000 ,
531.91333 ,1.55000 ,
532.84667 ,1.55000 ,
533.78000 ,1.55000 ,
534.64000 ,1.55000 ,
535.57333 ,1.55000 ,
536.50667 ,1.55000 ,
537.44000 ,1.55000 ,
538.44000 ,1.55000 ,
539.74000 ,1.55000 ,
541.43000 ,1.55000 ,
543.06667 ,1.55000 ,
544.70333 ,1.55000 ,
546.34000 ,1.55000 ,
547.64000 ,1.55000 ,
548.64000 ,1.55000 ,
549.57333 ,1.55000 ,
550.50667 ,1.55000 ,
551.44000 ,1.55000 ,
552.30000 ,1.55000 ,
553.23333 ,1.55000 ,
554.16667 ,1.55000 ,
555.10000 ,1.55000 ,
556.10000 ,1.55000 ,
557.40000 ,1.55000 ,
559.09000 ,1.55000 ,
560.72667 ,1.55000 ,
562.36333 ,1.55000 ,
564.00000 ,1.55000 ,
565.30000 ,1.55000 ,
566.30000 ,1.55000 ,
567.23333 ,1.55000 ,
568.16667 ,1.55000 ,
569.10000 ,1.55000 ,
569.96000 ,1.55000 ,
570.89333 ,1.55000 ,
571.82667 ,1.55000 ,
572.76000 ,1.55000 ,
573.76000 ,1.55000 ,
575.06000 ,1.55000 ,
576.75000 ,1.55000 ,
578.38667 ,1.55000 ,
580.02333 ,1.55000 ,
581.66000 ,1.55000 ,
582.96000 ,1.55000 ,
583.96000 ,1.55000 ,
584.89333 ,1.55000 ,
585.82667 ,1.55000 ,
586.76000 ,1.55000 ,
587.62000 ,1.55000 ,
588.55333 ,1.55000 ,
589.48667 ,1.55000 ,
590.42000 ,1.55000 ,
591.42000 ,1.55000 ,
592.72000 ,1.55000 ,
594.41000 ,1.55000 ,
596.04667 ,1.55000 ,
597.68333 ,1.55000 ,
599.32000 ,1.55000 ,
600.62000 ,1.55000 ,
601.62000 ,1.55000 ,
602.55333 ,1.55000 ,
603.48667 ,1.55000 ,
604.42000 ,1.55000 ,
605.28000 ,1.55000 ,
606.21333 ,1.55000 ,
607.14667 ,1.55000 ,
608.08000 ,1.55000 ,
609.08000 ,1.55000 ,
610.38000 ,1.55000 ,
612.07000 ,1.55000 ,
613.70667 ,1.55000 ,
615.34333 ,1.55000 ,
616.98000 ,1.55000 ,
618.28000 ,1.55000 ,
619.28000 ,1.55000 ,
620.21333 ,1.55000 ,
621.14667 ,1.55000 ,
622.08000 ,1.55000 ,
622.94000 ,1.55000 ,
623.87333 ,1.55000 ,
624.80667 ,1.55000 ,
625.74000 ,1.55000 ,
626.74000 ,1.55000 ,
628.04000 ,1.55000 ,
629.73000 ,1.55000 ,
631.36667 ,1.55000 ,
633.00333 ,1.55000 ,
634.64000 ,1.55000 ,
635.94000 ,1.55000 ,
636.94000 ,1.55000 ,
637.87333 ,1.55000 ,
638.80667 ,1.55000 ,
639.74000 ,1.55000 ,
640.60000 ,1.55000 ,
641.53333 ,1.55000 ,
642.46667 ,1.55000 ,
643.40000 ,1.55000 ,
644.40000 ,1.55000 ,
645.70000 ,1.55000 ,
647.39000 ,1.55000 ,
649.02667 ,1.55000 ,
650.66333 ,1.55000 ,
652.30000 ,1.55000 ,
653.60000 ,1.55000 ,
654.60000 ,1.55000 ,
655.53333 ,1.55000 ,
656.46667 ,1.55000 ,
657.40000 ,1.55000 ,
658.26000 ,1.55000 ,
659.19333 ,1.55000 ,
660.12667 ,1.55000 ,
661.06000 ,1.55000 ,
662.06000 ,1.55000 ,
663.36000 ,1.55000 ,
665.05000 ,1.55000 ,
667.24700 ,1.55000 ,
670.10310 ,1.55000 ,
673.81603 ,1.55000 ,
678.64284 ,1.55000 ,
685.76189 ,1.55000 ,
692.88095 ,1.55000 ,
700.00000 ,1.55000 ,
470.00000 ,2.78333 ,
474.01000 ,2.78333 ,
475.70000 ,2.78333 ,
477.00000 ,2.78333 ,
478.00000 ,2.78333 ,
478.93333 ,2.78333 ,
479.86667 ,2.78333 ,
480.80000 ,2.78333 ,
481.66000 ,2.78333 ,
482.59333 ,2.78333 ,
483.52667 ,2.78333 ,
484.46000 ,2.78333 ,
485.46000 ,2.78333 ,
486.76000 ,2.78333 ,
488.45000 ,2.78333 ,
490.08667 ,2.78333 ,
491.72333 ,2.78333 ,
493.36000 ,2.78333 ,
494.66000 ,2.78333 ,
495.66000 ,2.78333 ,
496.59333 ,2.78333 ,
497.52667 ,2.78333 ,
498.46000 ,2.78333 ,
499.32000 ,2.78333 ,
500.25333 ,2.78333 ,
501.18667 ,2.78333 ,
502.12000 ,2.78333 ,
503.12000 ,2.78333 ,
504.42000 ,2.78333 ,
506.11000 ,2.78333 ,
507.74667 ,2.78333 ,
509.38333 ,2.78333 ,
511.02000 ,2.78333 ,
512.32000 ,2.78333 ,
513.32000 ,2.78333 ,
514.25333 ,2.78333 ,
515.18667 ,2.78333 ,
516.12000 ,2.78333 ,
516.98000 ,2.78333 ,
517.91333 ,2.78333 ,
518.84667 ,2.78333 ,
519.78000 ,2.78333 ,
520.78000 ,2.78333 ,
522.08000 ,2.78333 ,
523.77000 ,2.78333 ,
525.40667 ,2.78333 ,
527.04333 ,2.78333 ,
528.68000 ,2.78333 ,
529.98000 ,2.78333 ,
530.98000 ,2.78333 ,
531.91333 ,2.78333 ,
532.84667 ,2.78333 ,
533.78000 ,2.78333 ,
534.64000 ,2.78333 ,
535.57333 ,2.78333 ,
536.50667 ,2.78333 ,
537.44000 ,2.78333 ,
538.44000 ,2.78333 ,
539.74000 ,2.78333 ,
541.43000 ,2.78333 ,
543.06667 ,2.78333 ,
544.70333 ,2.78333 ,
546.34000 ,2.78333 ,
547.64000 ,2.78333 ,
548.64000 ,2.78333 ,
549.57333 ,2.78333 ,
550.50667 ,2.78333 ,
551.44000 ,2.78333 ,
552.30000 ,2.78333 ,
553.23333 ,2.78333 ,
554.16667 ,2.78333 ,
555.10000 ,2.78333 ,
556.10000 ,2.78333 ,
557.40000 ,2.78333 ,
559.09000 ,2.78333 ,
560.72667 ,2.78333 ,
562.36333 ,2.78333 ,
564.00000 ,2.78333 ,
565.30000 ,2.78333 ,
566.30000 ,2.78333 ,
567.23333 ,2.78333 ,
568.16667 ,2.78333 ,
569.10000 ,2.78333 ,
569.96000 ,2.78333 ,
570.89333 ,2.78333 ,
571.82667 ,2.78333 ,
572.76000 ,2.78333 ,
573.76000 ,2.78333 ,
575.06000 ,2.78333 ,
576.75000 ,2.78333 ,
578.38667 ,2.78333 ,
580.02333 ,2.78333 ,
581.66000 ,2.78333 ,
582.96000 ,2.78333 ,
583.96000 ,2.78333 ,
584.89333 ,2.78333 ,
585.82667 ,2.78333 ,
586.76000 ,2.78333 ,
587.62000 ,2.78333 ,
588.55333 ,2.78333 ,
589.48667 ,2.78333 ,
590.42000 ,2.78333 ,
591.42000 ,2.78333 ,
592.72000 ,2.78333 ,
594.41000 ,2.78333 ,
596.04667 ,2.78333 ,
597.68333 ,2.78333 ,
599.32000 ,2.78333 ,
600.62000 ,2.78333 ,
601.62000 ,2.78333 ,
602.55333 ,2.78333 ,
603.48667 ,2.78333 ,
604.42000 ,2.78333 ,
605.28000 ,2.78333 ,
606.21333 ,2.78333 ,
607.14667 ,2.78333 ,
608.08000 ,2.78333 ,
609.08000 ,2.78333 ,
610.38000 ,2.78333 ,
612.07000 ,2.78333 ,
613.70667 ,2.78333 ,
615.34333 ,2.78333 ,
616.98000 ,2.78333 ,
618.28000 ,2.78333 ,
619.28000 ,2.78333 ,
620.21333 ,2.78333 ,
621.14667 ,2.78333 ,
622.08000 ,2.78333 ,
622.94000 ,2.78333 ,
623.87333 ,2.78333 ,
624.80667 ,2.78333 ,
625.74000 ,2.78333 ,
626.74000 ,2.78333 ,
628.04000 ,2.78333 ,
629.73000 ,2.78333 ,
631.36667 ,2.78333 ,
633.00333 ,2.78333 ,
634.64000 ,2.78333 ,
635.94000 ,2.78333 ,
636.94000 ,2.78333 ,
637.87333 ,2.78333 ,
638.80667 ,2.78333 ,
639.74000 ,2.78333 ,
640.60000 ,2.78333 ,
641.53333 ,2.78333 ,
642.46667 ,2.78333 ,
643.40000 ,2.78333 ,
644.40000 ,2.78333 ,
645.70000 ,2.78333 ,
647.39000 ,2.78333 ,
649.02667 ,2.78333 ,
650.66333 ,2.78333 ,
652.30000 ,2.78333 ,
653.60000 ,2.78333 ,
654.60000 ,2.78333 ,
655.53333 ,2.78333 ,
656.46667 ,2.78333 ,
657.40000 ,2.78333 ,
658.26000 ,2.78333 ,
659.19333 ,2.78333 ,
660.12667 ,2.78333 ,
661.06000 ,2.78333 ,
662.06000 ,2.78333 ,
663.36000 ,2.78333 ,
665.05000 ,2.78333 ,
667.24700 ,2.78333 ,
670.10310 ,2.78333 ,
673.81603 ,2.78333 ,
678.64284 ,2.78333 ,
685.76189 ,2.78333 ,
692.88095 ,2.78333 ,
700.00000 ,2.78333 ,
470.00000 ,4.01667 ,
474.01000 ,4.01667 ,
475.70000 ,4.01667 ,
477.00000 ,4.01667 ,
478.00000 ,4.01667 ,
478.93333 ,4.01667 ,
479.86667 ,4.01667 ,
480.80000 ,4.01667 ,
481.66000 ,4.01667 ,
482.59333 ,4.01667 ,
483.52667 ,4.01667 ,
484.46000 ,4.01667 ,
485.46000 ,4.01667 ,
486.76000 ,4.01667 ,
488.45000 ,4.01667 ,
490.08667 ,4.01667 ,
491.72333 ,4.01667 ,
493.36000 ,4.01667 ,
494.66000 ,4.01667 ,
495.66000 ,4.01667 ,
496.59333 ,4.01667 ,
497.52667 ,4.01667 ,
498.46000 ,4.01667 ,
499.32000 ,4.01667 ,
500.25333 ,4.01667 ,
501.18667 ,4.01667 ,
502.12000 ,4.01667 ,
503.12000 ,4.01667 ,
504.42000 ,4.01667 ,
506.11000 ,4.01667 ,
507.74667 ,4.01667 ,
509.38333 ,4.01667 ,
511.02000 ,4.01667 ,
512.32000 ,4.01667 ,
513.32000 ,4.01667 ,
514.25333 ,4.01667 ,
515.18667 ,4.01667 ,
516.12000 ,4.01667 ,
516.98000 ,4.01667 ,
517.91333 ,4.01667 ,
518.84667 ,4.01667 ,
519.78000 ,4.01667 ,
520.78000 ,4.01667 ,
522.08000 ,4.01667 ,
523.77000 ,4.01667 ,
525.40667 ,4.01667 ,
527.04333 ,4.01667 ,
528.68000 ,4.01667 ,
529.98000 ,4.01667 ,
530.98000 ,4.01667 ,
531.91333 ,4.01667 ,
532.84667 ,4.01667 ,
533.78000 ,4.01667 ,
534.64000 ,4.01667 ,
535.57333 ,4.01667 ,
536.50667 ,4.01667 ,
537.44000 ,4.01667 ,
538.44000 ,4.01667 ,
539.74000 ,4.01667 ,
541.43000 ,4.01667 ,
543.06667 ,4.01667 ,
544.70333 ,4.01667 ,
546.34000 ,4.01667 ,
547.64000 ,4.01667 ,
548.64000 ,4.01667 ,
549.57333 ,4.01667 ,
550.50667 ,4.01667 ,
551.44000 ,4.01667 ,
552.30000 ,4.01667 ,
553.23333 ,4.01667 ,
554.16667 ,4.01667 ,
555.10000 ,4.01667 ,
556.10000 ,4.01667 ,
557.40000 ,4.01667 ,
559.09000 ,4.01667 ,
560.72667 ,4.01667 ,
562.36333 ,4.01667 ,
564.00000 ,4.01667 ,
565.30000 ,4.01667 ,
566.30000 ,4.01667 ,
567.23333 ,4.01667 ,
568.16667 ,4.01667 ,
569.10000 ,4.01667 ,
569.96000 ,4.01667 ,
570.89333 ,4.01667 ,
571.82667 ,4.01667 ,
572.76000 ,4.01667 ,
573.76000 ,4.01667 ,
575.06000 ,4.01667 ,
576.75000 ,4.01667 ,
578.38667 ,4.01667 ,
580.02333 ,4.01667 ,
581.66000 ,4.01667 ,
582.96000 ,4.01667 ,
583.96000 ,4.01667 ,
584.89333 ,4.01667 ,
585.82667 ,4.01667 ,
586.76000 ,4.01667 ,
587.62000 ,4.01667 ,
588.55333 ,4.01667 ,
589.48667 ,4.01667 ,
590.42000 ,4.01667 ,
591.42000 ,4.01667 ,
592.72000 ,4.01667 ,
594.41000 ,4.01667 ,
596.04667 ,4.01667 ,
597.68333 ,4.01667 ,
599.32000 ,4.01667 ,
600.62000 ,4.01667 ,
601.62000 ,4.01667 ,
602.55333 ,4.01667 ,
603.48667 ,4.01667 ,
604.42000 ,4.01667 ,
605.28000 ,4.01667 ,
606.21333 ,4.01667 ,
607.14667 ,4.01667 ,
608.08000 ,4.01667 ,
609.08000 ,4.01667 ,
610.38000 ,4.01667 ,
612.07000 ,4.01667 ,
613.70667 ,4.01667 ,
615.34333 ,4.01667 ,
616.98000 ,4.01667 ,
618.28000 ,4.01667 ,
619.28000 ,4.01667 ,
620.21333 ,4.01667 ,
621.14667 ,4.01667 ,
622.08000 ,4.01667 ,
622.94000 ,4.01667 ,
623.87333 ,4.01667 ,
624.80667 ,4.01667 ,
625.74000 ,4.01667 ,
626.74000 ,4.01667 ,
628.04000 ,4.01667 ,
629.73000 ,4.01667 ,
631.36667 ,4.01667 ,
633.00333 ,4.01667 ,
634.64000 ,4.01667 ,
635.94000 ,4.01667 ,
636.94000 ,4.01667 ,
637.87333 ,4.01667 ,
638.80667 ,4.01667 ,
639.74000 ,4.01667 ,
640.60000 ,4.01667 ,
641.53333 ,4.01667 ,
642.46667 ,4.01667 ,
643.40000 ,4.01667 ,
644.40000 ,4.01667 ,
645.70000 ,4.01667 ,
647.39000 ,4.01667 ,
649.02667 ,4.01667 ,
650.66333 ,4.01667 ,
652.30000 ,4.01667 ,
653.60000 ,4.01667 ,
654.60000 ,4.01667 ,
655.53333 ,4.01667 ,
656.46667 ,4.01667 ,
657.40000 ,4.01667 ,
658.26000 ,4.01667 ,
659.19333 ,4.01667 ,
660.12667 ,4.01667 ,
661.06000 ,4.01667 ,
662.06000 ,4.01667 ,
663.36000 ,4.01667 ,
665.05000 ,4.01667 ,
667.24700 ,4.01667 ,
670.10310 ,4.01667 ,
673.81603 ,4.01667 ,
678.64284 ,4.01667 ,
685.76189 ,4.01667 ,
692.88095 ,4.01667 ,
700.00000 ,4.01667 ,
470.00000 ,5.25000 ,
474.01000 ,5.25000 ,
475.70000 ,5.25000 ,
477.00000 ,5.25000 ,
478.00000 ,5.25000 ,
478.93333 ,5.25000 ,
479.86667 ,5.25000 ,
480.80000 ,5.25000 ,
481.66000 ,5.25000 ,
482.59333 ,5.25000 ,
483.52667 ,5.25000 ,
484.46000 ,5.25000 ,
485.46000 ,5.25000 ,
486.76000 ,5.25000 ,
488.45000 ,5.25000 ,
490.08667 ,5.25000 ,
491.72333 ,5.25000 ,
493.36000 ,5.25000 ,
494.66000 ,5.25000 ,
495.66000 ,5.25000 ,
496.59333 ,5.25000 ,
497.52667 ,5.25000 ,
498.46000 ,5.25000 ,
499.32000 ,5.25000 ,
500.25333 ,5.25000 ,
501.18667 ,5.25000 ,
502.12000 ,5.25000 ,
503.12000 ,5.25000 ,
504.42000 ,5.25000 ,
506.11000 ,5.25000 ,
507.74667 ,5.25000 ,
509.38333 ,5.25000 ,
511.02000 ,5.25000 ,
512.32000 ,5.25000 ,
513.32000 ,5.25000 ,
514.25333 ,5.25000 ,
515.18667 ,5.25000 ,
516.12000 ,5.25000 ,
516.98000 ,5.25000 ,
517.91333 ,5.25000 ,
518.84667 ,5.25000 ,
519.78000 ,5.25000 ,
520.78000 ,5.25000 ,
522.08000 ,5.25000 ,
523.77000 ,5.25000 ,
525.40667 ,5.25000 ,
527.04333 ,5.25000 ,
528.68000 ,5.25000 ,
529.98000 ,5.25000 ,
530.98000 ,5.25000 ,
531.91333 ,5.25000 ,
532.84667 ,5.25000 ,
533.78000 ,5.25000 ,
534.64000 ,5.25000 ,
535.57333 ,5.25000 ,
536.50667 ,5.25000 ,
537.44000 ,5.25000 ,
538.44000 ,5.25000 ,
539.74000 ,5.25000 ,
541.43000 ,5.25000 ,
543.06667 ,5.25000 ,
544.70333 ,5.25000 ,
546.34000 ,5.25000 ,
547.64000 ,5.25000 ,
548.64000 ,5.25000 ,
549.57333 ,5.25000 ,
550.50667 ,5.25000 ,
551.44000 ,5.25000 ,
552.30000 ,5.25000 ,
553.23333 ,5.25000 ,
554.16667 ,5.25000 ,
555.10000 ,5.25000 ,
556.10000 ,5.25000 ,
557.40000 ,5.25000 ,
559.09000 ,5.25000 ,
560.72667 ,5.25000 ,
562.36333 ,5.25000 ,
564.00000 ,5.25000 ,
565.30000 ,5.25000 ,
566.30000 ,5.25000 ,
567.23333 ,5.25000 ,
568.16667 ,5.25000 ,
569.10000 ,5.25000 ,
569.96000 ,5.25000 ,
570.89333 ,5.25000 ,
571.82667 ,5.25000 ,
572.76000 ,5.25000 ,
573.76000 ,5.25000 ,
575.06000 ,5.25000 ,
576.75000 ,5.25000 ,
578.38667 ,5.25000 ,
580.02333 ,5.25000 ,
581.66000 ,5.25000 ,
582.96000 ,5.25000 ,
583.96000 ,5.25000 ,
584.89333 ,5.25000 ,
585.82667 ,5.25000 ,
586.76000 ,5.25000 ,
587.62000 ,5.25000 ,
588.55333 ,5.25000 ,
589.48667 ,5.25000 ,
590.42000 ,5.25000 ,
591.42000 ,5.25000 ,
592.72000 ,5.25000 ,
594.41000 ,5.25000 ,
596.04667 ,5.25000 ,
597.68333 ,5.25000 ,
599.32000 ,5.25000 ,
600.62000 ,5.25000 ,
601.62000 ,5.25000 ,
602.55333 ,5.25000 ,
603.48667 ,5.25000 ,
604.42000 ,5.25000 ,
605.28000 ,5.25000 ,
606.21333 ,5.25000 ,
607.14667 ,5.25000 ,
608.08000 ,5.25000 ,
609.08000 ,5.25000 ,
610.38000 ,5.25000 ,
612.07000 ,5.25000 ,
613.70667 ,5.25000 ,
615.34333 ,5.25000 ,
616.98000 ,5.25000 ,
618.28000 ,5.25000 ,
619.28000 ,5.25000 ,
620.21333 ,5.25000 ,
621.14667 ,5.25000 ,
622.08000 ,5.25000 ,
622.94000 ,5.25000 ,
623.87333 ,5.25000 ,
624.80667 ,5.25000 ,
625.74000 ,5.25000 ,
626.74000 ,5.25000 ,
628.04000 ,5.25000 ,
629.73000 ,5.25000 ,
631.36667 ,5.25000 ,
633.00333 ,5.25000 ,
634.64000 ,5.25000 ,
635.94000 ,5.25000 ,
636.94000 ,5.25000 ,
637.87333 ,5.25000 ,
638.80667 ,5.25000 ,
639.74000 ,5.25000 ,
640.60000 ,5.25000 ,
641.53333 ,5.25000 ,
642.46667 ,5.25000 ,
643.40000 ,5.25000 ,
644.40000 ,5.25000 ,
645.70000 ,5.25000 ,
647.39000 ,5.25000 ,
649.02667 ,5.25000 ,
650.66333 ,5.25000 ,
652.30000 ,5.25000 ,
653.60000 ,5.25000 ,
654.60000 ,5.25000 ,
655.53333 ,5.25000 ,
656.46667 ,5.25000 ,
657.40000 ,5.25000 ,
658.26000 ,5.25000 ,
659.19333 ,5.25000 ,
660.12667 ,5.25000 ,
661.06000 ,5.25000 ,
662.06000 ,5.25000 ,
663.36000 ,5.25000 ,
665.05000 ,5.25000 ,
667.24700 ,5.25000 ,
670.10310 ,5.25000 ,
673.81603 ,5.25000 ,
678.64284 ,5.25000 ,
685.76189 ,5.25000 ,
692.88095 ,5.25000 ,
700.00000 ,5.25000 ,
470.00000 ,6.25000 ,
474.01000 ,6.25000 ,
475.70000 ,6.25000 ,
477.00000 ,6.25000 ,
478.00000 ,6.25000 ,
478.93333 ,6.25000 ,
479.86667 ,6.25000 ,
480.80000 ,6.25000 ,
481.66000 ,6.25000 ,
482.59333 ,6.25000 ,
483.52667 ,6.25000 ,
484.46000 ,6.25000 ,
485.46000 ,6.25000 ,
486.76000 ,6.25000 ,
488.45000 ,6.25000 ,
490.08667 ,6.25000 ,
491.72333 ,6.25000 ,
493.36000 ,6.25000 ,
494.66000 ,6.25000 ,
495.66000 ,6.25000 ,
496.59333 ,6.25000 ,
497.52667 ,6.25000 ,
498.46000 ,6.25000 ,
499.32000 ,6.25000 ,
500.25333 ,6.25000 ,
501.18667 ,6.25000 ,
502.12000 ,6.25000 ,
503.12000 ,6.25000 ,
504.42000 ,6.25000 ,
506.11000 ,6.25000 ,
507.74667 ,6.25000 ,
509.38333 ,6.25000 ,
511.02000 ,6.25000 ,
512.32000 ,6.25000 ,
513.32000 ,6.25000 ,
514.25333 ,6.25000 ,
515.18667 ,6.25000 ,
516.12000 ,6.25000 ,
516.98000 ,6.25000 ,
517.91333 ,6.25000 ,
518.84667 ,6.25000 ,
519.78000 ,6.25000 ,
520.78000 ,6.25000 ,
522.08000 ,6.25000 ,
523.77000 ,6.25000 ,
525.40667 ,6.25000 ,
527.04333 ,6.25000 ,
528.68000 ,6.25000 ,
529.98000 ,6.25000 ,
530.98000 ,6.25000 ,
531.91333 ,6.25000 ,
532.84667 ,6.25000 ,
533.78000 ,6.25000 ,
534.64000 ,6.25000 ,
535.57333 ,6.25000 ,
536.50667 ,6.25000 ,
537.44000 ,6.25000 ,
538.44000 ,6.25000 ,
539.74000 ,6.25000 ,
541.43000 ,6.25000 ,
543.06667 ,6.25000 ,
544.70333 ,6.25000 ,
546.34000 ,6.25000 ,
547.64000 ,6.25000 ,
548.64000 ,6.25000 ,
549.57333 ,6.25000 ,
550.50667 ,6.25000 ,
551.44000 ,6.25000 ,
552.30000 ,6.25000 ,
553.23333 ,6.25000 ,
554.16667 ,6.25000 ,
555.10000 ,6.25000 ,
556.10000 ,6.25000 ,
557.40000 ,6.25000 ,
559.09000 ,6.25000 ,
560.72667 ,6.25000 ,
562.36333 ,6.25000 ,
564.00000 ,6.25000 ,
565.30000 ,6.25000 ,
566.30000 ,6.25000 ,
567.23333 ,6.25000 ,
568.16667 ,6.25000 ,
569.10000 ,6.25000 ,
569.96000 ,6.25000 ,
570.89333 ,6.25000 ,
571.82667 ,6.25000 ,
572.76000 ,6.25000 ,
573.76000 ,6.25000 ,
575.06000 ,6.25000 ,
576.75000 ,6.25000 ,
578.38667 ,6.25000 ,
580.02333 ,6.25000 ,
581.66000 ,6.25000 ,
582.96000 ,6.25000 ,
583.96000 ,6.25000 ,
584.89333 ,6.25000 ,
585.82667 ,6.25000 ,
586.76000 ,6.25000 ,
587.62000 ,6.25000 ,
588.55333 ,6.25000 ,
589.48667 ,6.25000 ,
590.42000 ,6.25000 ,
591.42000 ,6.25000 ,
592.72000 ,6.25000 ,
594.41000 ,6.25000 ,
596.04667 ,6.25000 ,
597.68333 ,6.25000 ,
599.32000 ,6.25000 ,
600.62000 ,6.25000 ,
601.62000 ,6.25000 ,
602.55333 ,6.25000 ,
603.48667 ,6.25000 ,
604.42000 ,6.25000 ,
605.28000 ,6.25000 ,
606.21333 ,6.25000 ,
607.14667 ,6.25000 ,
608.08000 ,6.25000 ,
609.08000 ,6.25000 ,
610.38000 ,6.25000 ,
612.07000 ,6.25000 ,
613.70667 ,6.25000 ,
615.34333 ,6.25000 ,
616.98000 ,6.25000 ,
618.28000 ,6.25000 ,
619.28000 ,6.25000 ,
620.21333 ,6.25000 ,
621.14667 ,6.25000 ,
622.08000 ,6.25000 ,
622.94000 ,6.25000 ,
623.87333 ,6.25000 ,
624.80667 ,6.25000 ,
625.74000 ,6.25000 ,
626.74000 ,6.25000 ,
628.04000 ,6.25000 ,
629.73000 ,6.25000 ,
631.36667 ,6.25000 ,
633.00333 ,6.25000 ,
634.64000 ,6.25000 ,
635.94000 ,6.25000 ,
636.94000 ,6.25000 ,
637.87333 ,6.25000 ,
638.80667 ,6.25000 ,
639.74000 ,6.25000 ,
640.60000 ,6.25000 ,
641.53333 ,6.25000 ,
642.46667 ,6.25000 ,
643.40000 ,6.25000 ,
644.40000 ,6.25000 ,
645.70000 ,6.25000 ,
647.39000 ,6.25000 ,
649.02667 ,6.25000 ,
650.66333 ,6.25000 ,
652.30000 ,6.25000 ,
653.60000 ,6.25000 ,
654.60000 ,6.25000 ,
655.53333 ,6.25000 ,
656.46667 ,6.25000 ,
657.40000 ,6.25000 ,
658.26000 ,6.25000 ,
659.19333 ,6.25000 ,
660.12667 ,6.25000 ,
661.06000 ,6.25000 ,
662.06000 ,6.25000 ,
663.36000 ,6.25000 ,
665.05000 ,6.25000 ,
667.24700 ,6.25000 ,
670.10310 ,6.25000 ,
673.81603 ,6.25000 ,
678.64284 ,6.25000 ,
685.76189 ,6.25000 ,
692.88095 ,6.25000 ,
700.00000 ,6.25000 ,
470.00000 ,6.31000 ,
474.01000 ,6.31000 ,
475.70000 ,6.31000 ,
477.00000 ,6.31000 ,
478.00000 ,6.31000 ,
478.93333 ,6.31000 ,
479.86667 ,6.31000 ,
480.80000 ,6.31000 ,
481.66000 ,6.31000 ,
482.59333 ,6.31000 ,
483.52667 ,6.31000 ,
484.46000 ,6.31000 ,
485.46000 ,6.31000 ,
486.76000 ,6.31000 ,
488.45000 ,6.31000 ,
490.08667 ,6.31000 ,
491.72333 ,6.31000 ,
493.36000 ,6.31000 ,
494.66000 ,6.31000 ,
495.66000 ,6.31000 ,
496.59333 ,6.31000 ,
497.52667 ,6.31000 ,
498.46000 ,6.31000 ,
499.32000 ,6.31000 ,
500.25333 ,6.31000 ,
501.18667 ,6.31000 ,
502.12000 ,6.31000 ,
503.12000 ,6.31000 ,
504.42000 ,6.31000 ,
506.11000 ,6.31000 ,
507.74667 ,6.31000 ,
509.38333 ,6.31000 ,
511.02000 ,6.31000 ,
512.32000 ,6.31000 ,
513.32000 ,6.31000 ,
514.25333 ,6.31000 ,
515.18667 ,6.31000 ,
516.12000 ,6.31000 ,
516.98000 ,6.31000 ,
517.91333 ,6.31000 ,
518.84667 ,6.31000 ,
519.78000 ,6.31000 ,
520.78000 ,6.31000 ,
522.08000 ,6.31000 ,
523.77000 ,6.31000 ,
525.40667 ,6.31000 ,
527.04333 ,6.31000 ,
528.68000 ,6.31000 ,
529.98000 ,6.31000 ,
530.98000 ,6.31000 ,
531.91333 ,6.31000 ,
532.84667 ,6.31000 ,
533.78000 ,6.31000 ,
534.64000 ,6.31000 ,
535.57333 ,6.31000 ,
536.50667 ,6.31000 ,
537.44000 ,6.31000 ,
538.44000 ,6.31000 ,
539.74000 ,6.31000 ,
541.43000 ,6.31000 ,
543.06667 ,6.31000 ,
544.70333 ,6.31000 ,
546.34000 ,6.31000 ,
547.64000 ,6.31000 ,
548.64000 ,6.31000 ,
549.57333 ,6.31000 ,
550.50667 ,6.31000 ,
551.44000 ,6.31000 ,
552.30000 ,6.31000 ,
553.23333 ,6.31000 ,
554.16667 ,6.31000 ,
555.10000 ,6.31000 ,
556.10000 ,6.31000 ,
557.40000 ,6.31000 ,
559.09000 ,6.31000 ,
560.72667 ,6.31000 ,
562.36333 ,6.31000 ,
564.00000 ,6.31000 ,
565.30000 ,6.31000 ,
566.30000 ,6.31000 ,
567.23333 ,6.31000 ,
568.16667 ,6.31000 ,
569.10000 ,6.31000 ,
569.96000 ,6.31000 ,
570.89333 ,6.31000 ,
571.82667 ,6.31000 ,
572.76000 ,6.31000 ,
573.76000 ,6.31000 ,
575.06000 ,6.31000 ,
576.75000 ,6.31000 ,
578.38667 ,6.31000 ,
580.02333 ,6.31000 ,
581.66000 ,6.31000 ,
582.96000 ,6.31000 ,
583.96000 ,6.31000 ,
584.89333 ,6.31000 ,
585.82667 ,6.31000 ,
586.76000 ,6.31000 ,
587.62000 ,6.31000 ,
588.55333 ,6.31000 ,
589.48667 ,6.31000 ,
590.42000 ,6.31000 ,
591.42000 ,6.31000 ,
592.72000 ,6.31000 ,
594.41000 ,6.31000 ,
596.04667 ,6.31000 ,
597.68333 ,6.31000 ,
599.32000 ,6.31000 ,
600.62000 ,6.31000 ,
601.62000 ,6.31000 ,
602.55333 ,6.31000 ,
603.48667 ,6.31000 ,
604.42000 ,6.31000 ,
605.28000 ,6.31000 ,
606.21333 ,6.31000 ,
607.14667 ,6.31000 ,
608.08000 ,6.31000 ,
609.08000 ,6.31000 ,
610.38000 ,6.31000 ,
612.07000 ,6.31000 ,
613.70667 ,6.31000 ,
615.34333 ,6.31000 ,
616.98000 ,6.31000 ,
618.28000 ,6.31000 ,
619.28000 ,6.31000 ,
620.21333 ,6.31000 ,
621.14667 ,6.31000 ,
622.08000 ,6.31000 ,
622.94000 ,6.31000 ,
623.87333 ,6.31000 ,
624.80667 ,6.31000 ,
625.74000 ,6.31000 ,
626.74000 ,6.31000 ,
628.04000 ,6.31000 ,
629.73000 ,6.31000 ,
631.36667 ,6.31000 ,
633.00333 ,6.31000 ,
634.64000 ,6.31000 ,
635.94000 ,6.31000 ,
636.94000 ,6.31000 ,
637.87333 ,6.31000 ,
638.80667 ,6.31000 ,
639.74000 ,6.31000 ,
640.60000 ,6.31000 ,
641.53333 ,6.31000 ,
642.46667 ,6.31000 ,
643.40000 ,6.31000 ,
644.40000 ,6.31000 ,
645.70000 ,6.31000 ,
647.39000 ,6.31000 ,
649.02667 ,6.31000 ,
650.66333 ,6.31000 ,
652.30000 ,6.31000 ,
653.60000 ,6.31000 ,
654.60000 ,6.31000 ,
655.53333 ,6.31000 ,
656.46667 ,6.31000 ,
657.40000 ,6.31000 ,
658.26000 ,6.31000 ,
659.19333 ,6.31000 ,
660.12667 ,6.31000 ,
661.06000 ,6.31000 ,
662.06000 ,6.31000 ,
663.36000 ,6.31000 ,
665.05000 ,6.31000 ,
667.24700 ,6.31000 ,
670.10310 ,6.31000 ,
673.81603 ,6.31000 ,
678.64284 ,6.31000 ,
685.76189 ,6.31000 ,
692.88095 ,6.31000 ,
700.00000 ,6.31000 ,
470.00000 ,7.31000 ,
474.01000 ,7.31000 ,
475.70000 ,7.31000 ,
477.00000 ,7.31000 ,
478.00000 ,7.31000 ,
478.93333 ,7.31000 ,
479.86667 ,7.31000 ,
480.80000 ,7.31000 ,
481.66000 ,7.31000 ,
482.59333 ,7.31000 ,
483.52667 ,7.31000 ,
484.46000 ,7.31000 ,
485.46000 ,7.31000 ,
486.76000 ,7.31000 ,
488.45000 ,7.31000 ,
490.08667 ,7.31000 ,
491.72333 ,7.31000 ,
493.36000 ,7.31000 ,
494.66000 ,7.31000 ,
495.66000 ,7.31000 ,
496.59333 ,7.31000 ,
497.52667 ,7.31000 ,
498.46000 ,7.31000 ,
499.32000 ,7.31000 ,
500.25333 ,7.31000 ,
501.18667 ,7.31000 ,
502.12000 ,7.31000 ,
503.12000 ,7.31000 ,
504.42000 ,7.31000 ,
506.11000 ,7.31000 ,
507.74667 ,7.31000 ,
509.38333 ,7.31000 ,
511.02000 ,7.31000 ,
512.32000 ,7.31000 ,
513.32000 ,7.31000 ,
514.25333 ,7.31000 ,
515.18667 ,7.31000 ,
516.12000 ,7.31000 ,
516.98000 ,7.31000 ,
517.91333 ,7.31000 ,
518.84667 ,7.31000 ,
519.78000 ,7.31000 ,
520.78000 ,7.31000 ,
522.08000 ,7.31000 ,
523.77000 ,7.31000 ,
525.40667 ,7.31000 ,
527.04333 ,7.31000 ,
528.68000 ,7.31000 ,
529.98000 ,7.31000 ,
530.98000 ,7.31000 ,
531.91333 ,7.31000 ,
532.84667 ,7.31000 ,
533.78000 ,7.31000 ,
534.64000 ,7.31000 ,
535.57333 ,7.31000 ,
536.50667 ,7.31000 ,
537.44000 ,7.31000 ,
538.44000 ,7.31000 ,
539.74000 ,7.31000 ,
541.43000 ,7.31000 ,
543.06667 ,7.31000 ,
544.70333 ,7.31000 ,
546.34000 ,7.31000 ,
547.64000 ,7.31000 ,
548.64000 ,7.31000 ,
549.57333 ,7.31000 ,
550.50667 ,7.31000 ,
551.44000 ,7.31000 ,
552.30000 ,7.31000 ,
553.23333 ,7.31000 ,
554.16667 ,7.31000 ,
555.10000 ,7.31000 ,
556.10000 ,7.31000 ,
557.40000 ,7.31000 ,
559.09000 ,7.31000 ,
560.72667 ,7.31000 ,
562.36333 ,7.31000 ,
564.00000 ,7.31000 ,
565.30000 ,7.31000 ,
566.30000 ,7.31000 ,
567.23333 ,7.31000 ,
568.16667 ,7.31000 ,
569.10000 ,7.31000 ,
569.96000 ,7.31000 ,
570.89333 ,7.31000 ,
571.82667 ,7.31000 ,
572.76000 ,7.31000 ,
573.76000 ,7.31000 ,
575.06000 ,7.31000 ,
576.75000 ,7.31000 ,
578.38667 ,7.31000 ,
580.02333 ,7.31000 ,
581.66000 ,7.31000 ,
582.96000 ,7.31000 ,
583.96000 ,7.31000 ,
584.89333 ,7.31000 ,
585.82667 ,7.31000 ,
586.76000 ,7.31000 ,
587.62000 ,7.31000 ,
588.55333 ,7.31000 ,
589.48667 ,7.31000 ,
590.42000 ,7.31000 ,
591.42000 ,7.31000 ,
592.72000 ,7.31000 ,
594.41000 ,7.31000 ,
596.04667 ,7.31000 ,
597.68333 ,7.31000 ,
599.32000 ,7.31000 ,
600.62000 ,7.31000 ,
601.62000 ,7.31000 ,
602.55333 ,7.31000 ,
603.48667 ,7.31000 ,
604.42000 ,7.31000 ,
605.28000 ,7.31000 ,
606.21333 ,7.31000 ,
607.14667 ,7.31000 ,
608.08000 ,7.31000 ,
609.08000 ,7.31000 ,
610.38000 ,7.31000 ,
612.07000 ,7.31000 ,
613.70667 ,7.31000 ,
615.34333 ,7.31000 ,
616.98000 ,7.31000 ,
618.28000 ,7.31000 ,
619.28000 ,7.31000 ,
620.21333 ,7.31000 ,
621.14667 ,7.31000 ,
622.08000 ,7.31000 ,
622.94000 ,7.31000 ,
623.87333 ,7.31000 ,
624.80667 ,7.31000 ,
625.74000 ,7.31000 ,
626.74000 ,7.31000 ,
628.04000 ,7.31000 ,
629.73000 ,7.31000 ,
631.36667 ,7.31000 ,
633.00333 ,7.31000 ,
634.64000 ,7.31000 ,
635.94000 ,7.31000 ,
636.94000 ,7.31000 ,
637.87333 ,7.31000 ,
638.80667 ,7.31000 ,
639.74000 ,7.31000 ,
640.60000 ,7.31000 ,
641.53333 ,7.31000 ,
642.46667 ,7.31000 ,
643.40000 ,7.31000 ,
644.40000 ,7.31000 ,
645.70000 ,7.31000 ,
647.39000 ,7.31000 ,
649.02667 ,7.31000 ,
650.66333 ,7.31000 ,
652.30000 ,7.31000 ,
653.60000 ,7.31000 ,
654.60000 ,7.31000 ,
655.53333 ,7.31000 ,
656.46667 ,7.31000 ,
657.40000 ,7.31000 ,
658.26000 ,7.31000 ,
659.19333 ,7.31000 ,
660.12667 ,7.31000 ,
661.06000 ,7.31000 ,
662.06000 ,7.31000 ,
663.36000 ,7.31000 ,
665.05000 ,7.31000 ,
667.24700 ,7.31000 ,
670.10310 ,7.31000 ,
673.81603 ,7.31000 ,
678.64284 ,7.31000 ,
685.76189 ,7.31000 ,
692.88095 ,7.31000 ,
700.00000 ,7.31000 ,
470.00000 ,8.54333 ,
474.01000 ,8.54333 ,
475.70000 ,8.54333 ,
477.00000 ,8.54333 ,
478.00000 ,8.54333 ,
478.93333 ,8.54333 ,
479.86667 ,8.54333 ,
480.80000 ,8.54333 ,
481.66000 ,8.54333 ,
482.59333 ,8.54333 ,
483.52667 ,8.54333 ,
484.46000 ,8.54333 ,
485.46000 ,8.54333 ,
486.76000 ,8.54333 ,
488.45000 ,8.54333 ,
490.08667 ,8.54333 ,
491.72333 ,8.54333 ,
493.36000 ,8.54333 ,
494.66000 ,8.54333 ,
495.66000 ,8.54333 ,
496.59333 ,8.54333 ,
497.52667 ,8.54333 ,
498.46000 ,8.54333 ,
499.32000 ,8.54333 ,
500.25333 ,8.54333 ,
501.18667 ,8.54333 ,
502.12000 ,8.54333 ,
503.12000 ,8.54333 ,
504.42000 ,8.54333 ,
506.11000 ,8.54333 ,
507.74667 ,8.54333 ,
509.38333 ,8.54333 ,
511.02000 ,8.54333 ,
512.32000 ,8.54333 ,
513.32000 ,8.54333 ,
514.25333 ,8.54333 ,
515.18667 ,8.54333 ,
516.12000 ,8.54333 ,
516.98000 ,8.54333 ,
517.91333 ,8.54333 ,
518.84667 ,8.54333 ,
519.78000 ,8.54333 ,
520.78000 ,8.54333 ,
522.08000 ,8.54333 ,
523.77000 ,8.54333 ,
525.40667 ,8.54333 ,
527.04333 ,8.54333 ,
528.68000 ,8.54333 ,
529.98000 ,8.54333 ,
530.98000 ,8.54333 ,
531.91333 ,8.54333 ,
532.84667 ,8.54333 ,
533.78000 ,8.54333 ,
534.64000 ,8.54333 ,
535.57333 ,8.54333 ,
536.50667 ,8.54333 ,
537.44000 ,8.54333 ,
538.44000 ,8.54333 ,
539.74000 ,8.54333 ,
541.43000 ,8.54333 ,
543.06667 ,8.54333 ,
544.70333 ,8.54333 ,
546.34000 ,8.54333 ,
547.64000 ,8.54333 ,
548.64000 ,8.54333 ,
549.57333 ,8.54333 ,
550.50667 ,8.54333 ,
551.44000 ,8.54333 ,
552.30000 ,8.54333 ,
553.23333 ,8.54333 ,
554.16667 ,8.54333 ,
555.10000 ,8.54333 ,
556.10000 ,8.54333 ,
557.40000 ,8.54333 ,
559.09000 ,8.54333 ,
560.72667 ,8.54333 ,
562.36333 ,8.54333 ,
564.00000 ,8.54333 ,
565.30000 ,8.54333 ,
566.30000 ,8.54333 ,
567.23333 ,8.54333 ,
568.16667 ,8.54333 ,
569.10000 ,8.54333 ,
569.96000 ,8.54333 ,
570.89333 ,8.54333 ,
571.82667 ,8.54333 ,
572.76000 ,8.54333 ,
573.76000 ,8.54333 ,
575.06000 ,8.54333 ,
576.75000 ,8.54333 ,
578.38667 ,8.54333 ,
580.02333 ,8.54333 ,
581.66000 ,8.54333 ,
582.96000 ,8.54333 ,
583.96000 ,8.54333 ,
584.89333 ,8.54333 ,
585.82667 ,8.54333 ,
586.76000 ,8.54333 ,
587.62000 ,8.54333 ,
588.55333 ,8.54333 ,
589.48667 ,8.54333 ,
590.42000 ,8.54333 ,
591.42000 ,8.54333 ,
592.72000 ,8.54333 ,
594.41000 ,8.54333 ,
596.04667 ,8.54333 ,
597.68333 ,8.54333 ,
599.32000 ,8.54333 ,
600.62000 ,8.54333 ,
601.62000 ,8.54333 ,
602.55333 ,8.54333 ,
603.48667 ,8.54333 ,
604.42000 ,8.54333 ,
605.28000 ,8.54333 ,
606.21333 ,8.54333 ,
607.14667 ,8.54333 ,
608.08000 ,8.54333 ,
609.08000 ,8.54333 ,
610.38000 ,8.54333 ,
612.07000 ,8.54333 ,
613.70667 ,8.54333 ,
615.34333 ,8.54333 ,
616.98000 ,8.54333 ,
618.28000 ,8.54333 ,
619.28000 ,8.54333 ,
620.21333 ,8.54333 ,
621.14667 ,8.54333 ,
622.08000 ,8.54333 ,
622.94000 ,8.54333 ,
623.87333 ,8.54333 ,
624.80667 ,8.54333 ,
625.74000 ,8.54333 ,
626.74000 ,8.54333 ,
628.04000 ,8.54333 ,
629.73000 ,8.54333 ,
631.36667 ,8.54333 ,
633.00333 ,8.54333 ,
634.64000 ,8.54333 ,
635.94000 ,8.54333 ,
636.94000 ,8.54333 ,
637.87333 ,8.54333 ,
638.80667 ,8.54333 ,
639.74000 ,8.54333 ,
640.60000 ,8.54333 ,
641.53333 ,8.54333 ,
642.46667 ,8.54333 ,
643.40000 ,8.54333 ,
644.40000 ,8.54333 ,
645.70000 ,8.54333 ,
647.39000 ,8.54333 ,
649.02667 ,8.54333 ,
650.66333 ,8.54333 ,
652.30000 ,8.54333 ,
653.60000 ,8.54333 ,
654.60000 ,8.54333 ,
655.53333 ,8.54333 ,
656.46667 ,8.54333 ,
657.40000 ,8.54333 ,
658.26000 ,8.54333 ,
659.19333 ,8.54333 ,
660.12667 ,8.54333 ,
661.06000 ,8.54333 ,
662.06000 ,8.54333 ,
663.36000 ,8.54333 ,
665.05000 ,8.54333 ,
667.24700 ,8.54333 ,
670.10310 ,8.54333 ,
673.81603 ,8.54333 ,
678.64284 ,8.54333 ,
685.76189 ,8.54333 ,
692.88095 ,8.54333 ,
700.00000 ,8.54333 ,
470.00000 ,9.77667 ,
474.01000 ,9.77667 ,
475.70000 ,9.77667 ,
477.00000 ,9.77667 ,
478.00000 ,9.77667 ,
478.93333 ,9.77667 ,
479.86667 ,9.77667 ,
480.80000 ,9.77667 ,
481.66000 ,9.77667 ,
482.59333 ,9.77667 ,
483.52667 ,9.77667 ,
484.46000 ,9.77667 ,
485.46000 ,9.77667 ,
486.76000 ,9.77667 ,
488.45000 ,9.77667 ,
490.08667 ,9.77667 ,
491.72333 ,9.77667 ,
493.36000 ,9.77667 ,
494.66000 ,9.77667 ,
495.66000 ,9.77667 ,
496.59333 ,9.77667 ,
497.52667 ,9.77667 ,
498.46000 ,9.77667 ,
499.32000 ,9.77667 ,
500.25333 ,9.77667 ,
501.18667 ,9.77667 ,
502.12000 ,9.77667 ,
503.12000 ,9.77667 ,
504.42000 ,9.77667 ,
506.11000 ,9.77667 ,
507.74667 ,9.77667 ,
509.38333 ,9.77667 ,
511.02000 ,9.77667 ,
512.32000 ,9.77667 ,
513.32000 ,9.77667 ,
514.25333 ,9.77667 ,
515.18667 ,9.77667 ,
516.12000 ,9.77667 ,
516.98000 ,9.77667 ,
517.91333 ,9.77667 ,
518.84667 ,9.77667 ,
519.78000 ,9.77667 ,
520.78000 ,9.77667 ,
522.08000 ,9.77667 ,
523.77000 ,9.77667 ,
525.40667 ,9.77667 ,
527.04333 ,9.77667 ,
528.68000 ,9.77667 ,
529.98000 ,9.77667 ,
530.98000 ,9.77667 ,
531.91333 ,9.77667 ,
532.84667 ,9.77667 ,
533.78000 ,9.77667 ,
534.64000 ,9.77667 ,
535.57333 ,9.77667 ,
536.50667 ,9.77667 ,
537.44000 ,9.77667 ,
538.44000 ,9.77667 ,
539.74000 ,9.77667 ,
541.43000 ,9.77667 ,
543.06667 ,9.77667 ,
544.70333 ,9.77667 ,
546.34000 ,9.77667 ,
547.64000 ,9.77667 ,
548.64000 ,9.77667 ,
549.57333 ,9.77667 ,
550.50667 ,9.77667 ,
551.44000 ,9.77667 ,
552.30000 ,9.77667 ,
553.23333 ,9.77667 ,
554.16667 ,9.77667 ,
555.10000 ,9.77667 ,
556.10000 ,9.77667 ,
557.40000 ,9.77667 ,
559.09000 ,9.77667 ,
560.72667 ,9.77667 ,
562.36333 ,9.77667 ,
564.00000 ,9.77667 ,
565.30000 ,9.77667 ,
566.30000 ,9.77667 ,
567.23333 ,9.77667 ,
568.16667 ,9.77667 ,
569.10000 ,9.77667 ,
569.96000 ,9.77667 ,
570.89333 ,9.77667 ,
571.82667 ,9.77667 ,
572.76000 ,9.77667 ,
573.76000 ,9.77667 ,
575.06000 ,9.77667 ,
576.75000 ,9.77667 ,
578.38667 ,9.77667 ,
580.02333 ,9.77667 ,
581.66000 ,9.77667 ,
582.96000 ,9.77667 ,
583.96000 ,9.77667 ,
584.89333 ,9.77667 ,
585.82667 ,9.77667 ,
586.76000 ,9.77667 ,
587.62000 ,9.77667 ,
588.55333 ,9.77667 ,
589.48667 ,9.77667 ,
590.42000 ,9.77667 ,
591.42000 ,9.77667 ,
592.72000 ,9.77667 ,
594.41000 ,9.77667 ,
596.04667 ,9.77667 ,
597.68333 ,9.77667 ,
599.32000 ,9.77667 ,
600.62000 ,9.77667 ,
601.62000 ,9.77667 ,
602.55333 ,9.77667 ,
603.48667 ,9.77667 ,
604.42000 ,9.77667 ,
605.28000 ,9.77667 ,
606.21333 ,9.77667 ,
607.14667 ,9.77667 ,
608.08000 ,9.77667 ,
609.08000 ,9.77667 ,
610.38000 ,9.77667 ,
612.07000 ,9.77667 ,
613.70667 ,9.77667 ,
615.34333 ,9.77667 ,
616.98000 ,9.77667 ,
618.28000 ,9.77667 ,
619.28000 ,9.77667 ,
620.21333 ,9.77667 ,
621.14667 ,9.77667 ,
622.08000 ,9.77667 ,
622.94000 ,9.77667 ,
623.87333 ,9.77667 ,
624.80667 ,9.77667 ,
625.74000 ,9.77667 ,
626.74000 ,9.77667 ,
628.04000 ,9.77667 ,
629.73000 ,9.77667 ,
631.36667 ,9.77667 ,
633.00333 ,9.77667 ,
634.64000 ,9.77667 ,
635.94000 ,9.77667 ,
636.94000 ,9.77667 ,
637.87333 ,9.77667 ,
638.80667 ,9.77667 ,
639.74000 ,9.77667 ,
640.60000 ,9.77667 ,
641.53333 ,9.77667 ,
642.46667 ,9.77667 ,
643.40000 ,9.77667 ,
644.40000 ,9.77667 ,
645.70000 ,9.77667 ,
647.39000 ,9.77667 ,
649.02667 ,9.77667 ,
650.66333 ,9.77667 ,
652.30000 ,9.77667 ,
653.60000 ,9.77667 ,
654.60000 ,9.77667 ,
655.53333 ,9.77667 ,
656.46667 ,9.77667 ,
657.40000 ,9.77667 ,
658.26000 ,9.77667 ,
659.19333 ,9.77667 ,
660.12667 ,9.77667 ,
661.06000 ,9.77667 ,
662.06000 ,9.77667 ,
663.36000 ,9.77667 ,
665.05000 ,9.77667 ,
667.24700 ,9.77667 ,
670.10310 ,9.77667 ,
673.81603 ,9.77667 ,
678.64284 ,9.77667 ,
685.76189 ,9.77667 ,
692.88095 ,9.77667 ,
700.00000 ,9.77667 ,
470.00000 ,11.01000 ,
474.01000 ,11.01000 ,
475.70000 ,11.01000 ,
477.00000 ,11.01000 ,
478.00000 ,11.01000 ,
478.93333 ,11.01000 ,
479.86667 ,11.01000 ,
480.80000 ,11.01000 ,
481.66000 ,11.01000 ,
482.59333 ,11.01000 ,
483.52667 ,11.01000 ,
484.46000 ,11.01000 ,
485.46000 ,11.01000 ,
486.76000 ,11.01000 ,
488.45000 ,11.01000 ,
490.08667 ,11.01000 ,
491.72333 ,11.01000 ,
493.36000 ,11.01000 ,
494.66000 ,11.01000 ,
495.66000 ,11.01000 ,
496.59333 ,11.01000 ,
497.52667 ,11.01000 ,
498.46000 ,11.01000 ,
499.32000 ,11.01000 ,
500.25333 ,11.01000 ,
501.18667 ,11.01000 ,
502.12000 ,11.01000 ,
503.12000 ,11.01000 ,
504.42000 ,11.01000 ,
506.11000 ,11.01000 ,
507.74667 ,11.01000 ,
509.38333 ,11.01000 ,
511.02000 ,11.01000 ,
512.32000 ,11.01000 ,
513.32000 ,11.01000 ,
514.25333 ,11.01000 ,
515.18667 ,11.01000 ,
516.12000 ,11.01000 ,
516.98000 ,11.01000 ,
517.91333 ,11.01000 ,
518.84667 ,11.01000 ,
519.78000 ,11.01000 ,
520.78000 ,11.01000 ,
522.08000 ,11.01000 ,
523.77000 ,11.01000 ,
525.40667 ,11.01000 ,
527.04333 ,11.01000 ,
528.68000 ,11.01000 ,
529.98000 ,11.01000 ,
530.98000 ,11.01000 ,
531.91333 ,11.01000 ,
532.84667 ,11.01000 ,
533.78000 ,11.01000 ,
534.64000 ,11.01000 ,
535.57333 ,11.01000 ,
536.50667 ,11.01000 ,
537.44000 ,11.01000 ,
538.44000 ,11.01000 ,
539.74000 ,11.01000 ,
541.43000 ,11.01000 ,
543.06667 ,11.01000 ,
544.70333 ,11.01000 ,
546.34000 ,11.01000 ,
547.64000 ,11.01000 ,
548.64000 ,11.01000 ,
549.57333 ,11.01000 ,
550.50667 ,11.01000 ,
551.44000 ,11.01000 ,
552.30000 ,11.01000 ,
553.23333 ,11.01000 ,
554.16667 ,11.01000 ,
555.10000 ,11.01000 ,
556.10000 ,11.01000 ,
557.40000 ,11.01000 ,
559.09000 ,11.01000 ,
560.72667 ,11.01000 ,
562.36333 ,11.01000 ,
564.00000 ,11.01000 ,
565.30000 ,11.01000 ,
566.30000 ,11.01000 ,
567.23333 ,11.01000 ,
568.16667 ,11.01000 ,
569.10000 ,11.01000 ,
569.96000 ,11.01000 ,
570.89333 ,11.01000 ,
571.82667 ,11.01000 ,
572.76000 ,11.01000 ,
573.76000 ,11.01000 ,
575.06000 ,11.01000 ,
576.75000 ,11.01000 ,
578.38667 ,11.01000 ,
580.02333 ,11.01000 ,
581.66000 ,11.01000 ,
582.96000 ,11.01000 ,
583.96000 ,11.01000 ,
584.89333 ,11.01000 ,
585.82667 ,11.01000 ,
586.76000 ,11.01000 ,
587.62000 ,11.01000 ,
588.55333 ,11.01000 ,
589.48667 ,11.01000 ,
590.42000 ,11.01000 ,
591.42000 ,11.01000 ,
592.72000 ,11.01000 ,
594.41000 ,11.01000 ,
596.04667 ,11.01000 ,
597.68333 ,11.01000 ,
599.32000 ,11.01000 ,
600.62000 ,11.01000 ,
601.62000 ,11.01000 ,
602.55333 ,11.01000 ,
603.48667 ,11.01000 ,
604.42000 ,11.01000 ,
605.28000 ,11.01000 ,
606.21333 ,11.01000 ,
607.14667 ,11.01000 ,
608.08000 ,11.01000 ,
609.08000 ,11.01000 ,
610.38000 ,11.01000 ,
612.07000 ,11.01000 ,
613.70667 ,11.01000 ,
615.34333 ,11.01000 ,
616.98000 ,11.01000 ,
618.28000 ,11.01000 ,
619.28000 ,11.01000 ,
620.21333 ,11.01000 ,
621.14667 ,11.01000 ,
622.08000 ,11.01000 ,
622.94000 ,11.01000 ,
623.87333 ,11.01000 ,
624.80667 ,11.01000 ,
625.74000 ,11.01000 ,
626.74000 ,11.01000 ,
628.04000 ,11.01000 ,
629.73000 ,11.01000 ,
631.36667 ,11.01000 ,
633.00333 ,11.01000 ,
634.64000 ,11.01000 ,
635.94000 ,11.01000 ,
636.94000 ,11.01000 ,
637.87333 ,11.01000 ,
638.80667 ,11.01000 ,
639.74000 ,11.01000 ,
640.60000 ,11.01000 ,
641.53333 ,11.01000 ,
642.46667 ,11.01000 ,
643.40000 ,11.01000 ,
644.40000 ,11.01000 ,
645.70000 ,11.01000 ,
647.39000 ,11.01000 ,
649.02667 ,11.01000 ,
650.66333 ,11.01000 ,
652.30000 ,11.01000 ,
653.60000 ,11.01000 ,
654.60000 ,11.01000 ,
655.53333 ,11.01000 ,
656.46667 ,11.01000 ,
657.40000 ,11.01000 ,
658.26000 ,11.01000 ,
659.19333 ,11.01000 ,
660.12667 ,11.01000 ,
661.06000 ,11.01000 ,
662.06000 ,11.01000 ,
663.36000 ,11.01000 ,
665.05000 ,11.01000 ,
667.24700 ,11.01000 ,
670.10310 ,11.01000 ,
673.81603 ,11.01000 ,
678.64284 ,11.01000 ,
685.76189 ,11.01000 ,
692.88095 ,11.01000 ,
700.00000 ,11.01000 ,
470.00000 ,12.01000 ,
474.01000 ,12.01000 ,
475.70000 ,12.01000 ,
477.00000 ,12.01000 ,
478.00000 ,12.01000 ,
478.93333 ,12.01000 ,
479.86667 ,12.01000 ,
480.80000 ,12.01000 ,
481.66000 ,12.01000 ,
482.59333 ,12.01000 ,
483.52667 ,12.01000 ,
484.46000 ,12.01000 ,
485.46000 ,12.01000 ,
486.76000 ,12.01000 ,
488.45000 ,12.01000 ,
490.08667 ,12.01000 ,
491.72333 ,12.01000 ,
493.36000 ,12.01000 ,
494.66000 ,12.01000 ,
495.66000 ,12.01000 ,
496.59333 ,12.01000 ,
497.52667 ,12.01000 ,
498.46000 ,12.01000 ,
499.32000 ,12.01000 ,
500.25333 ,12.01000 ,
501.18667 ,12.01000 ,
502.12000 ,12.01000 ,
503.12000 ,12.01000 ,
504.42000 ,12.01000 ,
506.11000 ,12.01000 ,
507.74667 ,12.01000 ,
509.38333 ,12.01000 ,
511.02000 ,12.01000 ,
512.32000 ,12.01000 ,
513.32000 ,12.01000 ,
514.25333 ,12.01000 ,
515.18667 ,12.01000 ,
516.12000 ,12.01000 ,
516.98000 ,12.01000 ,
517.91333 ,12.01000 ,
518.84667 ,12.01000 ,
519.78000 ,12.01000 ,
520.78000 ,12.01000 ,
522.08000 ,12.01000 ,
523.77000 ,12.01000 ,
525.40667 ,12.01000 ,
527.04333 ,12.01000 ,
528.68000 ,12.01000 ,
529.98000 ,12.01000 ,
530.98000 ,12.01000 ,
531.91333 ,12.01000 ,
532.84667 ,12.01000 ,
533.78000 ,12.01000 ,
534.64000 ,12.01000 ,
535.57333 ,12.01000 ,
536.50667 ,12.01000 ,
537.44000 ,12.01000 ,
538.44000 ,12.01000 ,
539.74000 ,12.01000 ,
541.43000 ,12.01000 ,
543.06667 ,12.01000 ,
544.70333 ,12.01000 ,
546.34000 ,12.01000 ,
547.64000 ,12.01000 ,
548.64000 ,12.01000 ,
549.57333 ,12.01000 ,
550.50667 ,12.01000 ,
551.44000 ,12.01000 ,
552.30000 ,12.01000 ,
553.23333 ,12.01000 ,
554.16667 ,12.01000 ,
555.10000 ,12.01000 ,
556.10000 ,12.01000 ,
557.40000 ,12.01000 ,
559.09000 ,12.01000 ,
560.72667 ,12.01000 ,
562.36333 ,12.01000 ,
564.00000 ,12.01000 ,
565.30000 ,12.01000 ,
566.30000 ,12.01000 ,
567.23333 ,12.01000 ,
568.16667 ,12.01000 ,
569.10000 ,12.01000 ,
569.96000 ,12.01000 ,
570.89333 ,12.01000 ,
571.82667 ,12.01000 ,
572.76000 ,12.01000 ,
573.76000 ,12.01000 ,
575.06000 ,12.01000 ,
576.75000 ,12.01000 ,
578.38667 ,12.01000 ,
580.02333 ,12.01000 ,
581.66000 ,12.01000 ,
582.96000 ,12.01000 ,
583.96000 ,12.01000 ,
584.89333 ,12.01000 ,
585.82667 ,12.01000 ,
586.76000 ,12.01000 ,
587.62000 ,12.01000 ,
588.55333 ,12.01000 ,
589.48667 ,12.01000 ,
590.42000 ,12.01000 ,
591.42000 ,12.01000 ,
592.72000 ,12.01000 ,
594.41000 ,12.01000 ,
596.04667 ,12.01000 ,
597.68333 ,12.01000 ,
599.32000 ,12.01000 ,
600.62000 ,12.01000 ,
601.62000 ,12.01000 ,
602.55333 ,12.01000 ,
603.48667 ,12.01000 ,
604.42000 ,12.01000 ,
605.28000 ,12.01000 ,
606.21333 ,12.01000 ,
607.14667 ,12.01000 ,
608.08000 ,12.01000 ,
609.08000 ,12.01000 ,
610.38000 ,12.01000 ,
612.07000 ,12.01000 ,
613.70667 ,12.01000 ,
615.34333 ,12.01000 ,
616.98000 ,12.01000 ,
618.28000 ,12.01000 ,
619.28000 ,12.01000 ,
620.21333 ,12.01000 ,
621.14667 ,12.01000 ,
622.08000 ,12.01000 ,
622.94000 ,12.01000 ,
623.87333 ,12.01000 ,
624.80667 ,12.01000 ,
625.74000 ,12.01000 ,
626.74000 ,12.01000 ,
628.04000 ,12.01000 ,
629.73000 ,12.01000 ,
631.36667 ,12.01000 ,
633.00333 ,12.01000 ,
634.64000 ,12.01000 ,
635.94000 ,12.01000 ,
636.94000 ,12.01000 ,
637.87333 ,12.01000 ,
638.80667 ,12.01000 ,
639.74000 ,12.01000 ,
640.60000 ,12.01000 ,
641.53333 ,12.01000 ,
642.46667 ,12.01000 ,
643.40000 ,12.01000 ,
644.40000 ,12.01000 ,
645.70000 ,12.01000 ,
647.39000 ,12.01000 ,
649.02667 ,12.01000 ,
650.66333 ,12.01000 ,
652.30000 ,12.01000 ,
653.60000 ,12.01000 ,
654.60000 ,12.01000 ,
655.53333 ,12.01000 ,
656.46667 ,12.01000 ,
657.40000 ,12.01000 ,
658.26000 ,12.01000 ,
659.19333 ,12.01000 ,
660.12667 ,12.01000 ,
661.06000 ,12.01000 ,
662.06000 ,12.01000 ,
663.36000 ,12.01000 ,
665.05000 ,12.01000 ,
667.24700 ,12.01000 ,
670.10310 ,12.01000 ,
673.81603 ,12.01000 ,
678.64284 ,12.01000 ,
685.76189 ,12.01000 ,
692.88095 ,12.01000 ,
700.00000 ,12.01000 ,
470.00000 ,12.50000 ,
474.01000 ,12.50000 ,
475.70000 ,12.50000 ,
477.00000 ,12.50000 ,
478.00000 ,12.50000 ,
478.93333 ,12.50000 ,
479.86667 ,12.50000 ,
480.80000 ,12.50000 ,
481.66000 ,12.50000 ,
482.59333 ,12.50000 ,
483.52667 ,12.50000 ,
484.46000 ,12.50000 ,
485.46000 ,12.50000 ,
486.76000 ,12.50000 ,
488.45000 ,12.50000 ,
490.08667 ,12.50000 ,
491.72333 ,12.50000 ,
493.36000 ,12.50000 ,
494.66000 ,12.50000 ,
495.66000 ,12.50000 ,
496.59333 ,12.50000 ,
497.52667 ,12.50000 ,
498.46000 ,12.50000 ,
499.32000 ,12.50000 ,
500.25333 ,12.50000 ,
501.18667 ,12.50000 ,
502.12000 ,12.50000 ,
503.12000 ,12.50000 ,
504.42000 ,12.50000 ,
506.11000 ,12.50000 ,
507.74667 ,12.50000 ,
509.38333 ,12.50000 ,
511.02000 ,12.50000 ,
512.32000 ,12.50000 ,
513.32000 ,12.50000 ,
514.25333 ,12.50000 ,
515.18667 ,12.50000 ,
516.12000 ,12.50000 ,
516.98000 ,12.50000 ,
517.91333 ,12.50000 ,
518.84667 ,12.50000 ,
519.78000 ,12.50000 ,
520.78000 ,12.50000 ,
522.08000 ,12.50000 ,
523.77000 ,12.50000 ,
525.40667 ,12.50000 ,
527.04333 ,12.50000 ,
528.68000 ,12.50000 ,
529.98000 ,12.50000 ,
530.98000 ,12.50000 ,
531.91333 ,12.50000 ,
532.84667 ,12.50000 ,
533.78000 ,12.50000 ,
534.64000 ,12.50000 ,
535.57333 ,12.50000 ,
536.50667 ,12.50000 ,
537.44000 ,12.50000 ,
538.44000 ,12.50000 ,
539.74000 ,12.50000 ,
541.43000 ,12.50000 ,
543.06667 ,12.50000 ,
544.70333 ,12.50000 ,
546.34000 ,12.50000 ,
547.64000 ,12.50000 ,
548.64000 ,12.50000 ,
549.57333 ,12.50000 ,
550.50667 ,12.50000 ,
551.44000 ,12.50000 ,
552.30000 ,12.50000 ,
553.23333 ,12.50000 ,
554.16667 ,12.50000 ,
555.10000 ,12.50000 ,
556.10000 ,12.50000 ,
557.40000 ,12.50000 ,
559.09000 ,12.50000 ,
560.72667 ,12.50000 ,
562.36333 ,12.50000 ,
564.00000 ,12.50000 ,
565.30000 ,12.50000 ,
566.30000 ,12.50000 ,
567.23333 ,12.50000 ,
568.16667 ,12.50000 ,
569.10000 ,12.50000 ,
569.96000 ,12.50000 ,
570.89333 ,12.50000 ,
571.82667 ,12.50000 ,
572.76000 ,12.50000 ,
573.76000 ,12.50000 ,
575.06000 ,12.50000 ,
576.75000 ,12.50000 ,
578.38667 ,12.50000 ,
580.02333 ,12.50000 ,
581.66000 ,12.50000 ,
582.96000 ,12.50000 ,
583.96000 ,12.50000 ,
584.89333 ,12.50000 ,
585.82667 ,12.50000 ,
586.76000 ,12.50000 ,
587.62000 ,12.50000 ,
588.55333 ,12.50000 ,
589.48667 ,12.50000 ,
590.42000 ,12.50000 ,
591.42000 ,12.50000 ,
592.72000 ,12.50000 ,
594.41000 ,12.50000 ,
596.04667 ,12.50000 ,
597.68333 ,12.50000 ,
599.32000 ,12.50000 ,
600.62000 ,12.50000 ,
601.62000 ,12.50000 ,
602.55333 ,12.50000 ,
603.48667 ,12.50000 ,
604.42000 ,12.50000 ,
605.28000 ,12.50000 ,
606.21333 ,12.50000 ,
607.14667 ,12.50000 ,
608.08000 ,12.50000 ,
609.08000 ,12.50000 ,
610.38000 ,12.50000 ,
612.07000 ,12.50000 ,
613.70667 ,12.50000 ,
615.34333 ,12.50000 ,
616.98000 ,12.50000 ,
618.28000 ,12.50000 ,
619.28000 ,12.50000 ,
620.21333 ,12.50000 ,
621.14667 ,12.50000 ,
622.08000 ,12.50000 ,
622.94000 ,12.50000 ,
623.87333 ,12.50000 ,
624.80667 ,12.50000 ,
625.74000 ,12.50000 ,
626.74000 ,12.50000 ,
628.04000 ,12.50000 ,
629.73000 ,12.50000 ,
631.36667 ,12.50000 ,
633.00333 ,12.50000 ,
634.64000 ,12.50000 ,
635.94000 ,12.50000 ,
636.94000 ,12.50000 ,
637.87333 ,12.50000 ,
638.80667 ,12.50000 ,
639.74000 ,12.50000 ,
640.60000 ,12.50000 ,
641.53333 ,12.50000 ,
642.46667 ,12.50000 ,
643.40000 ,12.50000 ,
644.40000 ,12.50000 ,
645.70000 ,12.50000 ,
647.39000 ,12.50000 ,
649.02667 ,12.50000 ,
650.66333 ,12.50000 ,
652.30000 ,12.50000 ,
653.60000 ,12.50000 ,
654.60000 ,12.50000 ,
655.53333 ,12.50000 ,
656.46667 ,12.50000 ,
657.40000 ,12.50000 ,
658.26000 ,12.50000 ,
659.19333 ,12.50000 ,
660.12667 ,12.50000 ,
661.06000 ,12.50000 ,
662.06000 ,12.50000 ,
663.36000 ,12.50000 ,
665.05000 ,12.50000 ,
667.24700 ,12.50000 ,
670.10310 ,12.50000 ,
673.81603 ,12.50000 ,
678.64284 ,12.50000 ,
685.76189 ,12.50000 ,
692.88095 ,12.50000 ,
700.00000 ,12.50000 ,
1,660,coil
661,2223,air
