triangle
//Number_of_Node
1378
//Number_of_Element
2540
//Number_of_Region
7
//Factor
1.0
4,7,5,
8,7,10,
10,22,21,
5,7,8,
21,17,16,
17,21,22,
20,21,16,
10,21,11,
13,263,264,
14,18,15,
264,14,13,
265,14,264,
20,16,15,
18,14,265,
6,5,9,
9,5,8,
11,21,24,
11,8,10,
20,15,19,
12,9,8,
24,21,20,
19,27,20,
12,8,11,
25,11,24,
25,24,27,
12,11,25,
27,30,31,
27,24,20,
31,30,268,
25,27,28,
19,30,27,
31,32,27,
19,18,30,
265,266,18,
19,15,18,
267,18,266,
268,30,267,
269,31,268,
30,18,267,
32,31,269,
260,299,298,
298,297,259,
300,261,262,
299,261,300,
262,301,300,
301,262,302,
297,296,258,
25,26,12,
25,28,26,
28,32,33,
32,28,27,
36,33,32,
28,33,34,
29,26,28,
270,36,32,
270,317,36,
318,361,317,
270,32,269,
29,34,35,
29,28,34,
317,361,36,
34,33,36,
39,361,360,
34,36,37,
320,361,318,
39,36,361,
35,37,38,
35,34,37,
38,37,40,
38,40,41,
37,36,40,
43,40,39,
41,40,44,
39,40,36,
360,361,320,
42,360,359,
308,360,320,
359,360,308,
42,43,39,
359,310,358,
310,359,308,
313,358,310,
42,359,45,
45,359,358,
47,44,46,
44,40,43,
46,44,43,
50,46,49,
46,43,42,
357,45,358,
46,50,47,
42,45,46,
46,45,48,
39,360,42,
46,48,49,
357,313,316,
45,357,48,
358,313,357,
69,48,68,
316,356,357,
49,48,70,
356,304,66,
48,357,68,
356,321,304,
356,68,357,
69,70,48,
303,302,64,
113,114,70,
71,70,114,
49,70,71,
112,113,70,
303,65,304,
316,321,356,
70,69,112,
72,118,73,
118,72,117,
116,72,71,
116,117,72,
50,72,73,
119,73,118,
72,49,71,
115,116,71,
115,71,114,
72,50,49,
302,262,62,
259,260,298,
259,258,52,
259,52,53,
52,258,51,
77,53,52,
79,54,53,
259,53,54,
261,260,57,
261,299,260,
57,260,56,
58,261,57,
260,55,56,
55,260,54,
82,55,81,
56,55,83,
260,259,54,
57,56,85,
55,54,81,
297,258,259,
85,56,84,
84,56,83,
57,85,86,
87,57,86,
57,87,58,
83,55,82,
52,51,75,
59,58,89,
60,262,59,
89,90,59,
59,90,91,
58,88,89,
60,91,92,
91,60,59,
93,60,92,
59,261,58,
58,87,88,
60,61,262,
76,52,75,
52,76,77,
78,79,53,
53,77,78,
80,54,79,
81,54,80,
75,51,74,
105,66,104,
67,356,66,
105,106,66,
66,65,104,
66,106,67,
67,107,108,
67,106,107,
67,108,68,
65,303,64,
65,103,104,
64,102,65,
64,302,63,
100,64,63,
65,102,103,
67,68,356,
69,111,112,
111,69,110,
68,109,110,
68,110,69,
68,108,109,
304,65,66,
62,95,96,
95,62,61,
94,95,61,
61,93,94,
62,97,98,
62,96,97,
98,99,63,
63,302,62,
61,60,93,
101,64,100,
64,101,102,
100,63,99,
63,62,98,
61,62,262,
261,59,262,
363,7,4,
10,7,365,
375,22,10,
365,7,363,
371,17,375,
22,375,17,
371,375,374,
367,375,10,
609,263,13,
370,372,369,
13,369,609,
609,369,610,
370,371,374,
610,369,372,
366,363,364,
365,363,366,
376,375,367,
10,365,367,
373,370,374,
365,366,368,
374,375,376,
374,379,373,
367,365,368,
376,367,377,
379,376,377,
377,367,368,
383,382,379,
374,376,379,
613,382,383,
380,379,377,
379,382,373,
379,384,383,
382,372,373,
372,611,610,
372,370,373,
611,372,612,
612,382,613,
613,383,614,
612,372,382,
614,383,384,
638,639,606,
605,637,638,
608,607,640,
640,607,639,
640,641,608,
642,608,641,
258,296,637,
368,378,377,
378,380,377,
385,384,380,
379,380,384,
384,385,388,
386,385,380,
380,378,381,
384,388,615,
388,657,615,
657,698,658,
614,384,615,
387,386,381,
386,380,381,
388,698,657,
388,385,386,
697,698,391,
389,388,386,
658,698,660,
698,388,391,
390,389,387,
389,386,387,
392,389,390,
393,392,390,
392,388,389,
391,392,395,
396,392,393,
388,392,391,
660,698,697,
696,697,394,
660,697,648,
648,697,696,
391,395,394,
695,650,696,
648,696,650,
650,695,653,
397,696,394,
695,696,397,
398,396,399,
395,392,396,
395,396,398,
401,398,402,
394,395,398,
695,397,694,
399,402,398,
398,397,394,
400,397,398,
394,697,391,
401,400,398,
656,653,694,
400,694,397,
694,653,695,
419,400,420,
694,693,656,
421,400,401,
417,644,693,
419,694,400,
644,661,693,
694,419,693,
400,421,420,
415,642,643,
421,464,463,
464,421,422,
422,421,401,
421,463,462,
644,416,643,
693,661,656,
462,420,421,
424,468,423,
467,423,468,
422,423,466,
423,467,466,
424,423,402,
468,424,469,
422,401,423,
422,466,465,
464,422,465,
401,402,423,
413,608,642,
638,606,605,
403,258,605,
404,403,605,
51,258,403,
403,404,427,
404,405,429,
405,404,605,
408,606,607,
606,639,607,
407,606,408,
408,607,409,
407,406,606,
405,606,406,
431,406,432,
433,406,407,
405,605,606,
435,407,408,
431,405,406,
605,258,637,
434,407,435,
433,407,434,
436,435,408,
436,408,437,
409,437,408,
432,406,433,
425,51,403,
439,409,410,
410,608,411,
410,440,439,
441,440,410,
439,438,409,
442,441,411,
410,411,441,
442,411,443,
409,607,410,
438,437,409,
608,412,411,
425,403,426,
427,426,403,
404,429,428,
428,427,404,
429,405,430,
430,405,431,
74,51,425,
454,417,455,
417,693,418,
417,456,455,
454,416,417,
418,456,417,
458,457,418,
457,456,418,
419,458,418,
415,643,416,
454,453,416,
416,452,415,
414,642,415,
414,415,450,
453,452,416,
693,419,418,
462,461,420,
460,420,461,
460,459,419,
420,460,419,
459,458,419,
417,416,644,
446,445,413,
412,413,445,
412,445,444,
444,443,412,
448,447,413,
447,446,413,
414,449,448,
413,642,414,
443,411,412,
450,415,451,
452,451,415,
449,414,450,
448,413,414,
608,413,412,
608,410,607,
701,704,702,
705,704,707,
707,719,718,
702,704,705,
718,714,713,
714,718,719,
717,718,713,
707,718,708,
710,960,961,
711,715,712,
961,711,710,
962,711,961,
717,713,712,
715,711,962,
703,702,706,
706,702,705,
708,718,721,
708,705,707,
717,712,716,
709,706,705,
721,718,717,
716,724,717,
709,705,708,
722,708,721,
722,721,724,
709,708,722,
724,727,728,
724,721,717,
728,727,965,
722,724,725,
716,727,724,
728,729,724,
716,715,727,
962,963,715,
716,712,715,
964,715,963,
965,727,964,
966,728,965,
727,715,964,
729,728,966,
957,996,995,
995,994,956,
997,958,959,
996,958,997,
959,998,997,
998,959,999,
994,993,955,
722,723,709,
722,725,723,
725,729,730,
729,725,724,
733,730,729,
725,730,731,
726,723,725,
967,733,729,
967,1014,733,
1015,1058,1014,
967,729,966,
726,731,732,
726,725,731,
1014,1058,733,
731,730,733,
736,1058,1057,
731,733,734,
1017,1058,1015,
736,733,1058,
732,734,735,
732,731,734,
735,734,737,
735,737,738,
734,733,737,
740,737,736,
738,737,741,
736,737,733,
1057,1058,1017,
739,1057,1056,
1005,1057,1017,
1056,1057,1005,
739,740,736,
1056,1007,1055,
1007,1056,1005,
1010,1055,1007,
739,1056,742,
742,1056,1055,
744,741,743,
741,737,740,
743,741,740,
747,743,746,
743,740,739,
1054,742,1055,
743,747,744,
739,742,743,
743,742,745,
736,1057,739,
743,745,746,
1054,1010,1013,
742,1054,745,
1055,1010,1054,
766,745,765,
1013,1053,1054,
746,745,767,
1053,1001,763,
745,1054,765,
1053,1018,1001,
1053,765,1054,
766,767,745,
1000,999,761,
810,811,767,
768,767,811,
746,767,768,
809,810,767,
1000,762,1001,
1013,1018,1053,
767,766,809,
769,815,770,
815,769,814,
813,769,768,
813,814,769,
747,769,770,
816,770,815,
769,746,768,
812,813,768,
812,768,811,
769,747,746,
999,959,759,
956,957,995,
956,955,749,
956,749,750,
749,955,748,
774,750,749,
776,751,750,
956,750,751,
958,957,754,
958,996,957,
754,957,753,
755,958,754,
957,752,753,
752,957,751,
779,752,778,
753,752,780,
957,956,751,
754,753,782,
752,751,778,
994,955,956,
782,753,781,
781,753,780,
754,782,783,
784,754,783,
754,784,755,
780,752,779,
749,748,772,
756,755,786,
757,959,756,
786,787,756,
756,787,788,
755,785,786,
757,788,789,
788,757,756,
790,757,789,
756,958,755,
755,784,785,
757,758,959,
773,749,772,
749,773,774,
775,776,750,
750,774,775,
777,751,776,
778,751,777,
772,748,771,
802,763,801,
764,1053,763,
802,803,763,
763,762,801,
763,803,764,
764,804,805,
764,803,804,
764,805,765,
762,1000,761,
762,800,801,
761,799,762,
761,999,760,
797,761,760,
762,799,800,
764,765,1053,
766,808,809,
808,766,807,
765,806,807,
765,807,766,
765,805,806,
1001,762,763,
759,792,793,
792,759,758,
791,792,758,
758,790,791,
759,794,795,
759,793,794,
795,796,760,
760,999,759,
758,757,790,
798,761,797,
761,798,799,
797,760,796,
760,759,795,
758,759,959,
958,756,959,
1059,704,701,
707,704,1060,
1068,719,707,
1060,704,1059,
1064,714,1068,
719,1068,714,
1064,1068,1067,
1061,1068,707,
1289,960,710,
1063,1065,1062,
710,1062,1289,
1289,1062,1290,
1063,1064,1067,
1290,1062,1065,
9,1059,6,
1060,1059,9,
1069,1068,1061,
707,1060,1061,
1066,1063,1067,
1060,9,12,
1067,1068,1069,
1067,1071,1066,
1061,1060,12,
1069,1061,1070,
1071,1069,1070,
1070,1061,12,
1074,1073,1071,
1067,1069,1071,
1293,1073,1074,
1072,1071,1070,
1071,1073,1066,
1071,1075,1074,
1073,1065,1066,
1065,1291,1290,
1065,1063,1066,
1291,1065,1292,
1292,1073,1293,
1293,1074,1294,
1292,1065,1073,
1294,1074,1075,
1318,1319,1286,
1285,1317,1318,
1288,1287,1320,
1320,1287,1319,
1320,1321,1288,
1322,1288,1321,
955,993,1317,
12,26,1070,
26,1072,1070,
1076,1075,1072,
1071,1072,1075,
1075,1076,1078,
1077,1076,1072,
1072,26,29,
1075,1078,1295,
1078,1337,1295,
1337,1378,1338,
1294,1075,1295,
35,1077,29,
1077,1072,29,
1078,1378,1337,
1078,1076,1077,
1377,1378,1080,
1079,1078,1077,
1338,1378,1340,
1378,1078,1080,
38,1079,35,
1079,1077,35,
1081,1079,38,
41,1081,38,
1081,1078,1079,
1080,1081,1083,
44,1081,41,
1078,1081,1080,
1340,1378,1377,
1376,1377,1082,
1340,1377,1328,
1328,1377,1376,
1080,1083,1082,
1375,1330,1376,
1328,1376,1330,
1330,1375,1333,
1084,1376,1082,
1375,1376,1084,
1085,44,47,
1083,1081,44,
1083,44,1085,
1087,1085,50,
1082,1083,1085,
1375,1084,1374,
47,50,1085,
1085,1084,1082,
1086,1084,1085,
1082,1377,1080,
1087,1086,1085,
1336,1333,1374,
1086,1374,1084,
1374,1333,1375,
1104,1086,1105,
1374,1373,1336,
1106,1086,1087,
1102,1324,1373,
1104,1374,1086,
1324,1341,1373,
1374,1104,1373,
1086,1106,1105,
1100,1322,1323,
1106,1148,1147,
1148,1106,1107,
1107,1106,1087,
1106,1147,1146,
1324,1101,1323,
1373,1341,1336,
1146,1105,1106,
73,1152,1108,
1151,1108,1152,
1107,1108,1150,
1108,1151,1150,
73,1108,50,
1152,73,119,
1107,1087,1108,
1107,1150,1149,
1148,1107,1149,
1087,50,1108,
1098,1288,1322,
1318,1286,1285,
1088,955,1285,
1089,1088,1285,
748,955,1088,
1088,1089,1111,
1089,1090,1113,
1090,1089,1285,
1093,1286,1287,
1286,1319,1287,
1092,1286,1093,
1093,1287,1094,
1092,1091,1286,
1090,1286,1091,
1115,1091,1116,
1117,1091,1092,
1090,1285,1286,
1119,1092,1093,
1115,1090,1091,
1285,955,1317,
1118,1092,1119,
1117,1092,1118,
1120,1119,1093,
1120,1093,1121,
1094,1121,1093,
1116,1091,1117,
1109,748,1088,
1123,1094,1095,
1095,1288,1096,
1095,1124,1123,
1125,1124,1095,
1123,1122,1094,
1126,1125,1096,
1095,1096,1125,
1126,1096,1127,
1094,1287,1095,
1122,1121,1094,
1288,1097,1096,
1109,1088,1110,
1111,1110,1088,
1089,1113,1112,
1112,1111,1089,
1113,1090,1114,
1114,1090,1115,
771,748,1109,
1138,1102,1139,
1102,1373,1103,
1102,1140,1139,
1138,1101,1102,
1103,1140,1102,
1142,1141,1103,
1141,1140,1103,
1104,1142,1103,
1100,1323,1101,
1138,1137,1101,
1101,1136,1100,
1099,1322,1100,
1099,1100,1134,
1137,1136,1101,
1373,1104,1103,
1146,1145,1105,
1144,1105,1145,
1144,1143,1104,
1105,1144,1104,
1143,1142,1104,
1102,1101,1324,
1130,1129,1098,
1097,1098,1129,
1097,1129,1128,
1128,1127,1097,
1132,1131,1098,
1131,1130,1098,
1099,1133,1132,
1098,1322,1099,
1127,1096,1097,
1134,1100,1135,
1136,1135,1100,
1133,1099,1134,
1132,1098,1099,
1288,1098,1097,
1288,1095,1287,
280,327,322,
323,281,329,
322,328,281,
329,281,328,
328,327,335,
335,344,336,
336,344,345,
335,336,328,
328,336,337,
329,337,330,
329,328,337,
330,337,338,
330,324,323,
337,346,338,
346,337,345,
346,345,352,
338,346,347,
336,345,337,
330,338,339,
344,283,345,
330,323,329,
284,346,352,
347,284,353,
346,284,347,
347,353,354,
352,345,283,
338,347,348,
325,324,331,
325,331,332,
331,330,339,
339,338,348,
340,331,339,
330,331,324,
349,339,348,
326,332,333,
332,326,325,
333,332,340,
326,333,334,
340,349,341,
349,340,339,
341,349,350,
340,341,333,
332,331,340,
333,341,342,
348,354,349,
355,349,354,
350,355,285,
350,349,355,
350,285,286,
348,347,354,
341,350,351,
328,322,327,
326,334,282,
319,334,306,
334,319,282,
343,306,342,
342,306,334,
351,342,341,
311,342,351,
334,333,342,
343,342,311,
351,286,311,
311,286,314,
351,350,286,
662,327,280,
668,624,663,
624,667,662,
667,624,668,
335,327,667,
674,344,335,
682,344,674,
667,674,335,
675,674,667,
669,675,668,
675,667,668,
676,675,669,
663,664,669,
676,683,675,
682,675,683,
689,682,683,
684,683,676,
675,682,674,
677,676,669,
682,283,344,
668,663,669,
689,683,626,
690,626,684,
684,626,683,
691,690,684,
283,682,689,
685,684,676,
670,664,665,
671,670,665,
677,669,670,
685,676,677,
677,670,678,
664,670,669,
685,677,686,
672,671,666,
665,666,671,
678,671,672,
673,672,666,
679,686,678,
677,678,686,
687,686,679,
672,679,678,
678,670,671,
680,679,672,
686,691,685,
691,686,692,
627,692,687,
692,686,687,
628,627,687,
691,684,685,
688,687,679,
327,662,667,
625,673,666,
646,673,659,
625,659,673,
680,646,681,
673,646,680,
679,680,688,
688,680,651,
680,672,673,
651,680,681,
651,628,688,
654,628,651,
628,687,688,
977,1024,1019,
1020,978,1026,
1019,1025,978,
1026,978,1025,
1025,1024,1032,
1032,1041,1033,
1033,1041,1042,
1032,1033,1025,
1025,1033,1034,
1026,1034,1027,
1026,1025,1034,
1027,1034,1035,
1027,1021,1020,
1034,1043,1035,
1043,1034,1042,
1043,1042,1049,
1035,1043,1044,
1033,1042,1034,
1027,1035,1036,
1041,980,1042,
1027,1020,1026,
981,1043,1049,
1044,981,1050,
1043,981,1044,
1044,1050,1051,
1049,1042,980,
1035,1044,1045,
1022,1021,1028,
1022,1028,1029,
1028,1027,1036,
1036,1035,1045,
1037,1028,1036,
1027,1028,1021,
1046,1036,1045,
1023,1029,1030,
1029,1023,1022,
1030,1029,1037,
1023,1030,1031,
1037,1046,1038,
1046,1037,1036,
1038,1046,1047,
1037,1038,1030,
1029,1028,1037,
1030,1038,1039,
1045,1051,1046,
1052,1046,1051,
1047,1052,982,
1047,1046,1052,
1047,982,983,
1045,1044,1051,
1038,1047,1048,
1025,1019,1024,
1023,1031,979,
1016,1031,1003,
1031,1016,979,
1040,1003,1039,
1039,1003,1031,
1048,1039,1038,
1008,1039,1048,
1031,1030,1039,
1040,1039,1008,
1048,983,1008,
1008,983,1011,
1048,1047,983,
1342,1024,977,
1348,1304,1343,
1304,1347,1342,
1347,1304,1348,
1032,1024,1347,
1354,1041,1032,
1362,1041,1354,
1347,1354,1032,
1355,1354,1347,
1349,1355,1348,
1355,1347,1348,
1356,1355,1349,
1343,1344,1349,
1356,1363,1355,
1362,1355,1363,
1369,1362,1363,
1364,1363,1356,
1355,1362,1354,
1357,1356,1349,
1362,980,1041,
1348,1343,1349,
1369,1363,1306,
1370,1306,1364,
1364,1306,1363,
1371,1370,1364,
980,1362,1369,
1365,1364,1356,
1350,1344,1345,
1351,1350,1345,
1357,1349,1350,
1365,1356,1357,
1357,1350,1358,
1344,1350,1349,
1365,1357,1366,
1352,1351,1346,
1345,1346,1351,
1358,1351,1352,
1353,1352,1346,
1359,1366,1358,
1357,1358,1366,
1367,1366,1359,
1352,1359,1358,
1358,1350,1351,
1360,1359,1352,
1366,1371,1365,
1371,1366,1372,
1307,1372,1367,
1372,1366,1367,
1308,1307,1367,
1371,1364,1365,
1368,1367,1359,
1024,1342,1347,
1305,1353,1346,
1326,1353,1339,
1305,1339,1353,
1360,1326,1361,
1353,1326,1360,
1359,1360,1368,
1368,1360,1331,
1360,1352,1353,
1331,1360,1361,
1331,1308,1368,
1334,1308,1331,
1308,1367,1368,
1,2,3,
2,4,5,
2,5,3,
6,3,5,
362,2,1,
363,4,2,
362,363,2,
363,362,364,
1,699,700,
699,701,702,
699,702,700,
703,700,702,
3,699,1,
1059,701,699,
3,1059,699,
1059,3,6,
16,17,23,
23,13,14,
14,15,23,
23,15,16,
23,17,371,
369,13,23,
23,370,369,
371,370,23,
713,714,720,
720,710,711,
711,712,720,
720,712,713,
720,714,1064,
1062,710,720,
720,1063,1062,
1064,1063,720,
263,271,272,
271,280,322,
273,265,272,
272,265,264,
322,272,271,
281,272,322,
264,263,272,
266,273,274,
274,281,323,
281,274,273,
275,266,274,
273,272,281,
275,274,323,
268,267,275,
269,268,276,
275,276,268,
324,276,275,
325,277,276,
276,277,269,
267,266,275,
269,277,278,
324,275,323,
266,265,273,
352,283,287,
287,296,288,
288,296,297,
287,288,352,
352,288,289,
353,284,289,
289,297,298,
289,284,352,
353,289,290,
297,289,288,
299,289,298,
324,325,276,
325,326,277,
354,290,291,
291,290,299,
292,354,291,
291,300,301,
299,300,291,
290,289,299,
285,355,292,
292,301,293,
301,292,291,
302,293,301,
292,293,285,
355,354,292,
285,293,294,
353,290,354,
277,326,282,
269,278,270,
278,277,282,
270,278,279,
317,279,318,
317,270,279,
279,282,319,
318,279,305,
279,278,282,
319,306,307,
319,307,305,
307,306,343,
307,343,309,
318,305,320,
309,311,312,
311,309,343,
312,311,314,
310,307,309,
308,305,307,
319,305,279,
310,309,312,
308,307,310,
320,305,308,
312,313,310,
315,312,314,
314,286,294,
295,294,303,
294,286,285,
303,294,302,
294,295,314,
314,295,315,
316,313,315,
321,316,315,
312,315,313,
321,315,295,
303,304,295,
304,321,295,
294,293,302,
616,271,263,
662,280,271,
616,610,617,
609,610,616,
271,616,662,
662,616,624,
616,263,609,
618,617,611,
663,624,618,
617,618,624,
618,611,619,
624,616,617,
663,618,619,
619,612,613,
620,613,614,
613,620,619,
619,620,664,
620,621,665,
614,621,620,
619,611,612,
622,621,614,
663,619,664,
617,610,611,
287,283,689,
629,296,287,
637,296,629,
689,629,287,
630,629,689,
630,626,690,
638,637,630,
689,626,630,
631,630,690,
629,630,637,
638,630,639,
620,665,664,
621,666,665,
632,631,691,
639,631,632,
632,691,633,
641,640,632,
632,640,639,
639,630,631,
633,692,627,
634,641,633,
632,633,641,
641,634,642,
627,634,633,
633,691,692,
635,634,627,
691,631,690,
625,666,621,
615,622,614,
625,621,622,
623,622,615,
658,623,657,
623,615,657,
659,625,623,
645,623,658,
625,622,623,
647,646,659,
645,647,659,
681,646,647,
649,681,647,
660,645,658,
652,651,649,
681,649,651,
654,651,652,
649,647,650,
647,645,648,
623,645,659,
652,649,650,
650,647,648,
648,645,660,
650,653,652,
654,652,655,
635,628,654,
643,635,636,
627,628,635,
642,635,643,
654,636,635,
655,636,654,
655,653,656,
655,656,661,
653,655,652,
636,655,661,
636,644,643,
636,661,644,
642,634,635,
960,968,969,
968,977,1019,
970,962,969,
969,962,961,
1019,969,968,
978,969,1019,
961,960,969,
963,970,971,
971,978,1020,
978,971,970,
972,963,971,
970,969,978,
972,971,1020,
965,964,972,
966,965,973,
972,973,965,
1021,973,972,
1022,974,973,
973,974,966,
964,963,972,
966,974,975,
1021,972,1020,
963,962,970,
1049,980,984,
984,993,985,
985,993,994,
984,985,1049,
1049,985,986,
1050,981,986,
986,994,995,
986,981,1049,
1050,986,987,
994,986,985,
996,986,995,
1021,1022,973,
1022,1023,974,
1051,987,988,
988,987,996,
989,1051,988,
988,997,998,
996,997,988,
987,986,996,
982,1052,989,
989,998,990,
998,989,988,
999,990,998,
989,990,982,
1052,1051,989,
982,990,991,
1050,987,1051,
974,1023,979,
966,975,967,
975,974,979,
967,975,976,
1014,976,1015,
1014,967,976,
976,979,1016,
1015,976,1002,
976,975,979,
1016,1003,1004,
1016,1004,1002,
1004,1003,1040,
1004,1040,1006,
1015,1002,1017,
1006,1008,1009,
1008,1006,1040,
1009,1008,1011,
1007,1004,1006,
1005,1002,1004,
1016,1002,976,
1007,1006,1009,
1005,1004,1007,
1017,1002,1005,
1009,1010,1007,
1012,1009,1011,
1011,983,991,
992,991,1000,
991,983,982,
1000,991,999,
991,992,1011,
1011,992,1012,
1013,1010,1012,
1018,1013,1012,
1009,1012,1010,
1018,1012,992,
1000,1001,992,
1001,1018,992,
991,990,999,
1296,968,960,
1342,977,968,
1296,1290,1297,
1289,1290,1296,
968,1296,1342,
1342,1296,1304,
1296,960,1289,
1298,1297,1291,
1343,1304,1298,
1297,1298,1304,
1298,1291,1299,
1304,1296,1297,
1343,1298,1299,
1299,1292,1293,
1300,1293,1294,
1293,1300,1299,
1299,1300,1344,
1300,1301,1345,
1294,1301,1300,
1299,1291,1292,
1302,1301,1294,
1343,1299,1344,
1297,1290,1291,
984,980,1369,
1309,993,984,
1317,993,1309,
1369,1309,984,
1310,1309,1369,
1310,1306,1370,
1318,1317,1310,
1369,1306,1310,
1311,1310,1370,
1309,1310,1317,
1318,1310,1319,
1300,1345,1344,
1301,1346,1345,
1312,1311,1371,
1319,1311,1312,
1312,1371,1313,
1321,1320,1312,
1312,1320,1319,
1319,1310,1311,
1313,1372,1307,
1314,1321,1313,
1312,1313,1321,
1321,1314,1322,
1307,1314,1313,
1313,1371,1372,
1315,1314,1307,
1371,1311,1370,
1305,1346,1301,
1295,1302,1294,
1305,1301,1302,
1303,1302,1295,
1338,1303,1337,
1303,1295,1337,
1339,1305,1303,
1325,1303,1338,
1305,1302,1303,
1327,1326,1339,
1325,1327,1339,
1361,1326,1327,
1329,1361,1327,
1340,1325,1338,
1332,1331,1329,
1361,1329,1331,
1334,1331,1332,
1329,1327,1330,
1327,1325,1328,
1303,1325,1339,
1332,1329,1330,
1330,1327,1328,
1328,1325,1340,
1330,1333,1332,
1334,1332,1335,
1315,1308,1334,
1323,1315,1316,
1307,1308,1315,
1322,1315,1323,
1334,1316,1315,
1335,1316,1334,
1335,1333,1336,
1335,1336,1341,
1333,1335,1332,
1316,1335,1341,
1316,1324,1323,
1316,1341,1324,
1322,1314,1315,
114,159,160,
160,205,206,
205,160,159,
159,114,113,
113,158,159,
115,114,160,
207,160,206,
117,164,118,
210,164,163,
118,164,165,
118,165,119,
257,211,256,
211,165,164,
256,211,210,
211,164,210,
164,117,163,
162,116,161,
161,116,115,
162,163,117,
208,161,207,
160,161,115,
161,208,162,
207,161,160,
254,207,253,
209,256,210,
209,163,208,
256,209,255,
209,210,163,
255,208,254,
208,255,209,
254,208,207,
163,162,208,
162,117,116,
206,253,207,
206,252,253,
85,84,130,
130,83,129,
129,83,82,
83,130,84,
85,130,131,
133,87,132,
132,87,86,
134,87,133,
178,133,132,
131,132,86,
131,177,132,
133,178,179,
86,85,131,
179,225,226,
134,133,179,
136,90,135,
135,90,89,
91,90,136,
92,91,137,
138,137,184,
137,138,92,
183,184,137,
93,92,138,
91,136,137,
184,185,138,
137,136,182,
134,135,89,
134,88,87,
135,134,181,
136,135,181,
181,180,226,
180,181,134,
180,134,179,
181,226,227,
179,226,180,
181,182,136,
184,229,230,
183,137,182,
228,183,182,
229,184,183,
183,228,229,
228,182,227,
182,181,227,
89,88,134,
185,184,230,
176,131,130,
76,75,121,
121,122,76,
120,75,74,
122,121,168,
120,121,75,
76,122,77,
78,77,123,
79,78,124,
79,124,125,
124,78,123,
124,123,169,
171,125,124,
77,122,123,
79,125,80,
122,168,123,
167,168,121,
121,166,167,
166,212,213,
166,213,167,
167,213,214,
169,170,124,
123,168,169,
169,168,215,
170,169,216,
169,215,216,
215,168,214,
168,167,214,
171,124,170,
166,121,120,
171,170,216,
81,80,127,
81,127,128,
127,80,126,
173,128,127,
174,129,128,
125,126,80,
128,129,82,
225,178,224,
175,130,129,
178,132,177,
178,225,179,
224,177,223,
177,131,176,
176,222,177,
177,224,178,
130,175,176,
172,127,126,
82,81,128,
127,172,173,
128,173,174,
172,171,217,
173,172,218,
173,218,219,
218,172,217,
171,216,217,
173,219,174,
177,222,223,
175,129,174,
221,175,174,
222,176,175,
175,221,222,
221,174,220,
174,219,220,
125,172,126,
171,172,125,
106,105,152,
152,198,153,
106,152,153,
108,107,153,
200,153,199,
107,106,153,
199,153,198,
153,154,108,
199,244,245,
246,199,245,
152,105,151,
104,151,105,
104,103,150,
149,150,103,
196,150,149,
104,150,151,
244,198,243,
152,151,197,
198,152,197,
198,244,199,
243,197,242,
197,151,150,
242,197,196,
197,243,198,
150,196,197,
113,112,158,
111,110,157,
203,204,157,
111,157,112,
112,157,158,
205,252,206,
158,204,159,
159,204,205,
252,205,251,
251,204,250,
204,251,205,
249,250,204,
158,157,204,
157,110,156,
155,154,201,
154,155,109,
155,201,202,
155,156,110,
153,200,154,
200,199,246,
201,200,247,
154,200,201,
247,200,246,
249,203,248,
203,157,156,
202,203,156,
203,249,204,
202,247,248,
202,156,155,
202,248,203,
201,247,202,
110,109,155,
108,154,109,
95,94,141,
141,94,140,
96,95,142,
142,95,141,
98,97,143,
189,143,188,
142,143,97,
142,188,143,
98,143,144,
96,142,97,
189,190,143,
142,141,187,
93,139,140,
139,93,138,
140,139,185,
141,140,186,
186,185,231,
185,186,140,
231,185,230,
186,231,232,
139,138,185,
186,187,141,
235,188,234,
188,142,187,
234,188,187,
188,235,189,
187,233,234,
187,186,233,
186,232,233,
140,94,93,
236,189,235,
102,148,149,
148,102,101,
147,101,146,
193,194,147,
101,147,148,
148,147,194,
241,196,195,
149,148,195,
196,241,242,
195,196,149,
195,240,241,
240,195,194,
239,240,194,
148,194,195,
146,101,100,
149,103,102,
145,144,191,
144,145,99,
145,191,192,
145,146,100,
191,190,237,
190,144,143,
236,190,189,
190,191,144,
99,98,144,
237,190,236,
239,193,238,
193,147,146,
192,193,146,
193,239,194,
191,238,192,
192,146,145,
192,238,193,
237,238,191,
100,99,145,
509,508,464,
554,553,509,
508,509,553,
463,464,508,
508,507,463,
509,464,465,
554,509,555,
468,513,467,
512,513,558,
514,513,468,
469,514,468,
603,559,604,
513,514,559,
558,559,603,
558,513,559,
512,467,513,
510,466,511,
465,466,510,
467,512,511,
555,510,556,
465,510,509,
511,556,510,
509,510,555,
600,555,601,
558,603,557,
556,512,557,
602,557,603,
512,558,557,
601,556,602,
557,602,556,
555,556,601,
556,511,512,
466,467,511,
555,600,554,
600,599,554,
479,434,435,
478,433,479,
432,433,478,
434,479,433,
480,479,435,
481,437,482,
436,437,481,
482,437,483,
481,482,526,
436,481,480,
481,525,480,
527,526,482,
480,435,436,
573,572,527,
527,482,483,
484,440,485,
439,440,484,
485,440,441,
486,441,442,
532,486,487,
442,487,486,
486,532,531,
487,442,443,
486,485,441,
487,533,532,
530,485,486,
439,484,483,
437,438,483,
529,483,484,
529,484,485,
573,528,529,
483,529,528,
527,483,528,
574,573,529,
528,573,527,
485,530,529,
577,576,532,
530,486,531,
530,531,575,
531,532,576,
576,575,531,
574,530,575,
574,529,530,
483,438,439,
577,532,533,
479,480,524,
470,425,426,
426,471,470,
74,425,120,
516,470,471,
425,470,120,
427,471,426,
472,427,428,
473,428,429,
474,473,429,
472,428,473,
517,472,473,
473,474,519,
472,471,427,
430,474,429,
472,516,471,
470,516,515,
515,166,470,
560,212,166,
515,560,166,
561,560,515,
473,518,517,
517,516,472,
562,516,517,
563,517,518,
563,562,517,
561,516,562,
561,515,516,
518,473,519,
120,470,166,
563,518,519,
476,430,431,
477,476,431,
475,430,476,
476,477,521,
477,478,522,
430,475,474,
432,478,477,
571,526,572,
478,479,523,
525,481,526,
527,572,526,
570,525,571,
524,480,525,
525,569,524,
526,571,525,
524,523,479,
475,476,520,
477,431,432,
521,520,476,
522,521,477,
564,519,520,
565,520,521,
566,565,521,
564,520,565,
564,563,519,
522,566,521,
570,569,525,
522,478,523,
522,523,568,
523,524,569,
569,568,523,
567,522,568,
567,566,522,
475,520,474,
474,520,519,
501,455,456,
502,546,501,
502,501,456,
502,457,458,
547,502,548,
502,456,457,
546,502,547,
458,503,502,
592,591,547,
592,547,593,
500,455,501,
455,500,454,
499,453,454,
453,499,498,
498,499,544,
500,499,454,
590,546,591,
545,500,501,
545,501,546,
547,591,546,
589,545,590,
499,500,545,
544,545,589,
546,590,545,
545,544,499,
507,462,463,
506,460,461,
506,552,551,
462,506,461,
507,506,462,
554,599,553,
508,552,507,
553,552,508,
598,553,599,
597,552,598,
553,598,552,
552,597,596,
552,506,507,
505,460,506,
549,503,504,
459,504,503,
550,549,504,
460,505,504,
503,548,502,
593,547,548,
594,548,549,
549,548,503,
593,548,594,
595,551,596,
505,506,551,
505,551,550,
552,596,551,
595,594,550,
504,505,550,
551,595,550,
550,594,549,
504,459,460,
459,503,458,
490,444,445,
489,444,490,
491,445,446,
490,445,491,
492,447,448,
536,492,537,
447,492,491,
492,536,491,
493,492,448,
447,491,446,
492,538,537,
535,490,491,
489,488,443,
487,443,488,
533,488,489,
534,489,490,
578,533,534,
489,534,533,
577,533,578,
579,578,534,
533,487,488,
490,535,534,
581,536,582,
535,491,536,
535,536,581,
537,582,536,
581,580,535,
580,534,535,
580,579,534,
443,444,489,
582,537,583,
498,497,452,
451,452,497,
495,451,496,
496,542,541,
497,496,451,
542,496,497,
543,544,588,
543,497,498,
589,588,544,
498,544,543,
588,587,543,
542,543,587,
542,587,586,
543,542,497,
450,451,495,
452,453,498,
539,493,494,
449,494,493,
540,539,494,
450,495,494,
584,538,539,
492,493,538,
537,538,583,
493,539,538,
493,448,449,
583,538,584,
585,541,586,
495,496,541,
495,541,540,
542,586,541,
540,585,539,
494,495,540,
541,585,540,
539,585,584,
494,449,450,
811,856,857,
857,902,903,
902,857,856,
856,811,810,
810,855,856,
812,811,857,
904,857,903,
814,861,815,
907,861,860,
815,861,862,
815,862,816,
954,908,953,
908,862,861,
953,908,907,
908,861,907,
861,814,860,
859,813,858,
858,813,812,
859,860,814,
905,858,904,
857,858,812,
858,905,859,
904,858,857,
951,904,950,
906,953,907,
906,860,905,
953,906,952,
906,907,860,
952,905,951,
905,952,906,
951,905,904,
860,859,905,
859,814,813,
903,950,904,
903,949,950,
782,781,827,
827,780,826,
826,780,779,
780,827,781,
782,827,828,
830,784,829,
829,784,783,
831,784,830,
875,830,829,
828,829,783,
828,874,829,
830,875,876,
783,782,828,
876,922,923,
831,830,876,
833,787,832,
832,787,786,
788,787,833,
789,788,834,
835,834,881,
834,835,789,
880,881,834,
790,789,835,
788,833,834,
881,882,835,
834,833,879,
831,832,786,
831,785,784,
832,831,878,
833,832,878,
878,877,923,
877,878,831,
877,831,876,
878,923,924,
876,923,877,
878,879,833,
881,926,927,
880,834,879,
925,880,879,
926,881,880,
880,925,926,
925,879,924,
879,878,924,
786,785,831,
882,881,927,
873,828,827,
773,772,818,
818,819,773,
817,772,771,
819,818,865,
817,818,772,
773,819,774,
775,774,820,
776,775,821,
776,821,822,
821,775,820,
821,820,866,
868,822,821,
774,819,820,
776,822,777,
819,865,820,
864,865,818,
818,863,864,
863,909,910,
863,910,864,
864,910,911,
866,867,821,
820,865,866,
866,865,912,
867,866,913,
866,912,913,
912,865,911,
865,864,911,
868,821,867,
863,818,817,
868,867,913,
778,777,824,
778,824,825,
824,777,823,
870,825,824,
871,826,825,
822,823,777,
825,826,779,
922,875,921,
872,827,826,
875,829,874,
875,922,876,
921,874,920,
874,828,873,
873,919,874,
874,921,875,
827,872,873,
869,824,823,
779,778,825,
824,869,870,
825,870,871,
869,868,914,
870,869,915,
870,915,916,
915,869,914,
868,913,914,
870,916,871,
874,919,920,
872,826,871,
918,872,871,
919,873,872,
872,918,919,
918,871,917,
871,916,917,
822,869,823,
868,869,822,
803,802,849,
849,895,850,
803,849,850,
805,804,850,
897,850,896,
804,803,850,
896,850,895,
850,851,805,
896,941,942,
943,896,942,
849,802,848,
801,848,802,
801,800,847,
846,847,800,
893,847,846,
801,847,848,
941,895,940,
849,848,894,
895,849,894,
895,941,896,
940,894,939,
894,848,847,
939,894,893,
894,940,895,
847,893,894,
810,809,855,
808,807,854,
900,901,854,
808,854,809,
809,854,855,
902,949,903,
855,901,856,
856,901,902,
949,902,948,
948,901,947,
901,948,902,
946,947,901,
855,854,901,
854,807,853,
852,851,898,
851,852,806,
852,898,899,
852,853,807,
850,897,851,
897,896,943,
898,897,944,
851,897,898,
944,897,943,
946,900,945,
900,854,853,
899,900,853,
900,946,901,
899,944,945,
899,853,852,
899,945,900,
898,944,899,
807,806,852,
805,851,806,
792,791,838,
838,791,837,
793,792,839,
839,792,838,
795,794,840,
886,840,885,
839,840,794,
839,885,840,
795,840,841,
793,839,794,
886,887,840,
839,838,884,
790,836,837,
836,790,835,
837,836,882,
838,837,883,
883,882,928,
882,883,837,
928,882,927,
883,928,929,
836,835,882,
883,884,838,
932,885,931,
885,839,884,
931,885,884,
885,932,886,
884,930,931,
884,883,930,
883,929,930,
837,791,790,
933,886,932,
799,845,846,
845,799,798,
844,798,843,
890,891,844,
798,844,845,
845,844,891,
938,893,892,
846,845,892,
893,938,939,
892,893,846,
892,937,938,
937,892,891,
936,937,891,
845,891,892,
843,798,797,
846,800,799,
842,841,888,
841,842,796,
842,888,889,
842,843,797,
888,887,934,
887,841,840,
933,887,886,
887,888,841,
796,795,841,
934,887,933,
936,890,935,
890,844,843,
889,890,843,
890,936,891,
888,935,889,
889,843,842,
889,935,890,
934,935,888,
797,796,842,
1192,1191,1148,
1236,1235,1192,
1191,1192,1235,
1147,1148,1191,
1191,1190,1147,
1192,1148,1149,
1236,1192,1237,
1152,1196,1151,
1195,1196,1240,
165,1196,1152,
119,165,1152,
1284,211,257,
1196,165,211,
1240,211,1284,
1240,1196,211,
1195,1151,1196,
1193,1150,1194,
1149,1150,1193,
1151,1195,1194,
1237,1193,1238,
1149,1193,1192,
1194,1238,1193,
1192,1193,1237,
1281,1237,1282,
1240,1284,1239,
1238,1195,1239,
1283,1239,1284,
1195,1240,1239,
1282,1238,1283,
1239,1283,1238,
1237,1238,1282,
1238,1194,1195,
1150,1151,1194,
1237,1281,1236,
1281,1280,1236,
1162,1118,1119,
1161,1117,1162,
1116,1117,1161,
1118,1162,1117,
1163,1162,1119,
1164,1121,1165,
1120,1121,1164,
1165,1121,1166,
1164,1165,1208,
1120,1164,1163,
1164,1207,1163,
1209,1208,1165,
1163,1119,1120,
1254,1253,1209,
1209,1165,1166,
1167,1124,1168,
1123,1124,1167,
1168,1124,1125,
1169,1125,1126,
1214,1169,1170,
1126,1170,1169,
1169,1214,1213,
1170,1126,1127,
1169,1168,1125,
1170,1215,1214,
1212,1168,1169,
1123,1167,1166,
1121,1122,1166,
1211,1166,1167,
1211,1167,1168,
1254,1210,1211,
1166,1211,1210,
1209,1166,1210,
1255,1254,1211,
1210,1254,1209,
1168,1212,1211,
1258,1257,1214,
1212,1169,1213,
1212,1213,1256,
1213,1214,1257,
1257,1256,1213,
1255,1212,1256,
1255,1211,1212,
1166,1122,1123,
1258,1214,1215,
1162,1163,1206,
1153,1109,1110,
1110,1154,1153,
771,1109,817,
1198,1153,1154,
1109,1153,817,
1111,1154,1110,
1155,1111,1112,
1156,1112,1113,
1157,1156,1113,
1155,1112,1156,
1199,1155,1156,
1156,1157,1201,
1155,1154,1111,
1114,1157,1113,
1155,1198,1154,
1153,1198,1197,
1197,863,1153,
1241,909,863,
1197,1241,863,
1242,1241,1197,
1156,1200,1199,
1199,1198,1155,
1243,1198,1199,
1244,1199,1200,
1244,1243,1199,
1242,1198,1243,
1242,1197,1198,
1200,1156,1201,
817,1153,863,
1244,1200,1201,
1159,1114,1115,
1160,1159,1115,
1158,1114,1159,
1159,1160,1203,
1160,1161,1204,
1114,1158,1157,
1116,1161,1160,
1252,1208,1253,
1161,1162,1205,
1207,1164,1208,
1209,1253,1208,
1251,1207,1252,
1206,1163,1207,
1207,1250,1206,
1208,1252,1207,
1206,1205,1162,
1158,1159,1202,
1160,1115,1116,
1203,1202,1159,
1204,1203,1160,
1245,1201,1202,
1246,1202,1203,
1247,1246,1203,
1245,1202,1246,
1245,1244,1201,
1204,1247,1203,
1251,1250,1207,
1204,1161,1205,
1204,1205,1249,
1205,1206,1250,
1250,1249,1205,
1248,1204,1249,
1248,1247,1204,
1158,1202,1157,
1157,1202,1201,
1184,1139,1140,
1185,1228,1184,
1185,1184,1140,
1185,1141,1142,
1229,1185,1230,
1185,1140,1141,
1228,1185,1229,
1142,1186,1185,
1273,1272,1229,
1273,1229,1274,
1183,1139,1184,
1139,1183,1138,
1182,1137,1138,
1137,1182,1181,
1181,1182,1226,
1183,1182,1138,
1271,1228,1272,
1227,1183,1184,
1227,1184,1228,
1229,1272,1228,
1270,1227,1271,
1182,1183,1227,
1226,1227,1270,
1228,1271,1227,
1227,1226,1182,
1190,1146,1147,
1189,1144,1145,
1189,1234,1233,
1146,1189,1145,
1190,1189,1146,
1236,1280,1235,
1191,1234,1190,
1235,1234,1191,
1279,1235,1280,
1278,1234,1279,
1235,1279,1234,
1234,1278,1277,
1234,1189,1190,
1188,1144,1189,
1231,1186,1187,
1143,1187,1186,
1232,1231,1187,
1144,1188,1187,
1186,1230,1185,
1274,1229,1230,
1275,1230,1231,
1231,1230,1186,
1274,1230,1275,
1276,1233,1277,
1188,1189,1233,
1188,1233,1232,
1234,1277,1233,
1276,1275,1232,
1187,1188,1232,
1233,1276,1232,
1232,1275,1231,
1187,1143,1144,
1143,1186,1142,
1173,1128,1129,
1172,1128,1173,
1174,1129,1130,
1173,1129,1174,
1175,1131,1132,
1218,1175,1219,
1131,1175,1174,
1175,1218,1174,
1176,1175,1132,
1131,1174,1130,
1175,1220,1219,
1217,1173,1174,
1172,1171,1127,
1170,1127,1171,
1215,1171,1172,
1216,1172,1173,
1259,1215,1216,
1172,1216,1215,
1258,1215,1259,
1260,1259,1216,
1215,1170,1171,
1173,1217,1216,
1262,1218,1263,
1217,1174,1218,
1217,1218,1262,
1219,1263,1218,
1262,1261,1217,
1261,1216,1217,
1261,1260,1216,
1127,1128,1172,
1263,1219,1264,
1181,1180,1136,
1135,1136,1180,
1178,1135,1179,
1179,1224,1223,
1180,1179,1135,
1224,1179,1180,
1225,1226,1269,
1225,1180,1181,
1270,1269,1226,
1181,1226,1225,
1269,1268,1225,
1224,1225,1268,
1224,1268,1267,
1225,1224,1180,
1134,1135,1178,
1136,1137,1181,
1221,1176,1177,
1133,1177,1176,
1222,1221,1177,
1134,1178,1177,
1265,1220,1221,
1175,1176,1220,
1219,1220,1264,
1176,1221,1220,
1176,1132,1133,
1264,1220,1265,
1266,1223,1267,
1178,1179,1223,
1178,1223,1222,
1224,1267,1223,
1222,1266,1221,
1177,1178,1222,
1223,1266,1222,
1221,1266,1265,
1177,1133,1134,
0.0000000 ,0.0000000 ,
0.0073910 ,0.0030615 ,
0.0056568 ,0.0056569 ,
0.0147821 ,0.0061229 ,
0.0133036 ,0.0088891 ,
0.0113137 ,0.0113137 ,
0.0203253 ,0.0084190 ,
0.0182923 ,0.0122226 ,
0.0155563 ,0.0155563 ,
0.0277164 ,0.0114805 ,
0.0249441 ,0.0166671 ,
0.0212132 ,0.0212132 ,
0.0399578 ,0.0165511 ,
0.0381989 ,0.0183099 ,
0.0357115 ,0.0183099 ,
0.0339526 ,0.0165511 ,
0.0339526 ,0.0140636 ,
0.0378036 ,0.0217518 ,
0.0344677 ,0.0213126 ,
0.0317984 ,0.0192643 ,
0.0305108 ,0.0161557 ,
0.0309500 ,0.0128199 ,
0.0369552 ,0.0153073 ,
0.0291014 ,0.0194450 ,
0.0270553 ,0.0222038 ,
0.0247488 ,0.0247487 ,
0.0326224 ,0.0231468 ,
0.0305615 ,0.0258069 ,
0.0282843 ,0.0282842 ,
0.0365847 ,0.0244451 ,
0.0355968 ,0.0258626 ,
0.0345539 ,0.0272401 ,
0.0334579 ,0.0285757 ,
0.0323102 ,0.0298673 ,
0.0311127 ,0.0311127 ,
0.0344799 ,0.0304489 ,
0.0335195 ,0.0315030 ,
0.0325270 ,0.0325269 ,
0.0357917 ,0.0316073 ,
0.0347948 ,0.0327015 ,
0.0337643 ,0.0337643 ,
0.0371035 ,0.0327656 ,
0.0360699 ,0.0338999 ,
0.0350018 ,0.0350017 ,
0.0384151 ,0.0339239 ,
0.0373451 ,0.0350985 ,
0.0362392 ,0.0362392 ,
0.0397269 ,0.0350824 ,
0.0386203 ,0.0362970 ,
0.0374767 ,0.0374766 ,
0.0497971 ,0.0206266 ,
0.0494210 ,0.0215122 ,
0.0490292 ,0.0223909 ,
0.0486216 ,0.0232624 ,
0.0481988 ,0.0241266 ,
0.0477604 ,0.0249831 ,
0.0473069 ,0.0258315 ,
0.0468383 ,0.0266718 ,
0.0463548 ,0.0275036 ,
0.0458565 ,0.0283266 ,
0.0453436 ,0.0291405 ,
0.0448162 ,0.0299453 ,
0.0442746 ,0.0307404 ,
0.0437188 ,0.0315257 ,
0.0431492 ,0.0323010 ,
0.0425658 ,0.0330661 ,
0.0419688 ,0.0338206 ,
0.0413584 ,0.0345643 ,
0.0407349 ,0.0352970 ,
0.0400984 ,0.0360185 ,
0.0394491 ,0.0367284 ,
0.0387872 ,0.0374267 ,
0.0381131 ,0.0381130 ,
0.0502590 ,0.0208180 ,
0.0500754 ,0.0212557 ,
0.0498881 ,0.0216919 ,
0.0496969 ,0.0221265 ,
0.0495019 ,0.0225593 ,
0.0493031 ,0.0229904 ,
0.0491006 ,0.0234198 ,
0.0488944 ,0.0238473 ,
0.0486844 ,0.0242732 ,
0.0484707 ,0.0246971 ,
0.0482534 ,0.0251192 ,
0.0480324 ,0.0255393 ,
0.0478077 ,0.0259574 ,
0.0475793 ,0.0263737 ,
0.0473473 ,0.0267878 ,
0.0471118 ,0.0272000 ,
0.0468726 ,0.0276101 ,
0.0466299 ,0.0280181 ,
0.0463836 ,0.0284239 ,
0.0461338 ,0.0288276 ,
0.0458804 ,0.0292291 ,
0.0456237 ,0.0296284 ,
0.0453634 ,0.0300254 ,
0.0450996 ,0.0304201 ,
0.0448324 ,0.0308125 ,
0.0445619 ,0.0312025 ,
0.0442879 ,0.0315902 ,
0.0440105 ,0.0319755 ,
0.0437298 ,0.0323584 ,
0.0434457 ,0.0327388 ,
0.0431584 ,0.0331167 ,
0.0428678 ,0.0334920 ,
0.0425738 ,0.0338648 ,
0.0422768 ,0.0342350 ,
0.0419764 ,0.0346026 ,
0.0416728 ,0.0349676 ,
0.0413661 ,0.0353300 ,
0.0410562 ,0.0356896 ,
0.0407432 ,0.0360465 ,
0.0404271 ,0.0364007 ,
0.0401079 ,0.0367521 ,
0.0397857 ,0.0371007 ,
0.0394604 ,0.0374465 ,
0.0391321 ,0.0377894 ,
0.0388008 ,0.0381295 ,
0.0384666 ,0.0384666 ,
0.0503514 ,0.0208562 ,
0.0501675 ,0.0212948 ,
0.0499798 ,0.0217319 ,
0.0497882 ,0.0221671 ,
0.0495929 ,0.0226008 ,
0.0493937 ,0.0230327 ,
0.0491909 ,0.0234628 ,
0.0489842 ,0.0238912 ,
0.0487739 ,0.0243177 ,
0.0485599 ,0.0247425 ,
0.0483421 ,0.0251653 ,
0.0481206 ,0.0255862 ,
0.0478955 ,0.0260051 ,
0.0476668 ,0.0264222 ,
0.0474344 ,0.0268371 ,
0.0471983 ,0.0272500 ,
0.0469588 ,0.0276608 ,
0.0467157 ,0.0280696 ,
0.0464689 ,0.0284762 ,
0.0462187 ,0.0288806 ,
0.0459648 ,0.0292828 ,
0.0457076 ,0.0296828 ,
0.0454468 ,0.0300806 ,
0.0451825 ,0.0304761 ,
0.0449148 ,0.0308691 ,
0.0446437 ,0.0312599 ,
0.0443693 ,0.0316483 ,
0.0440915 ,0.0320343 ,
0.0438102 ,0.0324178 ,
0.0435256 ,0.0327989 ,
0.0432378 ,0.0331775 ,
0.0429466 ,0.0335536 ,
0.0426522 ,0.0339270 ,
0.0423545 ,0.0342979 ,
0.0420535 ,0.0346663 ,
0.0417494 ,0.0350320 ,
0.0414422 ,0.0353949 ,
0.0411316 ,0.0357552 ,
0.0408181 ,0.0361128 ,
0.0405014 ,0.0364677 ,
0.0401816 ,0.0368197 ,
0.0398587 ,0.0371689 ,
0.0395329 ,0.0375154 ,
0.0392041 ,0.0378589 ,
0.0388721 ,0.0381996 ,
0.0385373 ,0.0385373 ,
0.0504438 ,0.0208945 ,
0.0502595 ,0.0213339 ,
0.0500715 ,0.0217717 ,
0.0498796 ,0.0222079 ,
0.0496839 ,0.0226422 ,
0.0494844 ,0.0230749 ,
0.0492812 ,0.0235059 ,
0.0490742 ,0.0239351 ,
0.0488634 ,0.0243624 ,
0.0486490 ,0.0247879 ,
0.0484308 ,0.0252115 ,
0.0482089 ,0.0256332 ,
0.0479834 ,0.0260529 ,
0.0477542 ,0.0264706 ,
0.0475214 ,0.0268864 ,
0.0472850 ,0.0273000 ,
0.0470449 ,0.0277116 ,
0.0468014 ,0.0281211 ,
0.0465542 ,0.0285284 ,
0.0463034 ,0.0289336 ,
0.0460492 ,0.0293366 ,
0.0457914 ,0.0297373 ,
0.0455301 ,0.0301358 ,
0.0452655 ,0.0305319 ,
0.0449973 ,0.0309258 ,
0.0447257 ,0.0313173 ,
0.0444507 ,0.0317064 ,
0.0441723 ,0.0320931 ,
0.0438906 ,0.0324773 ,
0.0436056 ,0.0328591 ,
0.0433171 ,0.0332384 ,
0.0430254 ,0.0336151 ,
0.0427304 ,0.0339893 ,
0.0424322 ,0.0343609 ,
0.0421307 ,0.0347299 ,
0.0418260 ,0.0350962 ,
0.0415182 ,0.0354598 ,
0.0412072 ,0.0358208 ,
0.0408930 ,0.0361790 ,
0.0405757 ,0.0365346 ,
0.0402553 ,0.0368872 ,
0.0399319 ,0.0372371 ,
0.0396054 ,0.0375842 ,
0.0392759 ,0.0379284 ,
0.0389434 ,0.0382696 ,
0.0386080 ,0.0386080 ,
0.0505363 ,0.0209328 ,
0.0503517 ,0.0213730 ,
0.0501633 ,0.0218116 ,
0.0499710 ,0.0222485 ,
0.0497750 ,0.0226838 ,
0.0495751 ,0.0231173 ,
0.0493715 ,0.0235490 ,
0.0491641 ,0.0239790 ,
0.0489530 ,0.0244071 ,
0.0487382 ,0.0248333 ,
0.0485196 ,0.0252577 ,
0.0482973 ,0.0256802 ,
0.0480714 ,0.0261006 ,
0.0478418 ,0.0265191 ,
0.0476086 ,0.0269356 ,
0.0473717 ,0.0273501 ,
0.0471312 ,0.0277624 ,
0.0468872 ,0.0281726 ,
0.0466395 ,0.0285807 ,
0.0463883 ,0.0289866 ,
0.0461336 ,0.0293904 ,
0.0458754 ,0.0297918 ,
0.0456137 ,0.0301910 ,
0.0453485 ,0.0305879 ,
0.0450798 ,0.0309825 ,
0.0448077 ,0.0313747 ,
0.0445322 ,0.0317645 ,
0.0442533 ,0.0321519 ,
0.0439711 ,0.0325369 ,
0.0436855 ,0.0329194 ,
0.0433965 ,0.0332993 ,
0.0431043 ,0.0336768 ,
0.0428088 ,0.0340516 ,
0.0425100 ,0.0344239 ,
0.0422080 ,0.0347936 ,
0.0419027 ,0.0351606 ,
0.0415943 ,0.0355249 ,
0.0412827 ,0.0358865 ,
0.0409680 ,0.0362454 ,
0.0406501 ,0.0366015 ,
0.0403292 ,0.0369549 ,
0.0400051 ,0.0373054 ,
0.0396781 ,0.0376531 ,
0.0393480 ,0.0379979 ,
0.0390149 ,0.0383398 ,
0.0386788 ,0.0386788 ,
0.0480417 ,0.0198995 ,
0.0472488 ,0.0219011 ,
0.0463267 ,0.0238464 ,
0.0452793 ,0.0257272 ,
0.0441112 ,0.0275355 ,
0.0420365 ,0.0174121 ,
0.0413477 ,0.0190751 ,
0.0406589 ,0.0207381 ,
0.0399700 ,0.0224010 ,
0.0392812 ,0.0240640 ,
0.0385924 ,0.0257270 ,
0.0379035 ,0.0273900 ,
0.0372147 ,0.0290530 ,
0.0420827 ,0.0174312 ,
0.0413939 ,0.0190942 ,
0.0407051 ,0.0207572 ,
0.0400162 ,0.0224202 ,
0.0393274 ,0.0240832 ,
0.0386386 ,0.0257461 ,
0.0379497 ,0.0274091 ,
0.0372609 ,0.0290721 ,
0.0365721 ,0.0307351 ,
0.0421289 ,0.0174504 ,
0.0407512 ,0.0207763 ,
0.0373071 ,0.0290912 ,
0.0465635 ,0.0192872 ,
0.0451859 ,0.0226132 ,
0.0424305 ,0.0292651 ,
0.0417417 ,0.0309281 ,
0.0466097 ,0.0193064 ,
0.0459209 ,0.0209694 ,
0.0452321 ,0.0226323 ,
0.0445432 ,0.0242953 ,
0.0438544 ,0.0259583 ,
0.0431656 ,0.0276213 ,
0.0424767 ,0.0292843 ,
0.0417879 ,0.0309473 ,
0.0410991 ,0.0326102 ,
0.0466559 ,0.0193255 ,
0.0459671 ,0.0209885 ,
0.0452783 ,0.0226515 ,
0.0445894 ,0.0243145 ,
0.0439006 ,0.0259774 ,
0.0432118 ,0.0276404 ,
0.0425229 ,0.0293034 ,
0.0418341 ,0.0309664 ,
0.0411453 ,0.0326294 ,
0.0365991 ,0.0308004 ,
0.0377269 ,0.0312134 ,
0.0377078 ,0.0312596 ,
0.0376887 ,0.0313058 ,
0.0388164 ,0.0317189 ,
0.0387973 ,0.0317651 ,
0.0399442 ,0.0321319 ,
0.0399251 ,0.0321781 ,
0.0399060 ,0.0322243 ,
0.0410529 ,0.0325911 ,
0.0410338 ,0.0326373 ,
0.0410146 ,0.0326835 ,
0.0365259 ,0.0307160 ,
0.0364876 ,0.0308083 ,
0.0366183 ,0.0307542 ,
0.0365800 ,0.0308466 ,
0.0411070 ,0.0327218 ,
0.0414401 ,0.0191133 ,
0.0400624 ,0.0224393 ,
0.0393736 ,0.0241023 ,
0.0386848 ,0.0257653 ,
0.0379959 ,0.0274283 ,
0.0432376 ,0.0179096 ,
0.0425487 ,0.0195726 ,
0.0418599 ,0.0212356 ,
0.0411711 ,0.0228985 ,
0.0404822 ,0.0245615 ,
0.0397934 ,0.0262245 ,
0.0391046 ,0.0278875 ,
0.0384158 ,0.0295505 ,
0.0443462 ,0.0183688 ,
0.0436574 ,0.0200318 ,
0.0429686 ,0.0216948 ,
0.0422797 ,0.0233578 ,
0.0415909 ,0.0250207 ,
0.0409021 ,0.0266837 ,
0.0402132 ,0.0283467 ,
0.0395244 ,0.0300097 ,
0.0388356 ,0.0316727 ,
0.0454549 ,0.0188280 ,
0.0447660 ,0.0204910 ,
0.0440772 ,0.0221540 ,
0.0433884 ,0.0238170 ,
0.0426996 ,0.0254800 ,
0.0420107 ,0.0271429 ,
0.0413219 ,0.0288059 ,
0.0406331 ,0.0304689 ,
0.0458747 ,0.0209502 ,
0.0444970 ,0.0242762 ,
0.0438082 ,0.0259392 ,
0.0431194 ,0.0276022 ,
0.0412694 ,0.0331137 ,
0.0401248 ,0.0330237 ,
0.0390084 ,0.0327556 ,
0.0379476 ,0.0323162 ,
0.0369686 ,0.0317164 ,
0.0360956 ,0.0309707 ,
0.0080000 ,0.0000000 ,
0.0156926 ,0.0031215 ,
0.0160000 ,0.0000000 ,
0.0215773 ,0.0042920 ,
0.0219999 ,0.0000000 ,
0.0294236 ,0.0058527 ,
0.0300000 ,0.0000000 ,
0.0399578 ,0.0140636 ,
0.0381989 ,0.0123047 ,
0.0357115 ,0.0123047 ,
0.0421120 ,0.0113504 ,
0.0394426 ,0.0093021 ,
0.0361068 ,0.0088629 ,
0.0329982 ,0.0101505 ,
0.0343275 ,0.0068281 ,
0.0348315 ,0.0034306 ,
0.0350000 ,0.0000000 ,
0.0394348 ,0.0067003 ,
0.0398585 ,0.0033620 ,
0.0400000 ,0.0000000 ,
0.0431546 ,0.0085840 ,
0.0434583 ,0.0068831 ,
0.0436950 ,0.0051716 ,
0.0438644 ,0.0034522 ,
0.0439661 ,0.0017274 ,
0.0440000 ,0.0000000 ,
0.0459116 ,0.0028504 ,
0.0459779 ,0.0014259 ,
0.0460000 ,0.0000001 ,
0.0476583 ,0.0029589 ,
0.0477271 ,0.0014801 ,
0.0477499 ,0.0000000 ,
0.0494049 ,0.0030673 ,
0.0494762 ,0.0015344 ,
0.0495000 ,0.0000000 ,
0.0511515 ,0.0031758 ,
0.0512254 ,0.0015886 ,
0.0512500 ,0.0000000 ,
0.0528981 ,0.0032841 ,
0.0529746 ,0.0016428 ,
0.0530000 ,0.0000000 ,
0.0501573 ,0.0197345 ,
0.0505016 ,0.0188362 ,
0.0508297 ,0.0179317 ,
0.0511418 ,0.0170216 ,
0.0514374 ,0.0161060 ,
0.0517167 ,0.0151854 ,
0.0519795 ,0.0142599 ,
0.0522258 ,0.0133298 ,
0.0524554 ,0.0123956 ,
0.0526682 ,0.0114573 ,
0.0528643 ,0.0105153 ,
0.0530436 ,0.0095701 ,
0.0532059 ,0.0086218 ,
0.0533513 ,0.0076708 ,
0.0534798 ,0.0067173 ,
0.0535912 ,0.0057616 ,
0.0536855 ,0.0048041 ,
0.0537627 ,0.0038452 ,
0.0538228 ,0.0028850 ,
0.0538657 ,0.0019238 ,
0.0538914 ,0.0009621 ,
0.0539000 ,0.0000000 ,
0.0504388 ,0.0203786 ,
0.0506147 ,0.0199377 ,
0.0507868 ,0.0194953 ,
0.0509550 ,0.0190513 ,
0.0511193 ,0.0186059 ,
0.0512797 ,0.0181591 ,
0.0514362 ,0.0177109 ,
0.0515888 ,0.0172613 ,
0.0517375 ,0.0168105 ,
0.0518822 ,0.0163584 ,
0.0520230 ,0.0159050 ,
0.0521598 ,0.0154505 ,
0.0522926 ,0.0149946 ,
0.0524215 ,0.0145378 ,
0.0525464 ,0.0140798 ,
0.0526672 ,0.0136207 ,
0.0527841 ,0.0131606 ,
0.0528969 ,0.0126994 ,
0.0530057 ,0.0122373 ,
0.0531105 ,0.0117743 ,
0.0532113 ,0.0113104 ,
0.0533079 ,0.0108456 ,
0.0534005 ,0.0103800 ,
0.0534890 ,0.0099136 ,
0.0535735 ,0.0094465 ,
0.0536539 ,0.0089786 ,
0.0537302 ,0.0085101 ,
0.0538025 ,0.0080408 ,
0.0538706 ,0.0075710 ,
0.0539346 ,0.0071006 ,
0.0539945 ,0.0066297 ,
0.0540503 ,0.0061582 ,
0.0541020 ,0.0056864 ,
0.0541496 ,0.0052140 ,
0.0541930 ,0.0047413 ,
0.0542323 ,0.0042682 ,
0.0542675 ,0.0037947 ,
0.0542985 ,0.0033210 ,
0.0543255 ,0.0028471 ,
0.0543482 ,0.0023729 ,
0.0543669 ,0.0018985 ,
0.0543814 ,0.0014241 ,
0.0543917 ,0.0009494 ,
0.0543979 ,0.0004747 ,
0.0544000 ,0.0000000 ,
0.0505315 ,0.0204160 ,
0.0507078 ,0.0199743 ,
0.0508801 ,0.0195311 ,
0.0510486 ,0.0190863 ,
0.0512132 ,0.0186400 ,
0.0513739 ,0.0181925 ,
0.0515307 ,0.0177435 ,
0.0516836 ,0.0172931 ,
0.0518326 ,0.0168414 ,
0.0519776 ,0.0163885 ,
0.0521186 ,0.0159343 ,
0.0522556 ,0.0154788 ,
0.0523888 ,0.0150222 ,
0.0525179 ,0.0145645 ,
0.0526429 ,0.0141056 ,
0.0527640 ,0.0136457 ,
0.0528811 ,0.0131848 ,
0.0529942 ,0.0127227 ,
0.0531032 ,0.0122598 ,
0.0532081 ,0.0117960 ,
0.0533090 ,0.0113312 ,
0.0534059 ,0.0108656 ,
0.0534987 ,0.0103990 ,
0.0535874 ,0.0099318 ,
0.0536720 ,0.0094638 ,
0.0537526 ,0.0089951 ,
0.0538291 ,0.0085257 ,
0.0539013 ,0.0080556 ,
0.0539696 ,0.0075849 ,
0.0540338 ,0.0071137 ,
0.0540938 ,0.0066419 ,
0.0541497 ,0.0061696 ,
0.0542015 ,0.0056968 ,
0.0542491 ,0.0052236 ,
0.0542926 ,0.0047500 ,
0.0543320 ,0.0042761 ,
0.0543672 ,0.0038017 ,
0.0543984 ,0.0033271 ,
0.0544254 ,0.0028523 ,
0.0544481 ,0.0023772 ,
0.0544668 ,0.0019020 ,
0.0544813 ,0.0014266 ,
0.0544917 ,0.0009512 ,
0.0544979 ,0.0004756 ,
0.0545000 ,0.0000000 ,
0.0506242 ,0.0204535 ,
0.0508008 ,0.0200110 ,
0.0509735 ,0.0195669 ,
0.0511423 ,0.0191213 ,
0.0513072 ,0.0186743 ,
0.0514682 ,0.0182259 ,
0.0516254 ,0.0177760 ,
0.0517785 ,0.0173248 ,
0.0519277 ,0.0168723 ,
0.0520729 ,0.0164185 ,
0.0522142 ,0.0159635 ,
0.0523516 ,0.0155072 ,
0.0524849 ,0.0150498 ,
0.0526142 ,0.0145912 ,
0.0527395 ,0.0141316 ,
0.0528608 ,0.0136707 ,
0.0529782 ,0.0132089 ,
0.0530914 ,0.0127461 ,
0.0532006 ,0.0122823 ,
0.0533058 ,0.0118176 ,
0.0534069 ,0.0113519 ,
0.0535039 ,0.0108854 ,
0.0535969 ,0.0104182 ,
0.0536858 ,0.0099501 ,
0.0537705 ,0.0094812 ,
0.0538512 ,0.0090116 ,
0.0539278 ,0.0085413 ,
0.0540002 ,0.0080704 ,
0.0540687 ,0.0075989 ,
0.0541329 ,0.0071268 ,
0.0541930 ,0.0066541 ,
0.0542490 ,0.0061809 ,
0.0543009 ,0.0057073 ,
0.0543486 ,0.0052332 ,
0.0543922 ,0.0047587 ,
0.0544317 ,0.0042839 ,
0.0544670 ,0.0038087 ,
0.0544981 ,0.0033333 ,
0.0545252 ,0.0028575 ,
0.0545480 ,0.0023816 ,
0.0545667 ,0.0019055 ,
0.0545813 ,0.0014293 ,
0.0545917 ,0.0009529 ,
0.0545979 ,0.0004765 ,
0.0546000 ,0.0000000 ,
0.0507171 ,0.0204910 ,
0.0508940 ,0.0200477 ,
0.0510670 ,0.0196028 ,
0.0512361 ,0.0191564 ,
0.0514013 ,0.0187085 ,
0.0515626 ,0.0182593 ,
0.0517200 ,0.0178086 ,
0.0518734 ,0.0173566 ,
0.0520229 ,0.0169033 ,
0.0521684 ,0.0164486 ,
0.0523100 ,0.0159928 ,
0.0524476 ,0.0155357 ,
0.0525811 ,0.0150774 ,
0.0527107 ,0.0146180 ,
0.0528363 ,0.0141574 ,
0.0529578 ,0.0136958 ,
0.0530753 ,0.0132332 ,
0.0531888 ,0.0127695 ,
0.0532982 ,0.0123048 ,
0.0534035 ,0.0118393 ,
0.0535048 ,0.0113728 ,
0.0536020 ,0.0109054 ,
0.0536951 ,0.0104373 ,
0.0537842 ,0.0099683 ,
0.0538691 ,0.0094986 ,
0.0539499 ,0.0090281 ,
0.0540267 ,0.0085570 ,
0.0540993 ,0.0080852 ,
0.0541678 ,0.0076128 ,
0.0542322 ,0.0071398 ,
0.0542924 ,0.0066663 ,
0.0543485 ,0.0061922 ,
0.0544005 ,0.0057177 ,
0.0544483 ,0.0052428 ,
0.0544920 ,0.0047674 ,
0.0545315 ,0.0042917 ,
0.0545669 ,0.0038157 ,
0.0545981 ,0.0033394 ,
0.0546252 ,0.0028628 ,
0.0546481 ,0.0023860 ,
0.0546668 ,0.0019090 ,
0.0546814 ,0.0014319 ,
0.0546918 ,0.0009546 ,
0.0546980 ,0.0004773 ,
0.0547001 ,0.0000000 ,
0.0488964 ,0.0179236 ,
0.0496198 ,0.0158960 ,
0.0502092 ,0.0138254 ,
0.0506619 ,0.0117207 ,
0.0427253 ,0.0157491 ,
0.0434142 ,0.0140861 ,
0.0441030 ,0.0124231 ,
0.0447918 ,0.0107602 ,
0.0454807 ,0.0090972 ,
0.0461695 ,0.0074342 ,
0.0468583 ,0.0057712 ,
0.0427715 ,0.0157682 ,
0.0434604 ,0.0141053 ,
0.0441492 ,0.0124423 ,
0.0448380 ,0.0107793 ,
0.0455269 ,0.0091163 ,
0.0462157 ,0.0074533 ,
0.0469045 ,0.0057903 ,
0.0475934 ,0.0041274 ,
0.0435066 ,0.0141244 ,
0.0469507 ,0.0058095 ,
0.0479412 ,0.0159613 ,
0.0506965 ,0.0093093 ,
0.0513853 ,0.0076464 ,
0.0472986 ,0.0176434 ,
0.0479874 ,0.0159804 ,
0.0486762 ,0.0143174 ,
0.0493650 ,0.0126544 ,
0.0500539 ,0.0109915 ,
0.0507427 ,0.0093285 ,
0.0514315 ,0.0076655 ,
0.0521204 ,0.0060025 ,
0.0473447 ,0.0176625 ,
0.0480336 ,0.0159995 ,
0.0487224 ,0.0143366 ,
0.0494112 ,0.0126736 ,
0.0501001 ,0.0110106 ,
0.0507889 ,0.0093476 ,
0.0514777 ,0.0076846 ,
0.0521666 ,0.0060216 ,
0.0476587 ,0.0041003 ,
0.0487482 ,0.0046057 ,
0.0487673 ,0.0045595 ,
0.0487865 ,0.0045133 ,
0.0498760 ,0.0050187 ,
0.0498951 ,0.0049726 ,
0.0509655 ,0.0055242 ,
0.0509846 ,0.0054780 ,
0.0510038 ,0.0054318 ,
0.0520742 ,0.0059834 ,
0.0520933 ,0.0059372 ,
0.0521124 ,0.0058910 ,
0.0475472 ,0.0041082 ,
0.0475854 ,0.0040158 ,
0.0476395 ,0.0041465 ,
0.0476778 ,0.0040541 ,
0.0522048 ,0.0059293 ,
0.0428177 ,0.0157874 ,
0.0441954 ,0.0124614 ,
0.0448842 ,0.0107984 ,
0.0455731 ,0.0091354 ,
0.0462619 ,0.0074725 ,
0.0439264 ,0.0162466 ,
0.0446152 ,0.0145836 ,
0.0453041 ,0.0129206 ,
0.0459929 ,0.0112577 ,
0.0466817 ,0.0095947 ,
0.0473705 ,0.0079317 ,
0.0480594 ,0.0062687 ,
0.0450350 ,0.0167058 ,
0.0457239 ,0.0150428 ,
0.0464127 ,0.0133799 ,
0.0471015 ,0.0117169 ,
0.0477904 ,0.0100539 ,
0.0484792 ,0.0083909 ,
0.0491680 ,0.0067279 ,
0.0498569 ,0.0050649 ,
0.0461437 ,0.0171650 ,
0.0468325 ,0.0155021 ,
0.0475214 ,0.0138391 ,
0.0482102 ,0.0121761 ,
0.0488990 ,0.0105131 ,
0.0495879 ,0.0088501 ,
0.0502767 ,0.0071871 ,
0.0472524 ,0.0176243 ,
0.0486300 ,0.0142983 ,
0.0493188 ,0.0126353 ,
0.0500077 ,0.0109723 ,
0.0525968 ,0.0057669 ,
0.0517238 ,0.0050213 ,
0.0507448 ,0.0044214 ,
0.0496840 ,0.0039820 ,
0.0485676 ,0.0037139 ,
0.0474231 ,0.0036239 ,
0.0030614 ,0.0073911 ,
-0.0000001 ,0.0080000 ,
0.0061228 ,0.0147821 ,
0.0031214 ,0.0156926 ,
-0.0000001 ,0.0160000 ,
0.0084188 ,0.0203254 ,
0.0042917 ,0.0215773 ,
-0.0000002 ,0.0219999 ,
0.0114803 ,0.0277165 ,
0.0058525 ,0.0294236 ,
-0.0000003 ,0.0300000 ,
0.0165507 ,0.0399580 ,
0.0140633 ,0.0399579 ,
0.0123045 ,0.0381990 ,
0.0123044 ,0.0357116 ,
0.0140633 ,0.0339527 ,
0.0113500 ,0.0421121 ,
0.0093017 ,0.0394427 ,
0.0088626 ,0.0361069 ,
0.0101503 ,0.0329983 ,
0.0128196 ,0.0309501 ,
0.0153071 ,0.0369553 ,
0.0068278 ,0.0343275 ,
0.0034302 ,0.0348315 ,
-0.0000002 ,0.0350000 ,
0.0066999 ,0.0394348 ,
0.0033617 ,0.0398585 ,
-0.0000003 ,0.0400000 ,
0.0085836 ,0.0431547 ,
0.0068827 ,0.0434584 ,
0.0051713 ,0.0436950 ,
0.0034518 ,0.0438644 ,
0.0017270 ,0.0439661 ,
-0.0000004 ,0.0440000 ,
0.0028499 ,0.0459116 ,
0.0014255 ,0.0459779 ,
-0.0000003 ,0.0460001 ,
0.0029584 ,0.0476583 ,
0.0014798 ,0.0477271 ,
-0.0000004 ,0.0477499 ,
0.0030669 ,0.0494049 ,
0.0015340 ,0.0494761 ,
-0.0000004 ,0.0494999 ,
0.0031753 ,0.0511514 ,
0.0015881 ,0.0512254 ,
-0.0000005 ,0.0512500 ,
0.0032837 ,0.0528982 ,
0.0016424 ,0.0529745 ,
-0.0000004 ,0.0530000 ,
0.0206262 ,0.0497973 ,
0.0197341 ,0.0501575 ,
0.0188357 ,0.0505018 ,
0.0179312 ,0.0508298 ,
0.0170212 ,0.0511419 ,
0.0161055 ,0.0514376 ,
0.0151849 ,0.0517168 ,
0.0142594 ,0.0519796 ,
0.0133293 ,0.0522259 ,
0.0123950 ,0.0524555 ,
0.0114569 ,0.0526683 ,
0.0105148 ,0.0528645 ,
0.0095697 ,0.0530437 ,
0.0086214 ,0.0532060 ,
0.0076704 ,0.0533514 ,
0.0067168 ,0.0534799 ,
0.0057612 ,0.0535912 ,
0.0048037 ,0.0536855 ,
0.0038447 ,0.0537627 ,
0.0028844 ,0.0538228 ,
0.0019233 ,0.0538656 ,
0.0009615 ,0.0538914 ,
-0.0000004 ,0.0539000 ,
0.0208175 ,0.0502592 ,
0.0203782 ,0.0504389 ,
0.0199373 ,0.0506149 ,
0.0194948 ,0.0507870 ,
0.0190508 ,0.0509551 ,
0.0186054 ,0.0511194 ,
0.0181586 ,0.0512798 ,
0.0177105 ,0.0514363 ,
0.0172609 ,0.0515890 ,
0.0168100 ,0.0517376 ,
0.0163579 ,0.0518824 ,
0.0159046 ,0.0520232 ,
0.0154500 ,0.0521599 ,
0.0149942 ,0.0522928 ,
0.0145373 ,0.0524216 ,
0.0140793 ,0.0525465 ,
0.0136202 ,0.0526673 ,
0.0131601 ,0.0527842 ,
0.0126990 ,0.0528970 ,
0.0122369 ,0.0530058 ,
0.0117738 ,0.0531105 ,
0.0113099 ,0.0532114 ,
0.0108451 ,0.0533080 ,
0.0103795 ,0.0534006 ,
0.0099131 ,0.0534891 ,
0.0094460 ,0.0535736 ,
0.0089782 ,0.0536540 ,
0.0085096 ,0.0537303 ,
0.0080403 ,0.0538026 ,
0.0075704 ,0.0538706 ,
0.0071001 ,0.0539347 ,
0.0066292 ,0.0539946 ,
0.0061577 ,0.0540503 ,
0.0056859 ,0.0541021 ,
0.0052136 ,0.0541496 ,
0.0047408 ,0.0541930 ,
0.0042677 ,0.0542324 ,
0.0037943 ,0.0542675 ,
0.0033206 ,0.0542985 ,
0.0028466 ,0.0543255 ,
0.0023724 ,0.0543482 ,
0.0018981 ,0.0543669 ,
0.0014236 ,0.0543814 ,
0.0009490 ,0.0543917 ,
0.0004742 ,0.0543979 ,
-0.0000005 ,0.0544000 ,
0.0208558 ,0.0503516 ,
0.0204156 ,0.0505317 ,
0.0199738 ,0.0507080 ,
0.0195306 ,0.0508803 ,
0.0190858 ,0.0510488 ,
0.0186396 ,0.0512134 ,
0.0181921 ,0.0513741 ,
0.0177430 ,0.0515308 ,
0.0172927 ,0.0516837 ,
0.0168410 ,0.0518328 ,
0.0163880 ,0.0519777 ,
0.0159338 ,0.0521187 ,
0.0154784 ,0.0522558 ,
0.0150217 ,0.0523890 ,
0.0145640 ,0.0525180 ,
0.0141051 ,0.0526430 ,
0.0136453 ,0.0527641 ,
0.0131843 ,0.0528813 ,
0.0127223 ,0.0529943 ,
0.0122594 ,0.0531033 ,
0.0117955 ,0.0532082 ,
0.0113308 ,0.0533092 ,
0.0108651 ,0.0534060 ,
0.0103985 ,0.0534988 ,
0.0099313 ,0.0535874 ,
0.0094633 ,0.0536720 ,
0.0089946 ,0.0537526 ,
0.0085253 ,0.0538291 ,
0.0080552 ,0.0539014 ,
0.0075844 ,0.0539696 ,
0.0071132 ,0.0540338 ,
0.0066414 ,0.0540939 ,
0.0061692 ,0.0541497 ,
0.0056964 ,0.0542015 ,
0.0052231 ,0.0542491 ,
0.0047494 ,0.0542927 ,
0.0042756 ,0.0543321 ,
0.0038012 ,0.0543672 ,
0.0033267 ,0.0543984 ,
0.0028518 ,0.0544254 ,
0.0023767 ,0.0544482 ,
0.0019015 ,0.0544668 ,
0.0014261 ,0.0544814 ,
0.0009507 ,0.0544918 ,
0.0004750 ,0.0544979 ,
-0.0000005 ,0.0545000 ,
0.0208941 ,0.0504440 ,
0.0204530 ,0.0506244 ,
0.0200105 ,0.0508010 ,
0.0195664 ,0.0509737 ,
0.0191209 ,0.0511424 ,
0.0186739 ,0.0513073 ,
0.0182254 ,0.0514684 ,
0.0177756 ,0.0516255 ,
0.0173244 ,0.0517786 ,
0.0168719 ,0.0519279 ,
0.0164181 ,0.0520731 ,
0.0159630 ,0.0522144 ,
0.0155067 ,0.0523517 ,
0.0150493 ,0.0524850 ,
0.0145907 ,0.0526144 ,
0.0141311 ,0.0527397 ,
0.0136702 ,0.0528609 ,
0.0132085 ,0.0529783 ,
0.0127457 ,0.0530915 ,
0.0122818 ,0.0532007 ,
0.0118171 ,0.0533059 ,
0.0113515 ,0.0534070 ,
0.0108849 ,0.0535040 ,
0.0104178 ,0.0535969 ,
0.0099496 ,0.0536858 ,
0.0094807 ,0.0537706 ,
0.0090111 ,0.0538513 ,
0.0085408 ,0.0539279 ,
0.0080699 ,0.0540003 ,
0.0075984 ,0.0540688 ,
0.0071262 ,0.0541330 ,
0.0066536 ,0.0541931 ,
0.0061804 ,0.0542491 ,
0.0057068 ,0.0543010 ,
0.0052327 ,0.0543487 ,
0.0047582 ,0.0543923 ,
0.0042835 ,0.0544317 ,
0.0038083 ,0.0544671 ,
0.0033328 ,0.0544982 ,
0.0028570 ,0.0545252 ,
0.0023811 ,0.0545480 ,
0.0019050 ,0.0545667 ,
0.0014287 ,0.0545813 ,
0.0009523 ,0.0545917 ,
0.0004760 ,0.0545978 ,
-0.0000005 ,0.0546000 ,
0.0209328 ,0.0505363 ,
0.0204910 ,0.0507171 ,
0.0200477 ,0.0508940 ,
0.0196028 ,0.0510670 ,
0.0191564 ,0.0512361 ,
0.0187085 ,0.0514013 ,
0.0182593 ,0.0515626 ,
0.0178086 ,0.0517200 ,
0.0173566 ,0.0518734 ,
0.0169033 ,0.0520229 ,
0.0164486 ,0.0521684 ,
0.0159928 ,0.0523100 ,
0.0155357 ,0.0524476 ,
0.0150774 ,0.0525811 ,
0.0146180 ,0.0527107 ,
0.0141574 ,0.0528363 ,
0.0136958 ,0.0529578 ,
0.0132332 ,0.0530753 ,
0.0127695 ,0.0531888 ,
0.0123048 ,0.0532982 ,
0.0118393 ,0.0534035 ,
0.0113728 ,0.0535048 ,
0.0109054 ,0.0536020 ,
0.0104373 ,0.0536951 ,
0.0099683 ,0.0537842 ,
0.0094986 ,0.0538691 ,
0.0090281 ,0.0539499 ,
0.0085570 ,0.0540267 ,
0.0080852 ,0.0540993 ,
0.0076128 ,0.0541678 ,
0.0071398 ,0.0542322 ,
0.0066663 ,0.0542924 ,
0.0061922 ,0.0543485 ,
0.0057177 ,0.0544005 ,
0.0052428 ,0.0544483 ,
0.0047674 ,0.0544920 ,
0.0042917 ,0.0545315 ,
0.0038157 ,0.0545669 ,
0.0033394 ,0.0545981 ,
0.0028628 ,0.0546252 ,
0.0023860 ,0.0546481 ,
0.0019090 ,0.0546668 ,
0.0014319 ,0.0546814 ,
0.0009546 ,0.0546918 ,
0.0004773 ,0.0546980 ,
0.0000000 ,0.0547001 ,
0.0198991 ,0.0480419 ,
0.0179231 ,0.0488965 ,
0.0158955 ,0.0496200 ,
0.0138250 ,0.0502093 ,
0.0117203 ,0.0506620 ,
0.0174117 ,0.0420367 ,
0.0157487 ,0.0427255 ,
0.0140857 ,0.0434144 ,
0.0124228 ,0.0441031 ,
0.0107598 ,0.0447919 ,
0.0090968 ,0.0454808 ,
0.0074338 ,0.0461695 ,
0.0057708 ,0.0468584 ,
0.0174309 ,0.0420828 ,
0.0157679 ,0.0427717 ,
0.0141049 ,0.0434605 ,
0.0124419 ,0.0441493 ,
0.0107789 ,0.0448382 ,
0.0091160 ,0.0455269 ,
0.0074529 ,0.0462157 ,
0.0057899 ,0.0469046 ,
0.0041270 ,0.0475934 ,
0.0174500 ,0.0421291 ,
0.0141240 ,0.0435066 ,
0.0058091 ,0.0469507 ,
0.0192868 ,0.0465636 ,
0.0159609 ,0.0479413 ,
0.0093089 ,0.0506965 ,
0.0076459 ,0.0513854 ,
0.0193059 ,0.0466099 ,
0.0176430 ,0.0472987 ,
0.0159800 ,0.0479875 ,
0.0143170 ,0.0486763 ,
0.0126540 ,0.0493651 ,
0.0109910 ,0.0500540 ,
0.0093280 ,0.0507428 ,
0.0076650 ,0.0514316 ,
0.0060021 ,0.0521204 ,
0.0193251 ,0.0466561 ,
0.0176621 ,0.0473449 ,
0.0159991 ,0.0480338 ,
0.0143361 ,0.0487225 ,
0.0126732 ,0.0494113 ,
0.0110102 ,0.0501002 ,
0.0093471 ,0.0507889 ,
0.0076842 ,0.0514778 ,
0.0060212 ,0.0521666 ,
0.0040999 ,0.0476587 ,
0.0046053 ,0.0487482 ,
0.0045591 ,0.0487674 ,
0.0045130 ,0.0487865 ,
0.0050182 ,0.0498760 ,
0.0049721 ,0.0498952 ,
0.0055237 ,0.0509655 ,
0.0054775 ,0.0509847 ,
0.0054313 ,0.0510039 ,
0.0059829 ,0.0520742 ,
0.0059368 ,0.0520934 ,
0.0058905 ,0.0521125 ,
0.0041078 ,0.0475472 ,
0.0040155 ,0.0475854 ,
0.0041461 ,0.0476396 ,
0.0040537 ,0.0476778 ,
0.0059288 ,0.0522049 ,
0.0157871 ,0.0428179 ,
0.0124610 ,0.0441955 ,
0.0107980 ,0.0448843 ,
0.0091351 ,0.0455732 ,
0.0074720 ,0.0462620 ,
0.0179092 ,0.0432378 ,
0.0162462 ,0.0439265 ,
0.0145832 ,0.0446154 ,
0.0129203 ,0.0453042 ,
0.0112572 ,0.0459929 ,
0.0095942 ,0.0466818 ,
0.0079313 ,0.0473706 ,
0.0062683 ,0.0480595 ,
0.0183684 ,0.0443464 ,
0.0167054 ,0.0450352 ,
0.0150424 ,0.0457241 ,
0.0133794 ,0.0464128 ,
0.0117165 ,0.0471016 ,
0.0100535 ,0.0477905 ,
0.0083905 ,0.0484792 ,
0.0067275 ,0.0491681 ,
0.0050645 ,0.0498569 ,
0.0188277 ,0.0454550 ,
0.0171646 ,0.0461438 ,
0.0155016 ,0.0468327 ,
0.0138386 ,0.0475215 ,
0.0121757 ,0.0482104 ,
0.0105127 ,0.0488991 ,
0.0088497 ,0.0495879 ,
0.0071867 ,0.0502768 ,
0.0176239 ,0.0472525 ,
0.0142978 ,0.0486301 ,
0.0126349 ,0.0493190 ,
0.0109719 ,0.0500078 ,
0.0057665 ,0.0525968 ,
0.0050208 ,0.0517238 ,
0.0044209 ,0.0507449 ,
0.0039816 ,0.0496840 ,
0.0037134 ,0.0485677 ,
0.0036234 ,0.0474231 ,
0.0088890 ,0.0133037 ,
0.0122224 ,0.0182925 ,
0.0166669 ,0.0249443 ,
0.0183096 ,0.0381991 ,
0.0183096 ,0.0357116 ,
0.0165508 ,0.0339527 ,
0.0217514 ,0.0378038 ,
0.0213122 ,0.0344679 ,
0.0192641 ,0.0317986 ,
0.0161555 ,0.0305109 ,
0.0194448 ,0.0291016 ,
0.0222036 ,0.0270556 ,
0.0231465 ,0.0326226 ,
0.0258067 ,0.0305617 ,
0.0244448 ,0.0365849 ,
0.0258623 ,0.0355970 ,
0.0272399 ,0.0345541 ,
0.0285754 ,0.0334581 ,
0.0298670 ,0.0323104 ,
0.0304486 ,0.0344802 ,
0.0315027 ,0.0335198 ,
0.0316069 ,0.0357920 ,
0.0327013 ,0.0347950 ,
0.0327653 ,0.0371037 ,
0.0338997 ,0.0360702 ,
0.0339236 ,0.0384155 ,
0.0350982 ,0.0373454 ,
0.0350820 ,0.0397271 ,
0.0362967 ,0.0386207 ,
0.0215117 ,0.0494212 ,
0.0223904 ,0.0490294 ,
0.0232620 ,0.0486219 ,
0.0241262 ,0.0481990 ,
0.0249827 ,0.0477606 ,
0.0258311 ,0.0473072 ,
0.0266714 ,0.0468386 ,
0.0275032 ,0.0463551 ,
0.0283262 ,0.0458568 ,
0.0291401 ,0.0453438 ,
0.0299449 ,0.0448164 ,
0.0307400 ,0.0442748 ,
0.0315253 ,0.0437191 ,
0.0323006 ,0.0431494 ,
0.0330657 ,0.0425661 ,
0.0338203 ,0.0419691 ,
0.0345640 ,0.0413587 ,
0.0352966 ,0.0407352 ,
0.0360181 ,0.0400988 ,
0.0367281 ,0.0394495 ,
0.0374263 ,0.0387876 ,
0.0212553 ,0.0500757 ,
0.0216915 ,0.0498883 ,
0.0221260 ,0.0496971 ,
0.0225589 ,0.0495021 ,
0.0229900 ,0.0493034 ,
0.0234194 ,0.0491009 ,
0.0238470 ,0.0488946 ,
0.0242728 ,0.0486846 ,
0.0246967 ,0.0484710 ,
0.0251187 ,0.0482536 ,
0.0255389 ,0.0480326 ,
0.0259570 ,0.0478079 ,
0.0263732 ,0.0475795 ,
0.0267874 ,0.0473476 ,
0.0271996 ,0.0471121 ,
0.0276096 ,0.0468729 ,
0.0280176 ,0.0466302 ,
0.0284235 ,0.0463838 ,
0.0288272 ,0.0461340 ,
0.0292287 ,0.0458807 ,
0.0296280 ,0.0456240 ,
0.0300250 ,0.0453636 ,
0.0304197 ,0.0450999 ,
0.0308121 ,0.0448327 ,
0.0312021 ,0.0445621 ,
0.0315898 ,0.0442881 ,
0.0319751 ,0.0440108 ,
0.0323580 ,0.0437301 ,
0.0327384 ,0.0434461 ,
0.0331163 ,0.0431587 ,
0.0334916 ,0.0428681 ,
0.0338645 ,0.0425741 ,
0.0342346 ,0.0422771 ,
0.0346023 ,0.0419767 ,
0.0349673 ,0.0416732 ,
0.0353296 ,0.0413664 ,
0.0356893 ,0.0410565 ,
0.0360462 ,0.0407435 ,
0.0364004 ,0.0404275 ,
0.0367517 ,0.0401082 ,
0.0371004 ,0.0397860 ,
0.0374461 ,0.0394608 ,
0.0377891 ,0.0391324 ,
0.0381291 ,0.0388011 ,
0.0212944 ,0.0501676 ,
0.0217314 ,0.0499800 ,
0.0221667 ,0.0497884 ,
0.0226003 ,0.0495931 ,
0.0230323 ,0.0493939 ,
0.0234624 ,0.0491911 ,
0.0238907 ,0.0489845 ,
0.0243173 ,0.0487741 ,
0.0247421 ,0.0485601 ,
0.0251649 ,0.0483424 ,
0.0255857 ,0.0481209 ,
0.0260047 ,0.0478957 ,
0.0264218 ,0.0476670 ,
0.0268367 ,0.0474347 ,
0.0272496 ,0.0471986 ,
0.0276604 ,0.0469590 ,
0.0280691 ,0.0467159 ,
0.0284758 ,0.0464691 ,
0.0288802 ,0.0462189 ,
0.0292824 ,0.0459651 ,
0.0296824 ,0.0457078 ,
0.0300801 ,0.0454471 ,
0.0304757 ,0.0451828 ,
0.0308688 ,0.0449151 ,
0.0312595 ,0.0446440 ,
0.0316479 ,0.0443696 ,
0.0320340 ,0.0440918 ,
0.0324174 ,0.0438104 ,
0.0327986 ,0.0435259 ,
0.0331771 ,0.0432381 ,
0.0335532 ,0.0429469 ,
0.0339267 ,0.0426525 ,
0.0342976 ,0.0423548 ,
0.0346659 ,0.0420539 ,
0.0350315 ,0.0417497 ,
0.0353945 ,0.0414425 ,
0.0357548 ,0.0411319 ,
0.0361125 ,0.0408184 ,
0.0364673 ,0.0405018 ,
0.0368193 ,0.0401819 ,
0.0371686 ,0.0398591 ,
0.0375150 ,0.0395332 ,
0.0378585 ,0.0392044 ,
0.0381992 ,0.0388725 ,
0.0213335 ,0.0502597 ,
0.0217712 ,0.0500717 ,
0.0222074 ,0.0498798 ,
0.0226418 ,0.0496841 ,
0.0230745 ,0.0494846 ,
0.0235054 ,0.0492814 ,
0.0239347 ,0.0490744 ,
0.0243620 ,0.0488636 ,
0.0247875 ,0.0486492 ,
0.0252110 ,0.0484310 ,
0.0256327 ,0.0482091 ,
0.0260525 ,0.0479836 ,
0.0264702 ,0.0477545 ,
0.0268859 ,0.0475216 ,
0.0272995 ,0.0472852 ,
0.0277112 ,0.0470451 ,
0.0281207 ,0.0468016 ,
0.0285280 ,0.0465544 ,
0.0289332 ,0.0463037 ,
0.0293362 ,0.0460495 ,
0.0297370 ,0.0457916 ,
0.0301354 ,0.0455304 ,
0.0305316 ,0.0452658 ,
0.0309254 ,0.0449976 ,
0.0313169 ,0.0447260 ,
0.0317060 ,0.0444510 ,
0.0320927 ,0.0441726 ,
0.0324769 ,0.0438908 ,
0.0328587 ,0.0436059 ,
0.0332379 ,0.0433174 ,
0.0336147 ,0.0430257 ,
0.0339889 ,0.0427307 ,
0.0343605 ,0.0424325 ,
0.0347295 ,0.0421310 ,
0.0350958 ,0.0418263 ,
0.0354595 ,0.0415185 ,
0.0358205 ,0.0412075 ,
0.0361786 ,0.0408933 ,
0.0365342 ,0.0405760 ,
0.0368869 ,0.0402556 ,
0.0372367 ,0.0399322 ,
0.0375838 ,0.0396058 ,
0.0379280 ,0.0392763 ,
0.0382693 ,0.0389438 ,
0.0213730 ,0.0503517 ,
0.0218116 ,0.0501633 ,
0.0222485 ,0.0499710 ,
0.0226838 ,0.0497750 ,
0.0231173 ,0.0495751 ,
0.0235490 ,0.0493715 ,
0.0239790 ,0.0491641 ,
0.0244071 ,0.0489530 ,
0.0248333 ,0.0487382 ,
0.0252577 ,0.0485196 ,
0.0256802 ,0.0482973 ,
0.0261006 ,0.0480714 ,
0.0265191 ,0.0478418 ,
0.0269356 ,0.0476086 ,
0.0273501 ,0.0473717 ,
0.0277624 ,0.0471312 ,
0.0281726 ,0.0468872 ,
0.0285807 ,0.0466395 ,
0.0289866 ,0.0463883 ,
0.0293904 ,0.0461336 ,
0.0297918 ,0.0458754 ,
0.0301910 ,0.0456137 ,
0.0305879 ,0.0453485 ,
0.0309825 ,0.0450798 ,
0.0313747 ,0.0448077 ,
0.0317645 ,0.0445322 ,
0.0321519 ,0.0442533 ,
0.0325369 ,0.0439711 ,
0.0329194 ,0.0436855 ,
0.0332993 ,0.0433965 ,
0.0336768 ,0.0431043 ,
0.0340516 ,0.0428088 ,
0.0344239 ,0.0425100 ,
0.0347936 ,0.0422080 ,
0.0351606 ,0.0419027 ,
0.0355249 ,0.0415943 ,
0.0358865 ,0.0412827 ,
0.0362454 ,0.0409680 ,
0.0366015 ,0.0406501 ,
0.0369549 ,0.0403292 ,
0.0373054 ,0.0400051 ,
0.0376531 ,0.0396781 ,
0.0379979 ,0.0393480 ,
0.0383398 ,0.0390149 ,
0.0219007 ,0.0472491 ,
0.0238459 ,0.0463269 ,
0.0257268 ,0.0452795 ,
0.0275352 ,0.0441114 ,
0.0190747 ,0.0413478 ,
0.0207377 ,0.0406590 ,
0.0224007 ,0.0399702 ,
0.0240636 ,0.0392814 ,
0.0257267 ,0.0385926 ,
0.0273897 ,0.0379038 ,
0.0290526 ,0.0372149 ,
0.0190939 ,0.0413940 ,
0.0207568 ,0.0407053 ,
0.0224198 ,0.0400164 ,
0.0240828 ,0.0393276 ,
0.0257458 ,0.0386388 ,
0.0274088 ,0.0379500 ,
0.0290718 ,0.0372611 ,
0.0307348 ,0.0365724 ,
0.0207760 ,0.0407515 ,
0.0290909 ,0.0373074 ,
0.0226128 ,0.0451861 ,
0.0292648 ,0.0424308 ,
0.0309277 ,0.0417420 ,
0.0209690 ,0.0459211 ,
0.0226320 ,0.0452323 ,
0.0242949 ,0.0445434 ,
0.0259579 ,0.0438546 ,
0.0276209 ,0.0431659 ,
0.0292839 ,0.0424770 ,
0.0309469 ,0.0417882 ,
0.0326099 ,0.0410994 ,
0.0209881 ,0.0459672 ,
0.0226511 ,0.0452784 ,
0.0243140 ,0.0445897 ,
0.0259770 ,0.0439008 ,
0.0276401 ,0.0432120 ,
0.0293030 ,0.0425232 ,
0.0309660 ,0.0418343 ,
0.0326291 ,0.0411456 ,
0.0308001 ,0.0365994 ,
0.0312131 ,0.0377272 ,
0.0312593 ,0.0377080 ,
0.0313055 ,0.0376889 ,
0.0317186 ,0.0388167 ,
0.0317647 ,0.0387976 ,
0.0321315 ,0.0399445 ,
0.0321777 ,0.0399254 ,
0.0322239 ,0.0399063 ,
0.0325908 ,0.0410532 ,
0.0326369 ,0.0410340 ,
0.0326831 ,0.0410149 ,
0.0307157 ,0.0365262 ,
0.0308080 ,0.0364878 ,
0.0307539 ,0.0366185 ,
0.0308463 ,0.0365802 ,
0.0327214 ,0.0411073 ,
0.0191129 ,0.0414402 ,
0.0224390 ,0.0400626 ,
0.0241020 ,0.0393738 ,
0.0257650 ,0.0386850 ,
0.0274279 ,0.0379962 ,
0.0195722 ,0.0425489 ,
0.0212352 ,0.0418601 ,
0.0228982 ,0.0411713 ,
0.0245611 ,0.0404825 ,
0.0262241 ,0.0397937 ,
0.0278871 ,0.0391048 ,
0.0295501 ,0.0384160 ,
0.0200314 ,0.0436575 ,
0.0216944 ,0.0429687 ,
0.0233573 ,0.0422800 ,
0.0250203 ,0.0415911 ,
0.0266834 ,0.0409023 ,
0.0283464 ,0.0402135 ,
0.0300093 ,0.0395246 ,
0.0316724 ,0.0388359 ,
0.0204906 ,0.0447662 ,
0.0221535 ,0.0440774 ,
0.0238166 ,0.0433886 ,
0.0254796 ,0.0426998 ,
0.0271426 ,0.0420109 ,
0.0288056 ,0.0413222 ,
0.0304686 ,0.0406333 ,
0.0209498 ,0.0458749 ,
0.0242758 ,0.0444972 ,
0.0259388 ,0.0438084 ,
0.0276018 ,0.0431196 ,
0.0331134 ,0.0412697 ,
0.0330233 ,0.0401251 ,
0.0327552 ,0.0390087 ,
0.0323159 ,0.0379479 ,
0.0317160 ,0.0369689 ,
0.0309704 ,0.0360960 ,
1,820,ironR
821,948,PM1
949,1076,PM2
1077,1092,shaft
1093,1108,bolt
1109,1460,gapPM
1461,2540,airgap
motor,true
