triangle
//Number_of_Node
1938
//Number_of_Element
3618
//Number_of_Region
10
//Factor
1.0
15,66,16,
66,75,67,
17,16,67,
76,67,75,
77,76,80,
66,67,16,
68,67,76,
70,20,19,
18,69,19,
68,69,18,
17,67,68,
70,19,69,
77,69,68,
76,77,68,
68,18,17,
78,69,77,
77,80,81,
21,71,22,
21,20,71,
1,22,71,
1,71,2,
70,78,3,
70,69,78,
2,71,3,
77,81,78,
70,3,71,
71,20,70,
76,75,79,
79,84,85,
80,85,86,
85,80,79,
84,90,85,
79,80,76,
90,89,100,
95,99,94,
89,99,100,
89,90,84,
85,90,91,
85,91,86,
90,100,101,
91,90,101,
100,96,101,
95,52,96,
52,95,94,
48,96,52,
48,52,49,
95,96,100,
100,99,95,
94,65,52,
65,64,53,
56,60,57,
64,56,57,
60,104,61,
49,52,53,
57,60,61,
107,61,105,
105,61,104,
64,54,53,
57,54,64,
57,61,62,
65,53,52,
53,50,49,
53,54,50,
55,54,58,
54,51,50,
57,58,54,
62,63,59,
55,58,59,
55,51,54,
59,58,62,
61,107,62,
62,58,57,
107,106,63,
107,63,62,
81,80,86,
142,66,15,
186,75,66,
186,142,143,
75,186,194,
197,194,195,
142,186,66,
194,186,187,
145,146,189,
145,188,144,
144,188,187,
187,186,143,
188,145,189,
187,188,195,
187,195,194,
143,144,187,
195,188,196,
198,197,195,
148,190,147,
190,146,147,
190,148,129,
130,190,129,
131,196,189,
196,188,189,
131,190,130,
196,198,195,
190,131,189,
189,146,190,
79,75,194,
201,84,79,
202,201,197,
79,197,201,
201,205,84,
194,197,79,
213,89,205,
94,99,209,
213,99,89,
84,205,89,
206,205,201,
202,206,201,
214,213,205,
214,205,206,
214,210,213,
210,176,209,
94,209,176,
176,210,172,
173,176,172,
213,210,209,
209,99,213,
176,65,94,
177,64,65,
180,60,56,
180,56,64,
183,104,60,
177,176,173,
183,60,180,
217,183,219,
104,183,217,
177,178,64,
64,178,180,
184,183,180,
176,177,65,
173,174,177,
174,178,177,
181,178,179,
174,175,178,
178,181,180,
182,185,184,
182,181,179,
178,175,179,
184,181,182,
184,219,183,
180,181,184,
185,218,219,
184,185,219,
202,197,198,
249,300,250,
300,309,301,
251,250,301,
310,301,309,
311,310,314,
300,301,250,
302,301,310,
304,254,253,
252,303,253,
302,303,252,
251,301,302,
304,253,303,
311,303,302,
310,311,302,
302,252,251,
312,303,311,
311,314,315,
255,305,256,
255,254,305,
235,256,305,
235,305,236,
304,312,237,
304,303,312,
236,305,237,
311,315,312,
304,237,305,
305,254,304,
310,309,313,
313,318,319,
314,319,320,
319,314,313,
318,324,319,
313,314,310,
324,323,334,
329,333,328,
323,333,334,
323,324,318,
319,324,325,
319,325,320,
324,334,335,
325,324,335,
334,330,335,
329,286,330,
286,329,328,
282,330,286,
282,286,283,
329,330,334,
334,333,329,
328,299,286,
299,298,287,
290,294,291,
298,290,291,
294,338,295,
283,286,287,
291,294,295,
341,295,339,
339,295,338,
298,288,287,
291,288,298,
291,295,296,
299,287,286,
287,284,283,
287,288,284,
289,288,292,
288,285,284,
291,292,288,
296,297,293,
289,292,293,
289,285,288,
293,292,296,
295,341,296,
296,292,291,
341,340,297,
341,297,296,
315,314,320,
375,300,249,
412,309,300,
412,375,376,
309,412,419,
422,419,420,
375,412,300,
419,412,413,
378,379,415,
378,414,377,
377,414,413,
413,412,376,
414,378,415,
413,414,420,
413,420,419,
376,377,413,
420,414,421,
423,422,420,
381,416,380,
416,379,380,
416,381,363,
364,416,363,
365,421,415,
421,414,415,
365,416,364,
421,423,420,
416,365,415,
415,379,416,
313,309,419,
425,318,313,
426,425,422,
313,422,425,
425,428,318,
419,422,313,
434,323,428,
328,333,431,
434,333,323,
318,428,323,
429,428,425,
426,429,425,
435,434,428,
435,428,429,
435,432,434,
432,405,431,
328,431,405,
405,432,402,
403,405,402,
434,432,431,
431,333,434,
405,299,328,
406,298,299,
408,294,290,
408,290,298,
410,338,294,
406,405,403,
410,294,408,
437,410,438,
338,410,437,
406,407,298,
298,407,408,
411,410,408,
405,406,299,
403,404,406,
404,407,406,
409,407,55,
404,51,407,
407,409,408,
59,63,411,
59,409,55,
407,51,55,
411,409,59,
411,438,410,
408,409,411,
63,106,438,
411,63,438,
426,422,423,
462,513,463,
513,522,514,
464,463,514,
523,514,522,
524,523,527,
513,514,463,
515,514,523,
517,467,466,
465,516,466,
515,516,465,
464,514,515,
517,466,516,
524,516,515,
523,524,515,
515,465,464,
525,516,524,
524,527,528,
468,518,469,
468,467,518,
448,469,518,
448,518,449,
517,525,450,
517,516,525,
449,518,450,
524,528,525,
517,450,518,
518,467,517,
523,522,526,
526,531,532,
527,532,533,
532,527,526,
531,537,532,
526,527,523,
537,536,547,
542,546,541,
536,546,547,
536,537,531,
532,537,538,
532,538,533,
537,547,548,
538,537,548,
547,543,548,
542,499,543,
499,542,541,
495,543,499,
495,499,496,
542,543,547,
547,546,542,
541,512,499,
512,511,500,
503,507,504,
511,503,504,
507,551,508,
496,499,500,
504,507,508,
554,508,552,
552,508,551,
511,501,500,
504,501,511,
504,508,509,
512,500,499,
500,497,496,
500,501,497,
502,501,505,
501,498,497,
504,505,501,
509,510,506,
502,505,506,
502,498,501,
506,505,509,
508,554,509,
509,505,504,
554,553,510,
554,510,509,
528,527,533,
588,513,462,
625,522,513,
625,588,589,
522,625,632,
635,632,633,
588,625,513,
632,625,626,
591,592,628,
591,627,590,
590,627,626,
626,625,589,
627,591,628,
626,627,633,
626,633,632,
589,590,626,
633,627,634,
636,635,633,
594,629,593,
629,592,593,
629,594,576,
577,629,576,
578,634,628,
634,627,628,
578,629,577,
634,636,633,
629,578,628,
628,592,629,
526,522,632,
638,531,526,
639,638,635,
526,635,638,
638,641,531,
632,635,526,
647,536,641,
541,546,644,
647,546,536,
531,641,536,
642,641,638,
639,642,638,
648,647,641,
648,641,642,
648,645,647,
645,618,644,
541,644,618,
618,645,615,
616,618,615,
647,645,644,
644,546,647,
618,512,541,
619,511,512,
621,507,503,
621,503,511,
623,551,507,
619,618,616,
623,507,621,
650,623,651,
551,623,650,
619,620,511,
511,620,621,
624,623,621,
618,619,512,
616,617,619,
617,620,619,
622,620,289,
617,285,620,
620,622,621,
293,297,624,
293,622,289,
620,285,289,
624,622,293,
624,651,623,
621,622,624,
297,340,651,
624,297,651,
639,635,636,
675,726,676,
726,735,727,
677,676,727,
736,727,735,
737,736,740,
726,727,676,
728,727,736,
730,680,679,
678,729,679,
728,729,678,
677,727,728,
730,679,729,
737,729,728,
736,737,728,
728,678,677,
738,729,737,
737,740,741,
681,731,682,
681,680,731,
661,682,731,
661,731,662,
730,738,663,
730,729,738,
662,731,663,
737,741,738,
730,663,731,
731,680,730,
736,735,739,
739,744,745,
740,745,746,
745,740,739,
744,750,745,
739,740,736,
750,749,760,
755,759,754,
749,759,760,
749,750,744,
745,750,751,
745,751,746,
750,760,761,
751,750,761,
760,756,761,
755,712,756,
712,755,754,
708,756,712,
708,712,709,
755,756,760,
760,759,755,
754,725,712,
725,724,713,
716,720,717,
724,716,717,
720,764,721,
709,712,713,
717,720,721,
767,721,765,
765,721,764,
724,714,713,
717,714,724,
717,721,722,
725,713,712,
713,710,709,
713,714,710,
715,714,718,
714,711,710,
717,718,714,
722,723,719,
715,718,719,
715,711,714,
719,718,722,
721,767,722,
722,718,717,
767,766,723,
767,723,722,
741,740,746,
801,726,675,
838,735,726,
838,801,802,
735,838,845,
848,845,846,
801,838,726,
845,838,839,
804,805,841,
804,840,803,
803,840,839,
839,838,802,
840,804,841,
839,840,846,
839,846,845,
802,803,839,
846,840,847,
849,848,846,
807,842,806,
842,805,806,
842,807,789,
790,842,789,
791,847,841,
847,840,841,
791,842,790,
847,849,846,
842,791,841,
841,805,842,
739,735,845,
851,744,739,
852,851,848,
739,848,851,
851,854,744,
845,848,739,
860,749,854,
754,759,857,
860,759,749,
744,854,749,
855,854,851,
852,855,851,
861,860,854,
861,854,855,
861,858,860,
858,831,857,
754,857,831,
831,858,828,
829,831,828,
860,858,857,
857,759,860,
831,725,754,
832,724,725,
834,720,716,
834,716,724,
836,764,720,
832,831,829,
836,720,834,
863,836,864,
764,836,863,
832,833,724,
724,833,834,
837,836,834,
831,832,725,
829,830,832,
830,833,832,
835,833,502,
830,498,833,
833,835,834,
506,510,837,
506,835,502,
833,498,502,
837,835,506,
837,864,836,
834,835,837,
510,553,864,
837,510,864,
852,848,849,
888,939,889,
939,948,940,
890,889,940,
949,940,948,
950,949,953,
939,940,889,
941,940,949,
943,893,892,
891,942,892,
941,942,891,
890,940,941,
943,892,942,
950,942,941,
949,950,941,
941,891,890,
951,942,950,
950,953,954,
894,944,895,
894,893,944,
874,895,944,
874,944,875,
943,951,876,
943,942,951,
875,944,876,
950,954,951,
943,876,944,
944,893,943,
949,948,952,
952,957,958,
953,958,959,
958,953,952,
957,963,958,
952,953,949,
963,962,973,
968,972,967,
962,972,973,
962,963,957,
958,963,964,
958,964,959,
963,973,974,
964,963,974,
973,969,974,
968,925,969,
925,968,967,
921,969,925,
921,925,922,
968,969,973,
973,972,968,
967,938,925,
938,937,926,
929,933,930,
937,929,930,
933,977,934,
922,925,926,
930,933,934,
980,934,978,
978,934,977,
937,927,926,
930,927,937,
930,934,935,
938,926,925,
926,923,922,
926,927,923,
928,927,931,
927,924,923,
930,931,927,
935,936,932,
928,931,932,
928,924,927,
932,931,935,
934,980,935,
935,931,930,
980,979,936,
980,936,935,
954,953,959,
1014,939,888,
1051,948,939,
1051,1014,1015,
948,1051,1058,
1061,1058,1059,
1014,1051,939,
1058,1051,1052,
1017,1018,1054,
1017,1053,1016,
1016,1053,1052,
1052,1051,1015,
1053,1017,1054,
1052,1053,1059,
1052,1059,1058,
1015,1016,1052,
1059,1053,1060,
1062,1061,1059,
1020,1055,1019,
1055,1018,1019,
1055,1020,1002,
1003,1055,1002,
1004,1060,1054,
1060,1053,1054,
1004,1055,1003,
1060,1062,1059,
1055,1004,1054,
1054,1018,1055,
952,948,1058,
1064,957,952,
1065,1064,1061,
952,1061,1064,
1064,1067,957,
1058,1061,952,
1073,962,1067,
967,972,1070,
1073,972,962,
957,1067,962,
1068,1067,1064,
1065,1068,1064,
1074,1073,1067,
1074,1067,1068,
1074,1071,1073,
1071,1044,1070,
967,1070,1044,
1044,1071,1041,
1042,1044,1041,
1073,1071,1070,
1070,972,1073,
1044,938,967,
1045,937,938,
1047,933,929,
1047,929,937,
1049,977,933,
1045,1044,1042,
1049,933,1047,
1076,1049,1077,
977,1049,1076,
1045,1046,937,
937,1046,1047,
1050,1049,1047,
1044,1045,938,
1042,1043,1045,
1043,1046,1045,
1048,1046,715,
1043,711,1046,
1046,1048,1047,
719,723,1050,
719,1048,715,
1046,711,715,
1050,1048,719,
1050,1077,1049,
1047,1048,1050,
723,766,1077,
1050,723,1077,
1065,1061,1062,
1101,1152,1102,
1152,1161,1153,
1103,1102,1153,
1162,1153,1161,
1163,1162,1166,
1152,1153,1102,
1154,1153,1162,
1156,1106,1105,
1104,1155,1105,
1154,1155,1104,
1103,1153,1154,
1156,1105,1155,
1163,1155,1154,
1162,1163,1154,
1154,1104,1103,
1164,1155,1163,
1163,1166,1167,
1107,1157,1108,
1107,1106,1157,
1087,1108,1157,
1087,1157,1088,
1156,1164,1089,
1156,1155,1164,
1088,1157,1089,
1163,1167,1164,
1156,1089,1157,
1157,1106,1156,
1162,1161,1165,
1165,1170,1171,
1166,1171,1172,
1171,1166,1165,
1170,1176,1171,
1165,1166,1162,
1176,1175,1186,
1181,1185,1180,
1175,1185,1186,
1175,1176,1170,
1171,1176,1177,
1171,1177,1172,
1176,1186,1187,
1177,1176,1187,
1186,1182,1187,
1181,1138,1182,
1138,1181,1180,
1134,1182,1138,
1134,1138,1135,
1181,1182,1186,
1186,1185,1181,
1180,1151,1138,
1151,1150,1139,
1142,1146,1143,
1150,1142,1143,
1146,1190,1147,
1135,1138,1139,
1143,1146,1147,
1193,1147,1191,
1191,1147,1190,
1150,1140,1139,
1143,1140,1150,
1143,1147,1148,
1151,1139,1138,
1139,1136,1135,
1139,1140,1136,
1141,1140,1144,
1140,1137,1136,
1143,1144,1140,
1148,1149,1145,
1141,1144,1145,
1141,1137,1140,
1145,1144,1148,
1147,1193,1148,
1148,1144,1143,
1193,1192,1149,
1193,1149,1148,
1167,1166,1172,
1227,1152,1101,
1264,1161,1152,
1264,1227,1228,
1161,1264,1271,
1274,1271,1272,
1227,1264,1152,
1271,1264,1265,
1230,1231,1267,
1230,1266,1229,
1229,1266,1265,
1265,1264,1228,
1266,1230,1267,
1265,1266,1272,
1265,1272,1271,
1228,1229,1265,
1272,1266,1273,
1275,1274,1272,
1233,1268,1232,
1268,1231,1232,
1268,1233,1215,
1216,1268,1215,
1217,1273,1267,
1273,1266,1267,
1217,1268,1216,
1273,1275,1272,
1268,1217,1267,
1267,1231,1268,
1165,1161,1271,
1277,1170,1165,
1278,1277,1274,
1165,1274,1277,
1277,1280,1170,
1271,1274,1165,
1286,1175,1280,
1180,1185,1283,
1286,1185,1175,
1170,1280,1175,
1281,1280,1277,
1278,1281,1277,
1287,1286,1280,
1287,1280,1281,
1287,1284,1286,
1284,1257,1283,
1180,1283,1257,
1257,1284,1254,
1255,1257,1254,
1286,1284,1283,
1283,1185,1286,
1257,1151,1180,
1258,1150,1151,
1260,1146,1142,
1260,1142,1150,
1262,1190,1146,
1258,1257,1255,
1262,1146,1260,
1289,1262,1290,
1190,1262,1289,
1258,1259,1150,
1150,1259,1260,
1263,1262,1260,
1257,1258,1151,
1255,1256,1258,
1256,1259,1258,
1261,1259,928,
1256,924,1259,
1259,1261,1260,
932,936,1263,
932,1261,928,
1259,924,928,
1263,1261,932,
1263,1290,1262,
1260,1261,1263,
936,979,1290,
1263,936,1290,
1278,1274,1275,
1314,1365,1315,
1365,1374,1366,
1316,1315,1366,
1375,1366,1374,
1376,1375,1379,
1365,1366,1315,
1367,1366,1375,
1369,1319,1318,
1317,1368,1318,
1367,1368,1317,
1316,1366,1367,
1369,1318,1368,
1376,1368,1367,
1375,1376,1367,
1367,1317,1316,
1377,1368,1376,
1376,1379,1380,
1320,1370,1321,
1320,1319,1370,
1300,1321,1370,
1300,1370,1301,
1369,1377,1302,
1369,1368,1377,
1301,1370,1302,
1376,1380,1377,
1369,1302,1370,
1370,1319,1369,
1375,1374,1378,
1378,1383,1384,
1379,1384,1385,
1384,1379,1378,
1383,1389,1384,
1378,1379,1375,
1389,1388,1399,
1394,1398,1393,
1388,1398,1399,
1388,1389,1383,
1384,1389,1390,
1384,1390,1385,
1389,1399,1400,
1390,1389,1400,
1399,1395,1400,
1394,1351,1395,
1351,1394,1393,
1347,1395,1351,
1347,1351,1348,
1394,1395,1399,
1399,1398,1394,
1393,1364,1351,
1364,1363,1352,
1355,1359,1356,
1363,1355,1356,
1359,1403,1360,
1348,1351,1352,
1356,1359,1360,
1406,1360,1404,
1404,1360,1403,
1363,1353,1352,
1356,1353,1363,
1356,1360,1361,
1364,1352,1351,
1352,1349,1348,
1352,1353,1349,
1354,1353,1357,
1353,1350,1349,
1356,1357,1353,
1361,1362,1358,
1354,1357,1358,
1354,1350,1353,
1358,1357,1361,
1360,1406,1361,
1361,1357,1356,
1406,1405,1362,
1406,1362,1361,
1380,1379,1385,
1440,1365,1314,
1477,1374,1365,
1477,1440,1441,
1374,1477,1484,
1487,1484,1485,
1440,1477,1365,
1484,1477,1478,
1443,1444,1480,
1443,1479,1442,
1442,1479,1478,
1478,1477,1441,
1479,1443,1480,
1478,1479,1485,
1478,1485,1484,
1441,1442,1478,
1485,1479,1486,
1488,1487,1485,
1446,1481,1445,
1481,1444,1445,
1481,1446,1428,
1429,1481,1428,
1430,1486,1480,
1486,1479,1480,
1430,1481,1429,
1486,1488,1485,
1481,1430,1480,
1480,1444,1481,
1378,1374,1484,
1490,1383,1378,
1491,1490,1487,
1378,1487,1490,
1490,1493,1383,
1484,1487,1378,
1499,1388,1493,
1393,1398,1496,
1499,1398,1388,
1383,1493,1388,
1494,1493,1490,
1491,1494,1490,
1500,1499,1493,
1500,1493,1494,
1500,1497,1499,
1497,1470,1496,
1393,1496,1470,
1470,1497,1467,
1468,1470,1467,
1499,1497,1496,
1496,1398,1499,
1470,1364,1393,
1471,1363,1364,
1473,1359,1355,
1473,1355,1363,
1475,1403,1359,
1471,1470,1468,
1475,1359,1473,
1502,1475,1503,
1403,1475,1502,
1471,1472,1363,
1363,1472,1473,
1476,1475,1473,
1470,1471,1364,
1468,1469,1471,
1469,1472,1471,
1474,1472,1141,
1469,1137,1472,
1472,1474,1473,
1145,1149,1476,
1145,1474,1141,
1472,1137,1141,
1476,1474,1145,
1476,1503,1475,
1473,1474,1476,
1149,1192,1503,
1476,1149,1503,
1491,1487,1488,
1527,1578,1528,
1578,1587,1579,
1529,1528,1579,
1588,1579,1587,
1589,1588,1592,
1578,1579,1528,
1580,1579,1588,
1582,1532,1531,
1530,1581,1531,
1580,1581,1530,
1529,1579,1580,
1582,1531,1581,
1589,1581,1580,
1588,1589,1580,
1580,1530,1529,
1590,1581,1589,
1589,1592,1593,
1533,1583,1534,
1533,1532,1583,
1513,1534,1583,
1513,1583,1514,
1582,1590,1515,
1582,1581,1590,
1514,1583,1515,
1589,1593,1590,
1582,1515,1583,
1583,1532,1582,
1588,1587,1591,
1591,1596,1597,
1592,1597,1598,
1597,1592,1591,
1596,1602,1597,
1591,1592,1588,
1602,1601,1612,
1607,1611,1606,
1601,1611,1612,
1601,1602,1596,
1597,1602,1603,
1597,1603,1598,
1602,1612,1613,
1603,1602,1613,
1612,1608,1613,
1607,1564,1608,
1564,1607,1606,
1560,1608,1564,
1560,1564,1561,
1607,1608,1612,
1612,1611,1607,
1606,1577,1564,
1577,1576,1565,
1568,1572,1569,
1576,1568,1569,
1572,1616,1573,
1561,1564,1565,
1569,1572,1573,
1619,1573,1617,
1617,1573,1616,
1576,1566,1565,
1569,1566,1576,
1569,1573,1574,
1577,1565,1564,
1565,1562,1561,
1565,1566,1562,
1567,1566,1570,
1566,1563,1562,
1569,1570,1566,
1574,1575,1571,
1567,1570,1571,
1567,1563,1566,
1571,1570,1574,
1573,1619,1574,
1574,1570,1569,
1619,1618,1575,
1619,1575,1574,
1593,1592,1598,
1653,1578,1527,
1690,1587,1578,
1690,1653,1654,
1587,1690,1697,
1700,1697,1698,
1653,1690,1578,
1697,1690,1691,
1656,1657,1693,
1656,1692,1655,
1655,1692,1691,
1691,1690,1654,
1692,1656,1693,
1691,1692,1698,
1691,1698,1697,
1654,1655,1691,
1698,1692,1699,
1701,1700,1698,
1659,1694,1658,
1694,1657,1658,
1694,1659,1641,
1642,1694,1641,
1643,1699,1693,
1699,1692,1693,
1643,1694,1642,
1699,1701,1698,
1694,1643,1693,
1693,1657,1694,
1591,1587,1697,
1703,1596,1591,
1704,1703,1700,
1591,1700,1703,
1703,1706,1596,
1697,1700,1591,
1712,1601,1706,
1606,1611,1709,
1712,1611,1601,
1596,1706,1601,
1707,1706,1703,
1704,1707,1703,
1713,1712,1706,
1713,1706,1707,
1713,1710,1712,
1710,1683,1709,
1606,1709,1683,
1683,1710,1680,
1681,1683,1680,
1712,1710,1709,
1709,1611,1712,
1683,1577,1606,
1684,1576,1577,
1686,1572,1568,
1686,1568,1576,
1688,1616,1572,
1684,1683,1681,
1688,1572,1686,
1715,1688,1716,
1616,1688,1715,
1684,1685,1576,
1576,1685,1686,
1689,1688,1686,
1683,1684,1577,
1681,1682,1684,
1682,1685,1684,
1687,1685,1354,
1682,1350,1685,
1685,1687,1686,
1358,1362,1689,
1358,1687,1354,
1685,1350,1354,
1689,1687,1358,
1689,1716,1688,
1686,1687,1689,
1362,1405,1716,
1689,1362,1716,
1704,1700,1701,
1740,1791,1741,
1791,1800,1792,
1742,1741,1792,
1801,1792,1800,
1802,1801,1805,
1791,1792,1741,
1793,1792,1801,
1795,1745,1744,
1743,1794,1744,
1793,1794,1743,
1742,1792,1793,
1795,1744,1794,
1802,1794,1793,
1801,1802,1793,
1793,1743,1742,
1803,1794,1802,
1802,1805,1806,
1746,1796,1747,
1746,1745,1796,
1726,1747,1796,
1726,1796,1727,
1795,1803,1728,
1795,1794,1803,
1727,1796,1728,
1802,1806,1803,
1795,1728,1796,
1796,1745,1795,
1801,1800,1804,
1804,1809,1810,
1805,1810,1811,
1810,1805,1804,
1809,1815,1810,
1804,1805,1801,
1815,1814,1825,
1820,1824,1819,
1814,1824,1825,
1814,1815,1809,
1810,1815,1816,
1810,1816,1811,
1815,1825,1826,
1816,1815,1826,
1825,1821,1826,
1820,1777,1821,
1777,1820,1819,
1773,1821,1777,
1773,1777,1774,
1820,1821,1825,
1825,1824,1820,
1819,1790,1777,
1790,1789,1778,
1781,1785,1782,
1789,1781,1782,
1785,1829,1786,
1774,1777,1778,
1782,1785,1786,
1832,1786,1830,
1830,1786,1829,
1789,1779,1778,
1782,1779,1789,
1782,1786,1787,
1790,1778,1777,
1778,1775,1774,
1778,1779,1775,
1780,1779,1783,
1779,1776,1775,
1782,1783,1779,
1787,1788,1784,
1780,1783,1784,
1780,1776,1779,
1784,1783,1787,
1786,1832,1787,
1787,1783,1782,
1832,1831,1788,
1832,1788,1787,
1806,1805,1811,
1866,1791,1740,
1903,1800,1791,
1903,1866,1867,
1800,1903,1910,
1913,1910,1911,
1866,1903,1791,
1910,1903,1904,
1869,1870,1906,
1869,1905,1868,
1868,1905,1904,
1904,1903,1867,
1905,1869,1906,
1904,1905,1911,
1904,1911,1910,
1867,1868,1904,
1911,1905,1912,
1914,1913,1911,
1872,1907,1871,
1907,1870,1871,
1907,1872,1854,
1855,1907,1854,
1856,1912,1906,
1912,1905,1906,
1856,1907,1855,
1912,1914,1911,
1907,1856,1906,
1906,1870,1907,
1804,1800,1910,
1916,1809,1804,
1917,1916,1913,
1804,1913,1916,
1916,1919,1809,
1910,1913,1804,
1925,1814,1919,
1819,1824,1922,
1925,1824,1814,
1809,1919,1814,
1920,1919,1916,
1917,1920,1916,
1926,1925,1919,
1926,1919,1920,
1926,1923,1925,
1923,1896,1922,
1819,1922,1896,
1896,1923,1893,
1894,1896,1893,
1925,1923,1922,
1922,1824,1925,
1896,1790,1819,
1897,1789,1790,
1899,1785,1781,
1899,1781,1789,
1901,1829,1785,
1897,1896,1894,
1901,1785,1899,
1928,1901,1929,
1829,1901,1928,
1897,1898,1789,
1789,1898,1899,
1902,1901,1899,
1896,1897,1790,
1894,1895,1897,
1895,1898,1897,
1900,1898,1567,
1895,1563,1898,
1898,1900,1899,
1571,1575,1902,
1571,1900,1567,
1898,1563,1567,
1902,1900,1571,
1902,1929,1901,
1899,1900,1902,
1575,1618,1929,
1902,1575,1929,
1917,1913,1914,
196,131,198,
198,131,199,
200,192,193,
191,199,130,
131,130,199,
191,192,199,
200,199,192,
200,204,199,
199,203,198,
214,206,215,
202,207,206,
198,203,202,
207,203,208,
215,206,207,
216,215,207,
207,202,203,
203,204,208,
208,216,207,
203,199,204,
1806,1728,1803,
1807,1728,1806,
1799,1798,1808,
1727,1807,1797,
1807,1727,1728,
1807,1798,1797,
1798,1807,1808,
1807,1813,1808,
1806,1812,1807,
1827,1816,1826,
1816,1817,1811,
1811,1812,1806,
1818,1812,1817,
1817,1816,1827,
1817,1827,1828,
1812,1811,1817,
1818,1813,1812,
1817,1828,1818,
1813,1807,1812,
172,210,211,
211,210,214,
211,214,215,
215,212,211,
212,173,211,
173,172,211,
174,173,212,
212,215,216,
175,174,212,
1822,1821,1773,
1826,1821,1822,
1827,1826,1822,
1822,1823,1827,
1822,1774,1823,
1822,1773,1774,
1823,1774,1775,
1828,1827,1823,
1823,1775,1776,
81,3,78,
82,3,81,
74,73,83,
2,82,72,
82,2,3,
82,73,72,
73,82,83,
82,88,83,
81,87,82,
102,91,101,
91,92,86,
86,87,81,
93,87,92,
92,91,102,
92,102,103,
87,86,92,
93,88,87,
92,103,93,
88,82,87,
421,365,423,
423,365,424,
83,418,74,
417,424,364,
365,364,424,
417,418,424,
83,424,418,
83,88,424,
424,427,423,
435,429,436,
426,430,429,
423,427,426,
430,427,93,
436,429,430,
103,436,430,
430,426,427,
427,88,93,
93,103,430,
427,424,88,
954,876,951,
955,876,954,
947,946,956,
875,955,945,
955,875,876,
955,946,945,
946,955,956,
955,961,956,
954,960,955,
975,964,974,
964,965,959,
959,960,954,
966,960,965,
965,964,975,
965,975,976,
960,959,965,
966,961,960,
965,976,966,
961,955,960,
1273,1217,1275,
1275,1217,1276,
956,1270,947,
1269,1276,1216,
1217,1216,1276,
1269,1270,1276,
956,1276,1270,
956,961,1276,
1276,1279,1275,
1287,1281,1288,
1278,1282,1281,
1275,1279,1278,
1282,1279,966,
1288,1281,1282,
976,1288,1282,
1282,1278,1279,
1279,961,966,
966,976,1282,
1279,1276,961,
970,969,921,
974,969,970,
975,974,970,
970,971,975,
970,922,971,
970,921,922,
971,922,923,
976,975,971,
971,923,924,
1254,1284,1285,
1285,1284,1287,
1285,1287,1288,
1288,971,1285,
971,1255,1285,
1255,1254,1285,
1256,1255,971,
971,1288,976,
924,1256,971,
757,756,708,
761,756,757,
762,761,757,
757,758,762,
757,709,758,
757,708,709,
758,709,710,
763,762,758,
758,710,711,
1041,1071,1072,
1072,1071,1074,
1072,1074,1075,
1075,758,1072,
758,1042,1072,
1042,1041,1072,
1043,1042,758,
758,1075,763,
711,1043,758,
528,450,525,
529,450,528,
521,520,530,
449,529,519,
529,449,450,
529,520,519,
520,529,530,
529,535,530,
528,534,529,
549,538,548,
538,539,533,
533,534,528,
540,534,539,
539,538,549,
539,549,550,
534,533,539,
540,535,534,
539,550,540,
535,529,534,
847,791,849,
849,791,850,
530,844,521,
843,850,790,
791,790,850,
843,844,850,
530,850,844,
530,535,850,
850,853,849,
861,855,862,
852,856,855,
849,853,852,
856,853,540,
862,855,856,
550,862,856,
856,852,853,
853,535,540,
540,550,856,
853,850,535,
544,543,495,
548,543,544,
549,548,544,
544,545,549,
544,496,545,
544,495,496,
545,496,497,
550,549,545,
545,497,498,
828,858,859,
859,858,861,
859,861,862,
862,545,859,
545,829,859,
829,828,859,
830,829,545,
545,862,550,
498,830,545,
741,663,738,
742,663,741,
734,733,743,
662,742,732,
742,662,663,
742,733,732,
733,742,743,
742,748,743,
741,747,742,
762,751,761,
751,752,746,
746,747,741,
753,747,752,
752,751,762,
752,762,763,
747,746,752,
753,748,747,
752,763,753,
748,742,747,
1060,1004,1062,
1062,1004,1063,
743,1057,734,
1056,1063,1003,
1004,1003,1063,
1056,1057,1063,
743,1063,1057,
743,748,1063,
1063,1066,1062,
1074,1068,1075,
1065,1069,1068,
1062,1066,1065,
1069,1066,753,
1075,1068,1069,
763,1075,1069,
1069,1065,1066,
1066,748,753,
753,763,1069,
1066,1063,748,
1593,1515,1590,
1594,1515,1593,
1586,1585,1595,
1514,1594,1584,
1594,1514,1515,
1594,1585,1584,
1585,1594,1595,
1594,1600,1595,
1593,1599,1594,
1614,1603,1613,
1603,1604,1598,
1598,1599,1593,
1605,1599,1604,
1604,1603,1614,
1604,1614,1615,
1599,1598,1604,
1605,1600,1599,
1604,1615,1605,
1600,1594,1599,
1912,1856,1914,
1914,1856,1915,
1595,1909,1586,
1908,1915,1855,
1856,1855,1915,
1908,1909,1915,
1595,1915,1909,
1595,1600,1915,
1915,1918,1914,
1926,1920,1927,
1917,1921,1920,
1914,1918,1917,
1921,1918,1605,
1927,1920,1921,
1615,1927,1921,
1921,1917,1918,
1918,1600,1605,
1605,1615,1921,
1918,1915,1600,
1609,1608,1560,
1613,1608,1609,
1614,1613,1609,
1609,1610,1614,
1609,1561,1610,
1609,1560,1561,
1610,1561,1562,
1615,1614,1610,
1610,1562,1563,
1893,1923,1924,
1924,1923,1926,
1924,1926,1927,
1927,1610,1924,
1610,1894,1924,
1894,1893,1924,
1895,1894,1610,
1610,1927,1615,
1563,1895,1610,
1396,1395,1347,
1400,1395,1396,
1401,1400,1396,
1396,1397,1401,
1396,1348,1397,
1396,1347,1348,
1397,1348,1349,
1402,1401,1397,
1397,1349,1350,
1680,1710,1711,
1711,1710,1713,
1711,1713,1714,
1714,1397,1711,
1397,1681,1711,
1681,1680,1711,
1682,1681,1397,
1397,1714,1402,
1350,1682,1397,
1167,1089,1164,
1168,1089,1167,
1160,1159,1169,
1088,1168,1158,
1168,1088,1089,
1168,1159,1158,
1159,1168,1169,
1168,1174,1169,
1167,1173,1168,
1188,1177,1187,
1177,1178,1172,
1172,1173,1167,
1179,1173,1178,
1178,1177,1188,
1178,1188,1189,
1173,1172,1178,
1179,1174,1173,
1178,1189,1179,
1174,1168,1173,
1486,1430,1488,
1488,1430,1489,
1169,1483,1160,
1482,1489,1429,
1430,1429,1489,
1482,1483,1489,
1169,1489,1483,
1169,1174,1489,
1489,1492,1488,
1500,1494,1501,
1491,1495,1494,
1488,1492,1491,
1495,1492,1179,
1501,1494,1495,
1189,1501,1495,
1495,1491,1492,
1492,1174,1179,
1179,1189,1495,
1492,1489,1174,
1183,1182,1134,
1187,1182,1183,
1188,1187,1183,
1183,1184,1188,
1183,1135,1184,
1183,1134,1135,
1184,1135,1136,
1189,1188,1184,
1184,1136,1137,
1467,1497,1498,
1498,1497,1500,
1498,1500,1501,
1501,1184,1498,
1184,1468,1498,
1468,1467,1498,
1469,1468,1184,
1184,1501,1189,
1137,1469,1184,
1380,1302,1377,
1381,1302,1380,
1373,1372,1382,
1301,1381,1371,
1381,1301,1302,
1381,1372,1371,
1372,1381,1382,
1381,1387,1382,
1380,1386,1381,
1401,1390,1400,
1390,1391,1385,
1385,1386,1380,
1392,1386,1391,
1391,1390,1401,
1391,1401,1402,
1386,1385,1391,
1392,1387,1386,
1391,1402,1392,
1387,1381,1386,
1699,1643,1701,
1701,1643,1702,
1382,1696,1373,
1695,1702,1642,
1643,1642,1702,
1695,1696,1702,
1382,1702,1696,
1382,1387,1702,
1702,1705,1701,
1713,1707,1714,
1704,1708,1707,
1701,1705,1704,
1708,1705,1392,
1714,1707,1708,
1402,1714,1708,
1708,1704,1705,
1705,1387,1392,
1392,1402,1708,
1705,1702,1387,
315,237,312,
316,237,315,
308,307,317,
236,316,306,
316,236,237,
316,307,306,
307,316,317,
316,322,317,
315,321,316,
336,325,335,
325,326,320,
320,321,315,
327,321,326,
326,325,336,
326,336,337,
321,320,326,
327,322,321,
326,337,327,
322,316,321,
634,578,636,
636,578,637,
317,631,308,
630,637,577,
578,577,637,
630,631,637,
317,637,631,
317,322,637,
637,640,636,
648,642,649,
639,643,642,
636,640,639,
643,640,327,
649,642,643,
337,649,643,
643,639,640,
640,322,327,
327,337,643,
640,637,322,
331,330,282,
335,330,331,
336,335,331,
331,332,336,
331,283,332,
331,282,283,
332,283,284,
337,336,332,
332,284,285,
615,645,646,
646,645,648,
646,648,649,
649,332,646,
332,616,646,
616,615,646,
617,616,332,
332,649,337,
285,617,332,
97,96,48,
101,96,97,
102,101,97,
97,98,102,
97,49,98,
97,48,49,
98,49,50,
103,102,98,
98,50,51,
402,432,433,
433,432,435,
433,435,436,
436,98,433,
98,403,433,
403,402,433,
404,403,98,
98,436,103,
51,404,98,
29,28,39,
27,38,28,
37,38,27,
7,39,6,
39,28,38,
39,38,6,
27,26,37,
29,39,40,
30,41,42,
30,29,41,
31,42,43,
42,31,30,
41,9,42,
40,7,8,
7,40,39,
9,8,19,
9,41,8,
7,19,8,
8,41,40,
29,40,41,
10,42,9,
38,37,4,
4,15,16,
17,5,16,
16,5,4,
5,6,38,
18,19,7,
18,6,17,
20,9,19,
7,6,18,
6,5,17,
5,38,4,
10,9,20,
33,32,44,
45,34,44,
44,34,33,
32,43,44,
14,43,22,
43,32,31,
24,12,11,
11,44,14,
11,14,23,
14,44,43,
10,43,42,
45,44,11,
35,46,36,
46,35,45,
47,36,46,
46,13,47,
12,13,46,
12,45,11,
25,13,12,
25,12,24,
12,46,45,
35,34,45,
22,43,10,
22,1,23,
22,23,14,
10,20,21,
73,24,72,
24,11,23,
73,74,24,
24,23,72,
24,74,25,
72,23,1,
1,2,72,
10,21,22,
163,153,154,
153,162,152,
152,162,37,
133,163,134,
162,153,163,
133,162,163,
37,26,152,
164,163,154,
166,165,155,
165,154,155,
167,166,156,
155,156,166,
166,136,165,
135,134,164,
163,164,134,
145,135,136,
135,165,136,
135,145,134,
164,165,135,
165,164,154,
136,166,137,
4,37,162,
142,15,4,
142,132,143,
4,132,142,
162,133,132,
134,145,144,
143,133,144,
145,136,146,
144,133,134,
143,132,133,
4,162,132,
146,136,137,
168,157,158,
168,159,169,
158,159,168,
168,167,157,
148,167,141,
156,157,167,
138,139,150,
141,168,138,
149,141,138,
167,168,141,
166,167,137,
138,168,169,
161,170,160,
169,160,170,
170,161,171,
171,140,170,
170,140,139,
138,169,139,
139,140,151,
150,139,151,
169,170,139,
169,159,160,
137,167,148,
149,129,148,
141,149,148,
147,146,137,
191,150,192,
149,138,150,
150,193,192,
191,149,150,
151,193,150,
129,149,191,
191,130,129,
148,147,137,
263,262,273,
261,272,262,
271,272,261,
241,273,240,
273,262,272,
273,272,240,
261,260,271,
263,273,274,
264,275,276,
264,263,275,
265,276,277,
276,265,264,
275,243,276,
274,241,242,
241,274,273,
243,242,253,
243,275,242,
241,253,242,
242,275,274,
263,274,275,
244,276,243,
272,271,238,
238,249,250,
251,239,250,
250,239,238,
239,240,272,
252,253,241,
252,240,251,
254,243,253,
241,240,252,
240,239,251,
239,272,238,
244,243,254,
267,266,278,
279,268,278,
278,268,267,
266,277,278,
248,277,256,
277,266,265,
258,246,245,
245,278,248,
245,248,257,
248,278,277,
244,277,276,
279,278,245,
269,280,270,
280,269,279,
281,270,280,
280,247,281,
246,247,280,
246,279,245,
259,247,246,
259,246,258,
246,280,279,
269,268,279,
256,277,244,
256,235,257,
256,257,248,
244,254,255,
307,258,306,
258,245,257,
307,308,258,
258,257,306,
258,308,259,
306,257,235,
235,236,306,
244,255,256,
394,385,386,
385,393,384,
384,393,271,
367,394,368,
393,385,394,
367,393,394,
271,260,384,
395,394,386,
397,396,387,
396,386,387,
398,397,388,
387,388,397,
397,370,396,
369,368,395,
394,395,368,
378,369,370,
369,396,370,
369,378,368,
395,396,369,
396,395,386,
370,397,371,
238,271,393,
375,249,238,
375,366,376,
238,366,375,
393,367,366,
368,378,377,
376,367,377,
378,370,379,
377,367,368,
376,366,367,
238,393,366,
379,370,371,
399,389,390,
399,391,400,
390,391,399,
399,398,389,
381,398,374,
388,389,398,
372,373,383,
374,399,372,
382,374,372,
398,399,374,
397,398,371,
372,399,400,
36,401,392,
400,392,401,
401,36,47,
47,13,401,
401,13,373,
372,400,373,
373,13,25,
383,373,25,
400,401,373,
400,391,392,
371,398,381,
382,363,381,
374,382,381,
380,379,371,
417,383,418,
382,372,383,
383,74,418,
417,382,383,
25,74,383,
363,382,417,
417,364,363,
381,380,371,
476,475,486,
474,485,475,
484,485,474,
454,486,453,
486,475,485,
486,485,453,
474,473,484,
476,486,487,
477,488,489,
477,476,488,
478,489,490,
489,478,477,
488,456,489,
487,454,455,
454,487,486,
456,455,466,
456,488,455,
454,466,455,
455,488,487,
476,487,488,
457,489,456,
485,484,451,
451,462,463,
464,452,463,
463,452,451,
452,453,485,
465,466,454,
465,453,464,
467,456,466,
454,453,465,
453,452,464,
452,485,451,
457,456,467,
480,479,491,
492,481,491,
491,481,480,
479,490,491,
461,490,469,
490,479,478,
471,459,458,
458,491,461,
458,461,470,
461,491,490,
457,490,489,
492,491,458,
482,493,483,
493,482,492,
494,483,493,
493,460,494,
459,460,493,
459,492,458,
472,460,459,
472,459,471,
459,493,492,
482,481,492,
469,490,457,
469,448,470,
469,470,461,
457,467,468,
520,471,519,
471,458,470,
520,521,471,
471,470,519,
471,521,472,
519,470,448,
448,449,519,
457,468,469,
607,598,599,
598,606,597,
597,606,484,
580,607,581,
606,598,607,
580,606,607,
484,473,597,
608,607,599,
610,609,600,
609,599,600,
611,610,601,
600,601,610,
610,583,609,
582,581,608,
607,608,581,
591,582,583,
582,609,583,
582,591,581,
608,609,582,
609,608,599,
583,610,584,
451,484,606,
588,462,451,
588,579,589,
451,579,588,
606,580,579,
581,591,590,
589,580,590,
591,583,592,
590,580,581,
589,579,580,
451,606,579,
592,583,584,
612,602,603,
612,604,613,
603,604,612,
612,611,602,
594,611,587,
601,602,611,
585,586,596,
587,612,585,
595,587,585,
611,612,587,
610,611,584,
585,612,613,
270,614,605,
613,605,614,
614,270,281,
281,247,614,
614,247,586,
585,613,586,
586,247,259,
596,586,259,
613,614,586,
613,604,605,
584,611,594,
595,576,594,
587,595,594,
593,592,584,
630,596,631,
595,585,596,
596,308,631,
630,595,596,
259,308,596,
576,595,630,
630,577,576,
594,593,584,
689,688,699,
687,698,688,
697,698,687,
667,699,666,
699,688,698,
699,698,666,
687,686,697,
689,699,700,
690,701,702,
690,689,701,
691,702,703,
702,691,690,
701,669,702,
700,667,668,
667,700,699,
669,668,679,
669,701,668,
667,679,668,
668,701,700,
689,700,701,
670,702,669,
698,697,664,
664,675,676,
677,665,676,
676,665,664,
665,666,698,
678,679,667,
678,666,677,
680,669,679,
667,666,678,
666,665,677,
665,698,664,
670,669,680,
693,692,704,
705,694,704,
704,694,693,
692,703,704,
674,703,682,
703,692,691,
684,672,671,
671,704,674,
671,674,683,
674,704,703,
670,703,702,
705,704,671,
695,706,696,
706,695,705,
707,696,706,
706,673,707,
672,673,706,
672,705,671,
685,673,672,
685,672,684,
672,706,705,
695,694,705,
682,703,670,
682,661,683,
682,683,674,
670,680,681,
733,684,732,
684,671,683,
733,734,684,
684,683,732,
684,734,685,
732,683,661,
661,662,732,
670,681,682,
820,811,812,
811,819,810,
810,819,697,
793,820,794,
819,811,820,
793,819,820,
697,686,810,
821,820,812,
823,822,813,
822,812,813,
824,823,814,
813,814,823,
823,796,822,
795,794,821,
820,821,794,
804,795,796,
795,822,796,
795,804,794,
821,822,795,
822,821,812,
796,823,797,
664,697,819,
801,675,664,
801,792,802,
664,792,801,
819,793,792,
794,804,803,
802,793,803,
804,796,805,
803,793,794,
802,792,793,
664,819,792,
805,796,797,
825,815,816,
825,817,826,
816,817,825,
825,824,815,
807,824,800,
814,815,824,
798,799,809,
800,825,798,
808,800,798,
824,825,800,
823,824,797,
798,825,826,
483,827,818,
826,818,827,
827,483,494,
494,460,827,
827,460,799,
798,826,799,
799,460,472,
809,799,472,
826,827,799,
826,817,818,
797,824,807,
808,789,807,
800,808,807,
806,805,797,
843,809,844,
808,798,809,
809,521,844,
843,808,809,
472,521,809,
789,808,843,
843,790,789,
807,806,797,
902,901,912,
900,911,901,
910,911,900,
880,912,879,
912,901,911,
912,911,879,
900,899,910,
902,912,913,
903,914,915,
903,902,914,
904,915,916,
915,904,903,
914,882,915,
913,880,881,
880,913,912,
882,881,892,
882,914,881,
880,892,881,
881,914,913,
902,913,914,
883,915,882,
911,910,877,
877,888,889,
890,878,889,
889,878,877,
878,879,911,
891,892,880,
891,879,890,
893,882,892,
880,879,891,
879,878,890,
878,911,877,
883,882,893,
906,905,917,
918,907,917,
917,907,906,
905,916,917,
887,916,895,
916,905,904,
897,885,884,
884,917,887,
884,887,896,
887,917,916,
883,916,915,
918,917,884,
908,919,909,
919,908,918,
920,909,919,
919,886,920,
885,886,919,
885,918,884,
898,886,885,
898,885,897,
885,919,918,
908,907,918,
895,916,883,
895,874,896,
895,896,887,
883,893,894,
946,897,945,
897,884,896,
946,947,897,
897,896,945,
897,947,898,
945,896,874,
874,875,945,
883,894,895,
1033,1024,1025,
1024,1032,1023,
1023,1032,910,
1006,1033,1007,
1032,1024,1033,
1006,1032,1033,
910,899,1023,
1034,1033,1025,
1036,1035,1026,
1035,1025,1026,
1037,1036,1027,
1026,1027,1036,
1036,1009,1035,
1008,1007,1034,
1033,1034,1007,
1017,1008,1009,
1008,1035,1009,
1008,1017,1007,
1034,1035,1008,
1035,1034,1025,
1009,1036,1010,
877,910,1032,
1014,888,877,
1014,1005,1015,
877,1005,1014,
1032,1006,1005,
1007,1017,1016,
1015,1006,1016,
1017,1009,1018,
1016,1006,1007,
1015,1005,1006,
877,1032,1005,
1018,1009,1010,
1038,1028,1029,
1038,1030,1039,
1029,1030,1038,
1038,1037,1028,
1020,1037,1013,
1027,1028,1037,
1011,1012,1022,
1013,1038,1011,
1021,1013,1011,
1037,1038,1013,
1036,1037,1010,
1011,1038,1039,
696,1040,1031,
1039,1031,1040,
1040,696,707,
707,673,1040,
1040,673,1012,
1011,1039,1012,
1012,673,685,
1022,1012,685,
1039,1040,1012,
1039,1030,1031,
1010,1037,1020,
1021,1002,1020,
1013,1021,1020,
1019,1018,1010,
1056,1022,1057,
1021,1011,1022,
1022,734,1057,
1056,1021,1022,
685,734,1022,
1002,1021,1056,
1056,1003,1002,
1020,1019,1010,
1115,1114,1125,
1113,1124,1114,
1123,1124,1113,
1093,1125,1092,
1125,1114,1124,
1125,1124,1092,
1113,1112,1123,
1115,1125,1126,
1116,1127,1128,
1116,1115,1127,
1117,1128,1129,
1128,1117,1116,
1127,1095,1128,
1126,1093,1094,
1093,1126,1125,
1095,1094,1105,
1095,1127,1094,
1093,1105,1094,
1094,1127,1126,
1115,1126,1127,
1096,1128,1095,
1124,1123,1090,
1090,1101,1102,
1103,1091,1102,
1102,1091,1090,
1091,1092,1124,
1104,1105,1093,
1104,1092,1103,
1106,1095,1105,
1093,1092,1104,
1092,1091,1103,
1091,1124,1090,
1096,1095,1106,
1119,1118,1130,
1131,1120,1130,
1130,1120,1119,
1118,1129,1130,
1100,1129,1108,
1129,1118,1117,
1110,1098,1097,
1097,1130,1100,
1097,1100,1109,
1100,1130,1129,
1096,1129,1128,
1131,1130,1097,
1121,1132,1122,
1132,1121,1131,
1133,1122,1132,
1132,1099,1133,
1098,1099,1132,
1098,1131,1097,
1111,1099,1098,
1111,1098,1110,
1098,1132,1131,
1121,1120,1131,
1108,1129,1096,
1108,1087,1109,
1108,1109,1100,
1096,1106,1107,
1159,1110,1158,
1110,1097,1109,
1159,1160,1110,
1110,1109,1158,
1110,1160,1111,
1158,1109,1087,
1087,1088,1158,
1096,1107,1108,
1246,1237,1238,
1237,1245,1236,
1236,1245,1123,
1219,1246,1220,
1245,1237,1246,
1219,1245,1246,
1123,1112,1236,
1247,1246,1238,
1249,1248,1239,
1248,1238,1239,
1250,1249,1240,
1239,1240,1249,
1249,1222,1248,
1221,1220,1247,
1246,1247,1220,
1230,1221,1222,
1221,1248,1222,
1221,1230,1220,
1247,1248,1221,
1248,1247,1238,
1222,1249,1223,
1090,1123,1245,
1227,1101,1090,
1227,1218,1228,
1090,1218,1227,
1245,1219,1218,
1220,1230,1229,
1228,1219,1229,
1230,1222,1231,
1229,1219,1220,
1228,1218,1219,
1090,1245,1218,
1231,1222,1223,
1251,1241,1242,
1251,1243,1252,
1242,1243,1251,
1251,1250,1241,
1233,1250,1226,
1240,1241,1250,
1224,1225,1235,
1226,1251,1224,
1234,1226,1224,
1250,1251,1226,
1249,1250,1223,
1224,1251,1252,
909,1253,1244,
1252,1244,1253,
1253,909,920,
920,886,1253,
1253,886,1225,
1224,1252,1225,
1225,886,898,
1235,1225,898,
1252,1253,1225,
1252,1243,1244,
1223,1250,1233,
1234,1215,1233,
1226,1234,1233,
1232,1231,1223,
1269,1235,1270,
1234,1224,1235,
1235,947,1270,
1269,1234,1235,
898,947,1235,
1215,1234,1269,
1269,1216,1215,
1233,1232,1223,
1328,1327,1338,
1326,1337,1327,
1336,1337,1326,
1306,1338,1305,
1338,1327,1337,
1338,1337,1305,
1326,1325,1336,
1328,1338,1339,
1329,1340,1341,
1329,1328,1340,
1330,1341,1342,
1341,1330,1329,
1340,1308,1341,
1339,1306,1307,
1306,1339,1338,
1308,1307,1318,
1308,1340,1307,
1306,1318,1307,
1307,1340,1339,
1328,1339,1340,
1309,1341,1308,
1337,1336,1303,
1303,1314,1315,
1316,1304,1315,
1315,1304,1303,
1304,1305,1337,
1317,1318,1306,
1317,1305,1316,
1319,1308,1318,
1306,1305,1317,
1305,1304,1316,
1304,1337,1303,
1309,1308,1319,
1332,1331,1343,
1344,1333,1343,
1343,1333,1332,
1331,1342,1343,
1313,1342,1321,
1342,1331,1330,
1323,1311,1310,
1310,1343,1313,
1310,1313,1322,
1313,1343,1342,
1309,1342,1341,
1344,1343,1310,
1334,1345,1335,
1345,1334,1344,
1346,1335,1345,
1345,1312,1346,
1311,1312,1345,
1311,1344,1310,
1324,1312,1311,
1324,1311,1323,
1311,1345,1344,
1334,1333,1344,
1321,1342,1309,
1321,1300,1322,
1321,1322,1313,
1309,1319,1320,
1372,1323,1371,
1323,1310,1322,
1372,1373,1323,
1323,1322,1371,
1323,1373,1324,
1371,1322,1300,
1300,1301,1371,
1309,1320,1321,
1459,1450,1451,
1450,1458,1449,
1449,1458,1336,
1432,1459,1433,
1458,1450,1459,
1432,1458,1459,
1336,1325,1449,
1460,1459,1451,
1462,1461,1452,
1461,1451,1452,
1463,1462,1453,
1452,1453,1462,
1462,1435,1461,
1434,1433,1460,
1459,1460,1433,
1443,1434,1435,
1434,1461,1435,
1434,1443,1433,
1460,1461,1434,
1461,1460,1451,
1435,1462,1436,
1303,1336,1458,
1440,1314,1303,
1440,1431,1441,
1303,1431,1440,
1458,1432,1431,
1433,1443,1442,
1441,1432,1442,
1443,1435,1444,
1442,1432,1433,
1441,1431,1432,
1303,1458,1431,
1444,1435,1436,
1464,1454,1455,
1464,1456,1465,
1455,1456,1464,
1464,1463,1454,
1446,1463,1439,
1453,1454,1463,
1437,1438,1448,
1439,1464,1437,
1447,1439,1437,
1463,1464,1439,
1462,1463,1436,
1437,1464,1465,
1122,1466,1457,
1465,1457,1466,
1466,1122,1133,
1133,1099,1466,
1466,1099,1438,
1437,1465,1438,
1438,1099,1111,
1448,1438,1111,
1465,1466,1438,
1465,1456,1457,
1436,1463,1446,
1447,1428,1446,
1439,1447,1446,
1445,1444,1436,
1482,1448,1483,
1447,1437,1448,
1448,1160,1483,
1482,1447,1448,
1111,1160,1448,
1428,1447,1482,
1482,1429,1428,
1446,1445,1436,
1541,1540,1551,
1539,1550,1540,
1549,1550,1539,
1519,1551,1518,
1551,1540,1550,
1551,1550,1518,
1539,1538,1549,
1541,1551,1552,
1542,1553,1554,
1542,1541,1553,
1543,1554,1555,
1554,1543,1542,
1553,1521,1554,
1552,1519,1520,
1519,1552,1551,
1521,1520,1531,
1521,1553,1520,
1519,1531,1520,
1520,1553,1552,
1541,1552,1553,
1522,1554,1521,
1550,1549,1516,
1516,1527,1528,
1529,1517,1528,
1528,1517,1516,
1517,1518,1550,
1530,1531,1519,
1530,1518,1529,
1532,1521,1531,
1519,1518,1530,
1518,1517,1529,
1517,1550,1516,
1522,1521,1532,
1545,1544,1556,
1557,1546,1556,
1556,1546,1545,
1544,1555,1556,
1526,1555,1534,
1555,1544,1543,
1536,1524,1523,
1523,1556,1526,
1523,1526,1535,
1526,1556,1555,
1522,1555,1554,
1557,1556,1523,
1547,1558,1548,
1558,1547,1557,
1559,1548,1558,
1558,1525,1559,
1524,1525,1558,
1524,1557,1523,
1537,1525,1524,
1537,1524,1536,
1524,1558,1557,
1547,1546,1557,
1534,1555,1522,
1534,1513,1535,
1534,1535,1526,
1522,1532,1533,
1585,1536,1584,
1536,1523,1535,
1585,1586,1536,
1536,1535,1584,
1536,1586,1537,
1584,1535,1513,
1513,1514,1584,
1522,1533,1534,
1672,1663,1664,
1663,1671,1662,
1662,1671,1549,
1645,1672,1646,
1671,1663,1672,
1645,1671,1672,
1549,1538,1662,
1673,1672,1664,
1675,1674,1665,
1674,1664,1665,
1676,1675,1666,
1665,1666,1675,
1675,1648,1674,
1647,1646,1673,
1672,1673,1646,
1656,1647,1648,
1647,1674,1648,
1647,1656,1646,
1673,1674,1647,
1674,1673,1664,
1648,1675,1649,
1516,1549,1671,
1653,1527,1516,
1653,1644,1654,
1516,1644,1653,
1671,1645,1644,
1646,1656,1655,
1654,1645,1655,
1656,1648,1657,
1655,1645,1646,
1654,1644,1645,
1516,1671,1644,
1657,1648,1649,
1677,1667,1668,
1677,1669,1678,
1668,1669,1677,
1677,1676,1667,
1659,1676,1652,
1666,1667,1676,
1650,1651,1661,
1652,1677,1650,
1660,1652,1650,
1676,1677,1652,
1675,1676,1649,
1650,1677,1678,
1335,1679,1670,
1678,1670,1679,
1679,1335,1346,
1346,1312,1679,
1679,1312,1651,
1650,1678,1651,
1651,1312,1324,
1661,1651,1324,
1678,1679,1651,
1678,1669,1670,
1649,1676,1659,
1660,1641,1659,
1652,1660,1659,
1658,1657,1649,
1695,1661,1696,
1660,1650,1661,
1661,1373,1696,
1695,1660,1661,
1324,1373,1661,
1641,1660,1695,
1695,1642,1641,
1659,1658,1649,
1754,1753,1764,
1752,1763,1753,
1762,1763,1752,
1732,1764,1731,
1764,1753,1763,
1764,1763,1731,
1752,1751,1762,
1754,1764,1765,
1755,1766,1767,
1755,1754,1766,
1756,1767,1768,
1767,1756,1755,
1766,1734,1767,
1765,1732,1733,
1732,1765,1764,
1734,1733,1744,
1734,1766,1733,
1732,1744,1733,
1733,1766,1765,
1754,1765,1766,
1735,1767,1734,
1763,1762,1729,
1729,1740,1741,
1742,1730,1741,
1741,1730,1729,
1730,1731,1763,
1743,1744,1732,
1743,1731,1742,
1745,1734,1744,
1732,1731,1743,
1731,1730,1742,
1730,1763,1729,
1735,1734,1745,
1758,1757,1769,
1770,1759,1769,
1769,1759,1758,
1757,1768,1769,
1739,1768,1747,
1768,1757,1756,
1749,1737,1736,
1736,1769,1739,
1736,1739,1748,
1739,1769,1768,
1735,1768,1767,
1770,1769,1736,
1760,1771,1761,
1771,1760,1770,
1772,1761,1771,
1771,1738,1772,
1737,1738,1771,
1737,1770,1736,
1750,1738,1737,
1750,1737,1749,
1737,1771,1770,
1760,1759,1770,
1747,1768,1735,
1747,1726,1748,
1747,1748,1739,
1735,1745,1746,
1798,1749,1797,
1749,1736,1748,
1798,1799,1749,
1749,1748,1797,
1749,1799,1750,
1797,1748,1726,
1726,1727,1797,
1735,1746,1747,
1885,1876,1877,
1876,1884,1875,
1875,1884,1762,
1858,1885,1859,
1884,1876,1885,
1858,1884,1885,
1762,1751,1875,
1886,1885,1877,
1888,1887,1878,
1887,1877,1878,
1889,1888,1879,
1878,1879,1888,
1888,1861,1887,
1860,1859,1886,
1885,1886,1859,
1869,1860,1861,
1860,1887,1861,
1860,1869,1859,
1886,1887,1860,
1887,1886,1877,
1861,1888,1862,
1729,1762,1884,
1866,1740,1729,
1866,1857,1867,
1729,1857,1866,
1884,1858,1857,
1859,1869,1868,
1867,1858,1868,
1869,1861,1870,
1868,1858,1859,
1867,1857,1858,
1729,1884,1857,
1870,1861,1862,
1890,1880,1881,
1890,1882,1891,
1881,1882,1890,
1890,1889,1880,
1872,1889,1865,
1879,1880,1889,
1863,1864,1874,
1865,1890,1863,
1873,1865,1863,
1889,1890,1865,
1888,1889,1862,
1863,1890,1891,
1548,1892,1883,
1891,1883,1892,
1892,1548,1559,
1559,1525,1892,
1892,1525,1864,
1863,1891,1864,
1864,1525,1537,
1874,1864,1537,
1891,1892,1864,
1891,1882,1883,
1862,1889,1872,
1873,1854,1872,
1865,1873,1872,
1871,1870,1862,
1908,1874,1909,
1873,1863,1874,
1874,1586,1909,
1908,1873,1874,
1537,1586,1874,
1854,1873,1908,
1908,1855,1854,
1872,1871,1862,
104,108,109,
109,112,113,
108,112,109,
109,105,104,
117,112,116,
110,105,109,
107,110,106,
107,105,110,
110,113,114,
118,113,117,
113,112,117,
110,111,106,
110,114,115,
111,110,115,
114,119,115,
118,119,114,
114,113,118,
113,110,109,
220,108,104,
223,112,220,
220,112,108,
104,217,220,
116,112,226,
220,217,221,
218,221,219,
221,217,219,
224,223,221,
226,223,227,
226,112,223,
218,222,221,
225,224,221,
225,221,222,
225,228,224,
224,228,227,
227,223,224,
220,221,223,
338,342,343,
343,346,347,
342,346,343,
343,339,338,
351,346,350,
344,339,343,
341,344,340,
341,339,344,
344,347,348,
352,347,351,
347,346,351,
344,345,340,
344,348,349,
345,344,349,
348,353,349,
352,353,348,
348,347,352,
347,344,343,
439,342,338,
441,346,439,
439,346,342,
338,437,439,
350,346,443,
439,437,440,
106,440,438,
440,437,438,
442,441,440,
443,441,444,
443,346,441,
106,111,440,
115,442,440,
115,440,111,
115,119,442,
442,119,444,
444,441,442,
439,440,441,
551,555,556,
556,559,560,
555,559,556,
556,552,551,
564,559,563,
557,552,556,
554,557,553,
554,552,557,
557,560,561,
565,560,564,
560,559,564,
557,558,553,
557,561,562,
558,557,562,
561,566,562,
565,566,561,
561,560,565,
560,557,556,
652,555,551,
654,559,652,
652,559,555,
551,650,652,
563,559,656,
652,650,653,
340,653,651,
653,650,651,
655,654,653,
656,654,657,
656,559,654,
340,345,653,
349,655,653,
349,653,345,
349,353,655,
655,353,657,
657,654,655,
652,653,654,
764,768,769,
769,772,773,
768,772,769,
769,765,764,
777,772,776,
770,765,769,
767,770,766,
767,765,770,
770,773,774,
778,773,777,
773,772,777,
770,771,766,
770,774,775,
771,770,775,
774,779,775,
778,779,774,
774,773,778,
773,770,769,
865,768,764,
867,772,865,
865,772,768,
764,863,865,
776,772,869,
865,863,866,
553,866,864,
866,863,864,
868,867,866,
869,867,870,
869,772,867,
553,558,866,
562,868,866,
562,866,558,
562,566,868,
868,566,870,
870,867,868,
865,866,867,
977,981,982,
982,985,986,
981,985,982,
982,978,977,
990,985,989,
983,978,982,
980,983,979,
980,978,983,
983,986,987,
991,986,990,
986,985,990,
983,984,979,
983,987,988,
984,983,988,
987,992,988,
991,992,987,
987,986,991,
986,983,982,
1078,981,977,
1080,985,1078,
1078,985,981,
977,1076,1078,
989,985,1082,
1078,1076,1079,
766,1079,1077,
1079,1076,1077,
1081,1080,1079,
1082,1080,1083,
1082,985,1080,
766,771,1079,
775,1081,1079,
775,1079,771,
775,779,1081,
1081,779,1083,
1083,1080,1081,
1078,1079,1080,
1190,1194,1195,
1195,1198,1199,
1194,1198,1195,
1195,1191,1190,
1203,1198,1202,
1196,1191,1195,
1193,1196,1192,
1193,1191,1196,
1196,1199,1200,
1204,1199,1203,
1199,1198,1203,
1196,1197,1192,
1196,1200,1201,
1197,1196,1201,
1200,1205,1201,
1204,1205,1200,
1200,1199,1204,
1199,1196,1195,
1291,1194,1190,
1293,1198,1291,
1291,1198,1194,
1190,1289,1291,
1202,1198,1295,
1291,1289,1292,
979,1292,1290,
1292,1289,1290,
1294,1293,1292,
1295,1293,1296,
1295,1198,1293,
979,984,1292,
988,1294,1292,
988,1292,984,
988,992,1294,
1294,992,1296,
1296,1293,1294,
1291,1292,1293,
1403,1407,1408,
1408,1411,1412,
1407,1411,1408,
1408,1404,1403,
1416,1411,1415,
1409,1404,1408,
1406,1409,1405,
1406,1404,1409,
1409,1412,1413,
1417,1412,1416,
1412,1411,1416,
1409,1410,1405,
1409,1413,1414,
1410,1409,1414,
1413,1418,1414,
1417,1418,1413,
1413,1412,1417,
1412,1409,1408,
1504,1407,1403,
1506,1411,1504,
1504,1411,1407,
1403,1502,1504,
1415,1411,1508,
1504,1502,1505,
1192,1505,1503,
1505,1502,1503,
1507,1506,1505,
1508,1506,1509,
1508,1411,1506,
1192,1197,1505,
1201,1507,1505,
1201,1505,1197,
1201,1205,1507,
1507,1205,1509,
1509,1506,1507,
1504,1505,1506,
1616,1620,1621,
1621,1624,1625,
1620,1624,1621,
1621,1617,1616,
1629,1624,1628,
1622,1617,1621,
1619,1622,1618,
1619,1617,1622,
1622,1625,1626,
1630,1625,1629,
1625,1624,1629,
1622,1623,1618,
1622,1626,1627,
1623,1622,1627,
1626,1631,1627,
1630,1631,1626,
1626,1625,1630,
1625,1622,1621,
1717,1620,1616,
1719,1624,1717,
1717,1624,1620,
1616,1715,1717,
1628,1624,1721,
1717,1715,1718,
1405,1718,1716,
1718,1715,1716,
1720,1719,1718,
1721,1719,1722,
1721,1624,1719,
1405,1410,1718,
1414,1720,1718,
1414,1718,1410,
1414,1418,1720,
1720,1418,1722,
1722,1719,1720,
1717,1718,1719,
1829,1833,1834,
1834,1837,1838,
1833,1837,1834,
1834,1830,1829,
1842,1837,1841,
1835,1830,1834,
1832,1835,1831,
1832,1830,1835,
1835,1838,1839,
1843,1838,1842,
1838,1837,1842,
1835,1836,1831,
1835,1839,1840,
1836,1835,1840,
1839,1844,1840,
1843,1844,1839,
1839,1838,1843,
1838,1835,1834,
1930,1833,1829,
1932,1837,1930,
1930,1837,1833,
1829,1928,1930,
1841,1837,1934,
1930,1928,1931,
1618,1931,1929,
1931,1928,1929,
1933,1932,1931,
1934,1932,1935,
1934,1837,1932,
1618,1623,1931,
1627,1933,1931,
1627,1931,1623,
1627,1631,1933,
1933,1631,1935,
1935,1932,1933,
1930,1931,1932,
117,116,120,
124,123,126,
120,123,121,
117,120,121,
121,124,125,
121,123,124,
126,127,124,
117,121,118,
128,124,127,
119,118,122,
122,118,121,
122,121,125,
124,128,125,
120,116,226,
126,123,231,
229,123,120,
229,120,226,
232,231,229,
231,123,229,
231,233,126,
227,229,226,
233,231,234,
230,227,228,
229,227,230,
232,229,230,
232,234,231,
351,350,354,
358,357,360,
354,357,355,
351,354,355,
355,358,359,
355,357,358,
360,361,358,
351,355,352,
362,358,361,
353,352,356,
356,352,355,
356,355,359,
358,362,359,
354,350,443,
360,357,446,
445,357,354,
445,354,443,
125,446,445,
446,357,445,
446,447,360,
444,445,443,
447,446,128,
122,444,119,
445,444,122,
125,445,122,
125,128,446,
564,563,567,
571,570,573,
567,570,568,
564,567,568,
568,571,572,
568,570,571,
573,574,571,
564,568,565,
575,571,574,
566,565,569,
569,565,568,
569,568,572,
571,575,572,
567,563,656,
573,570,659,
658,570,567,
658,567,656,
359,659,658,
659,570,658,
659,660,573,
657,658,656,
660,659,362,
356,657,353,
658,657,356,
359,658,356,
359,362,659,
777,776,780,
784,783,786,
780,783,781,
777,780,781,
781,784,785,
781,783,784,
786,787,784,
777,781,778,
788,784,787,
779,778,782,
782,778,781,
782,781,785,
784,788,785,
780,776,869,
786,783,872,
871,783,780,
871,780,869,
572,872,871,
872,783,871,
872,873,786,
870,871,869,
873,872,575,
569,870,566,
871,870,569,
572,871,569,
572,575,872,
990,989,993,
997,996,999,
993,996,994,
990,993,994,
994,997,998,
994,996,997,
999,1000,997,
990,994,991,
1001,997,1000,
992,991,995,
995,991,994,
995,994,998,
997,1001,998,
993,989,1082,
999,996,1085,
1084,996,993,
1084,993,1082,
785,1085,1084,
1085,996,1084,
1085,1086,999,
1083,1084,1082,
1086,1085,788,
782,1083,779,
1084,1083,782,
785,1084,782,
785,788,1085,
1203,1202,1206,
1210,1209,1212,
1206,1209,1207,
1203,1206,1207,
1207,1210,1211,
1207,1209,1210,
1212,1213,1210,
1203,1207,1204,
1214,1210,1213,
1205,1204,1208,
1208,1204,1207,
1208,1207,1211,
1210,1214,1211,
1206,1202,1295,
1212,1209,1298,
1297,1209,1206,
1297,1206,1295,
998,1298,1297,
1298,1209,1297,
1298,1299,1212,
1296,1297,1295,
1299,1298,1001,
995,1296,992,
1297,1296,995,
998,1297,995,
998,1001,1298,
1416,1415,1419,
1423,1422,1425,
1419,1422,1420,
1416,1419,1420,
1420,1423,1424,
1420,1422,1423,
1425,1426,1423,
1416,1420,1417,
1427,1423,1426,
1418,1417,1421,
1421,1417,1420,
1421,1420,1424,
1423,1427,1424,
1419,1415,1508,
1425,1422,1511,
1510,1422,1419,
1510,1419,1508,
1211,1511,1510,
1511,1422,1510,
1511,1512,1425,
1509,1510,1508,
1512,1511,1214,
1208,1509,1205,
1510,1509,1208,
1211,1510,1208,
1211,1214,1511,
1629,1628,1632,
1636,1635,1638,
1632,1635,1633,
1629,1632,1633,
1633,1636,1637,
1633,1635,1636,
1638,1639,1636,
1629,1633,1630,
1640,1636,1639,
1631,1630,1634,
1634,1630,1633,
1634,1633,1637,
1636,1640,1637,
1632,1628,1721,
1638,1635,1724,
1723,1635,1632,
1723,1632,1721,
1424,1724,1723,
1724,1635,1723,
1724,1725,1638,
1722,1723,1721,
1725,1724,1427,
1421,1722,1418,
1723,1722,1421,
1424,1723,1421,
1424,1427,1724,
1842,1841,1845,
1849,1848,1851,
1845,1848,1846,
1842,1845,1846,
1846,1849,1850,
1846,1848,1849,
1851,1852,1849,
1842,1846,1843,
1853,1849,1852,
1844,1843,1847,
1847,1843,1846,
1847,1846,1850,
1849,1853,1850,
1845,1841,1934,
1851,1848,1937,
1936,1848,1845,
1936,1845,1934,
1637,1937,1936,
1937,1848,1936,
1937,1938,1851,
1935,1936,1934,
1938,1937,1640,
1634,1935,1631,
1936,1935,1634,
1637,1936,1634,
1637,1640,1937,
0.0547509 ,0.0081215 ,
0.0550972 ,0.0081727 ,
0.0553239 ,0.0077430 ,
0.0546911 ,0.0047849 ,
0.0546472 ,0.0052619 ,
0.0545992 ,0.0057386 ,
0.0545471 ,0.0062147 ,
0.0544908 ,0.0066904 ,
0.0544304 ,0.0071657 ,
0.0543699 ,0.0076108 ,
0.0542302 ,0.0085497 ,
0.0541503 ,0.0090419 ,
0.0540660 ,0.0095333 ,
0.0543009 ,0.0080880 ,
0.0547907 ,0.0047936 ,
0.0547468 ,0.0052715 ,
0.0546987 ,0.0057490 ,
0.0546465 ,0.0062260 ,
0.0545901 ,0.0067026 ,
0.0545295 ,0.0071788 ,
0.0544689 ,0.0076247 ,
0.0544048 ,0.0080701 ,
0.0543291 ,0.0085643 ,
0.0542490 ,0.0090579 ,
0.0541644 ,0.0095507 ,
0.0544920 ,0.0047674 ,
0.0544483 ,0.0052428 ,
0.0544005 ,0.0057177 ,
0.0543485 ,0.0061922 ,
0.0542924 ,0.0066663 ,
0.0542322 ,0.0071398 ,
0.0541678 ,0.0076128 ,
0.0540993 ,0.0080852 ,
0.0540267 ,0.0085570 ,
0.0539499 ,0.0090281 ,
0.0538691 ,0.0094986 ,
0.0545915 ,0.0047761 ,
0.0545477 ,0.0052523 ,
0.0544998 ,0.0057282 ,
0.0544477 ,0.0062035 ,
0.0543915 ,0.0066784 ,
0.0543311 ,0.0071528 ,
0.0542667 ,0.0076267 ,
0.0541981 ,0.0081000 ,
0.0541253 ,0.0085727 ,
0.0540485 ,0.0090447 ,
0.0539675 ,0.0095159 ,
0.0726108 ,0.0088653 ,
0.0746275 ,0.0095298 ,
0.0758686 ,0.0112528 ,
0.0758598 ,0.0133761 ,
0.0727320 ,0.0078083 ,
0.0757419 ,0.0084398 ,
0.0778059 ,0.0107197 ,
0.0781356 ,0.0137774 ,
0.0811899 ,0.0071032 ,
0.0809489 ,0.0094616 ,
0.0806395 ,0.0118119 ,
0.0802619 ,0.0141523 ,
0.0841785 ,0.0073647 ,
0.0839287 ,0.0098099 ,
0.0836078 ,0.0122467 ,
0.0832163 ,0.0146733 ,
0.0791975 ,0.0069289 ,
0.0752127 ,0.0065803 ,
0.0551394 ,0.0048241 ,
0.0550835 ,0.0054252 ,
0.0550210 ,0.0060257 ,
0.0549521 ,0.0066255 ,
0.0548765 ,0.0072245 ,
0.0548155 ,0.0076732 ,
0.0550205 ,0.0086734 ,
0.0549395 ,0.0091731 ,
0.0548537 ,0.0096722 ,
0.0558168 ,0.0048833 ,
0.0557399 ,0.0056945 ,
0.0556512 ,0.0065046 ,
0.0555507 ,0.0073132 ,
0.0569823 ,0.0049853 ,
0.0568626 ,0.0062037 ,
0.0567168 ,0.0074193 ,
0.0565379 ,0.0086781 ,
0.0563310 ,0.0099327 ,
0.0587755 ,0.0051422 ,
0.0586558 ,0.0063638 ,
0.0585107 ,0.0075826 ,
0.0583224 ,0.0089163 ,
0.0581037 ,0.0102453 ,
0.0627603 ,0.0054908 ,
0.0626406 ,0.0067194 ,
0.0624969 ,0.0079453 ,
0.0622879 ,0.0094453 ,
0.0620429 ,0.0109398 ,
0.0707298 ,0.0061881 ,
0.0706101 ,0.0074305 ,
0.0704686 ,0.0086706 ,
0.0702188 ,0.0105034 ,
0.0699213 ,0.0123291 ,
0.0670419 ,0.0058654 ,
0.0669224 ,0.0071006 ,
0.0667800 ,0.0083333 ,
0.0665490 ,0.0100129 ,
0.0662756 ,0.0116862 ,
0.0871670 ,0.0076261 ,
0.0869084 ,0.0101581 ,
0.0861706 ,0.0151942 ,
0.0865762 ,0.0126816 ,
0.0886613 ,0.0077569 ,
0.0883982 ,0.0103322 ,
0.0880603 ,0.0128989 ,
0.0876479 ,0.0154547 ,
0.0901556 ,0.0078876 ,
0.0898881 ,0.0105064 ,
0.0895445 ,0.0131163 ,
0.0891251 ,0.0157152 ,
0.0916499 ,0.0080183 ,
0.0913779 ,0.0106806 ,
0.0910287 ,0.0133337 ,
0.0906023 ,0.0159756 ,
0.0967305 ,0.0084628 ,
0.0962693 ,0.0126741 ,
0.0956248 ,0.0168612 ,
0.1050985 ,0.0091949 ,
0.1045974 ,0.0137705 ,
0.1038972 ,0.0183198 ,
0.1170529 ,0.0102408 ,
0.1164948 ,0.0153369 ,
0.1157149 ,0.0204037 ,
0.0553294 ,0.0015093 ,
0.0556793 ,0.0015190 ,
0.0558279 ,0.0019816 ,
0.0547308 ,0.0043074 ,
0.0547662 ,0.0038297 ,
0.0547976 ,0.0033517 ,
0.0548248 ,0.0028734 ,
0.0548478 ,0.0023949 ,
0.0548655 ,0.0019460 ,
0.0548910 ,0.0009972 ,
0.0548978 ,0.0004986 ,
0.0549000 ,0.0000000 ,
0.0548804 ,0.0014641 ,
0.0548304 ,0.0043153 ,
0.0548660 ,0.0038367 ,
0.0548974 ,0.0033578 ,
0.0549246 ,0.0028786 ,
0.0549477 ,0.0023992 ,
0.0549654 ,0.0019496 ,
0.0549796 ,0.0014998 ,
0.0549909 ,0.0010000 ,
0.0549977 ,0.0005000 ,
0.0550000 ,0.0000000 ,
0.0545315 ,0.0042917 ,
0.0545669 ,0.0038157 ,
0.0545981 ,0.0033394 ,
0.0546252 ,0.0028628 ,
0.0546481 ,0.0023860 ,
0.0546668 ,0.0019090 ,
0.0546814 ,0.0014319 ,
0.0546918 ,0.0009546 ,
0.0546980 ,0.0004773 ,
0.0547001 ,0.0000000 ,
0.0546311 ,0.0042996 ,
0.0546666 ,0.0038227 ,
0.0546978 ,0.0033455 ,
0.0547249 ,0.0028680 ,
0.0547478 ,0.0023904 ,
0.0547666 ,0.0019125 ,
0.0547812 ,0.0014345 ,
0.0547916 ,0.0009563 ,
0.0547979 ,0.0004782 ,
0.0548000 ,0.0000000 ,
0.0730472 ,0.0038781 ,
0.0751486 ,0.0035739 ,
0.0766700 ,0.0020926 ,
0.0770300 ,0.0000000 ,
0.0729830 ,0.0049401 ,
0.0760568 ,0.0048409 ,
0.0784853 ,0.0029540 ,
0.0793409 ,0.0000000 ,
0.0813621 ,0.0047388 ,
0.0814655 ,0.0023704 ,
0.0815000 ,0.0000000 ,
0.0843571 ,0.0049132 ,
0.0844642 ,0.0024577 ,
0.0845001 ,0.0000000 ,
0.0551887 ,0.0042224 ,
0.0552315 ,0.0036201 ,
0.0552677 ,0.0030175 ,
0.0552973 ,0.0024145 ,
0.0553152 ,0.0019620 ,
0.0556908 ,0.0010126 ,
0.0556977 ,0.0005064 ,
0.0557000 ,0.0000000 ,
0.0558819 ,0.0040711 ,
0.0559352 ,0.0032580 ,
0.0559767 ,0.0024442 ,
0.0570760 ,0.0037646 ,
0.0571435 ,0.0025422 ,
0.0571859 ,0.0012714 ,
0.0572000 ,0.0000000 ,
0.0588697 ,0.0039183 ,
0.0589385 ,0.0026929 ,
0.0589847 ,0.0013468 ,
0.0590000 ,0.0000000 ,
0.0628558 ,0.0042602 ,
0.0629272 ,0.0030279 ,
0.0629818 ,0.0015144 ,
0.0630000 ,0.0000000 ,
0.0708277 ,0.0049436 ,
0.0709036 ,0.0036978 ,
0.0709759 ,0.0018495 ,
0.0710000 ,0.0000000 ,
0.0671387 ,0.0046282 ,
0.0672125 ,0.0033896 ,
0.0672767 ,0.0016953 ,
0.0672980 ,0.0000000 ,
0.0873520 ,0.0050877 ,
0.0875000 ,0.0000000 ,
0.0874630 ,0.0025449 ,
0.0888494 ,0.0051749 ,
0.0889623 ,0.0025885 ,
0.0890000 ,0.0000000 ,
0.0903469 ,0.0052621 ,
0.0904617 ,0.0026322 ,
0.0905000 ,0.0000000 ,
0.0918444 ,0.0053493 ,
0.0919611 ,0.0026758 ,
0.0920000 ,0.0000000 ,
0.0970076 ,0.0042355 ,
0.0971000 ,0.0000000 ,
0.1053996 ,0.0046019 ,
0.1055000 ,0.0000000 ,
0.1173882 ,0.0051253 ,
0.1175000 ,0.0000000 ,
0.0525088 ,0.0175056 ,
0.0528410 ,0.0176161 ,
0.0531388 ,0.0172323 ,
0.0530293 ,0.0142093 ,
0.0529032 ,0.0146714 ,
0.0527732 ,0.0151325 ,
0.0526392 ,0.0155924 ,
0.0525012 ,0.0160511 ,
0.0523591 ,0.0165086 ,
0.0522223 ,0.0169365 ,
0.0519217 ,0.0178368 ,
0.0517575 ,0.0183077 ,
0.0515892 ,0.0187770 ,
0.0520715 ,0.0173944 ,
0.0531259 ,0.0142351 ,
0.0529997 ,0.0146982 ,
0.0528694 ,0.0151601 ,
0.0527351 ,0.0156207 ,
0.0525968 ,0.0160803 ,
0.0524545 ,0.0165388 ,
0.0523174 ,0.0169674 ,
0.0521769 ,0.0173949 ,
0.0520165 ,0.0178684 ,
0.0518519 ,0.0183406 ,
0.0516830 ,0.0188112 ,
0.0528363 ,0.0141574 ,
0.0527107 ,0.0146180 ,
0.0525811 ,0.0150774 ,
0.0524476 ,0.0155357 ,
0.0523100 ,0.0159928 ,
0.0521684 ,0.0164486 ,
0.0520229 ,0.0169033 ,
0.0518734 ,0.0173566 ,
0.0517200 ,0.0178086 ,
0.0515626 ,0.0182593 ,
0.0514013 ,0.0187085 ,
0.0529328 ,0.0141833 ,
0.0528069 ,0.0146447 ,
0.0526771 ,0.0151050 ,
0.0525433 ,0.0155641 ,
0.0524055 ,0.0160220 ,
0.0522636 ,0.0164787 ,
0.0521179 ,0.0169342 ,
0.0519681 ,0.0173884 ,
0.0518144 ,0.0178413 ,
0.0516568 ,0.0182928 ,
0.0514952 ,0.0187428 ,
0.0699682 ,0.0213394 ,
0.0718389 ,0.0223440 ,
0.0727619 ,0.0242564 ,
0.0723846 ,0.0263459 ,
0.0702711 ,0.0203195 ,
0.0731256 ,0.0214641 ,
0.0747624 ,0.0240678 ,
0.0745561 ,0.0271363 ,
0.0787230 ,0.0210939 ,
0.0780761 ,0.0233746 ,
0.0773633 ,0.0256354 ,
0.0765850 ,0.0278747 ,
0.0816207 ,0.0218704 ,
0.0809501 ,0.0242350 ,
0.0802110 ,0.0265791 ,
0.0794040 ,0.0289008 ,
0.0767911 ,0.0205762 ,
0.0729274 ,0.0195410 ,
0.0534640 ,0.0143257 ,
0.0533046 ,0.0149080 ,
0.0531387 ,0.0154885 ,
0.0529667 ,0.0160672 ,
0.0527883 ,0.0166440 ,
0.0526503 ,0.0170753 ,
0.0526785 ,0.0180959 ,
0.0525119 ,0.0185739 ,
0.0523408 ,0.0190506 ,
0.0541208 ,0.0145017 ,
0.0539042 ,0.0152872 ,
0.0536762 ,0.0160696 ,
0.0534368 ,0.0168484 ,
0.0552509 ,0.0148045 ,
0.0549214 ,0.0159836 ,
0.0545668 ,0.0171554 ,
0.0541720 ,0.0183640 ,
0.0537504 ,0.0195636 ,
0.0569896 ,0.0152704 ,
0.0566596 ,0.0164527 ,
0.0563051 ,0.0176277 ,
0.0558880 ,0.0189085 ,
0.0554419 ,0.0201793 ,
0.0608533 ,0.0163057 ,
0.0605221 ,0.0174948 ,
0.0601677 ,0.0186771 ,
0.0597014 ,0.0201181 ,
0.0592006 ,0.0215473 ,
0.0685807 ,0.0183763 ,
0.0682471 ,0.0195790 ,
0.0678924 ,0.0207757 ,
0.0673281 ,0.0225373 ,
0.0667181 ,0.0242836 ,
0.0650048 ,0.0174181 ,
0.0646727 ,0.0186138 ,
0.0643184 ,0.0198030 ,
0.0637992 ,0.0214170 ,
0.0632394 ,0.0230174 ,
0.0845185 ,0.0226467 ,
0.0838241 ,0.0250954 ,
0.0822230 ,0.0299268 ,
0.0830587 ,0.0275228 ,
0.0859673 ,0.0230350 ,
0.0852610 ,0.0255255 ,
0.0844826 ,0.0279946 ,
0.0836326 ,0.0304399 ,
0.0874162 ,0.0234232 ,
0.0866980 ,0.0259558 ,
0.0859065 ,0.0284664 ,
0.0850421 ,0.0309530 ,
0.0888651 ,0.0238114 ,
0.0881350 ,0.0263861 ,
0.0873304 ,0.0289382 ,
0.0864517 ,0.0314659 ,
0.0937914 ,0.0251314 ,
0.0926059 ,0.0291987 ,
0.0912441 ,0.0332102 ,
0.1019051 ,0.0273055 ,
0.1006171 ,0.0317246 ,
0.0991375 ,0.0360832 ,
0.1134963 ,0.0304114 ,
0.1120617 ,0.0353331 ,
0.1104138 ,0.0401875 ,
0.0542267 ,0.0110943 ,
0.0545696 ,0.0111646 ,
0.0546356 ,0.0116460 ,
0.0531513 ,0.0137459 ,
0.0532691 ,0.0132816 ,
0.0533831 ,0.0128163 ,
0.0534929 ,0.0123500 ,
0.0535987 ,0.0118828 ,
0.0536940 ,0.0114438 ,
0.0538839 ,0.0105138 ,
0.0539772 ,0.0100240 ,
0.0537924 ,0.0109718 ,
0.0532480 ,0.0137710 ,
0.0533662 ,0.0133059 ,
0.0534803 ,0.0128397 ,
0.0535903 ,0.0123725 ,
0.0536963 ,0.0119044 ,
0.0537918 ,0.0114647 ,
0.0538839 ,0.0110242 ,
0.0539818 ,0.0105339 ,
0.0540753 ,0.0100427 ,
0.0529578 ,0.0136958 ,
0.0530753 ,0.0132332 ,
0.0531888 ,0.0127695 ,
0.0532982 ,0.0123048 ,
0.0534035 ,0.0118393 ,
0.0535048 ,0.0113728 ,
0.0536020 ,0.0109054 ,
0.0536951 ,0.0104373 ,
0.0537842 ,0.0099683 ,
0.0530545 ,0.0137209 ,
0.0531723 ,0.0132574 ,
0.0532859 ,0.0127929 ,
0.0533955 ,0.0123274 ,
0.0535010 ,0.0118610 ,
0.0536025 ,0.0113936 ,
0.0536998 ,0.0109254 ,
0.0537931 ,0.0104563 ,
0.0538823 ,0.0099866 ,
0.0712640 ,0.0165038 ,
0.0733863 ,0.0165691 ,
0.0751418 ,0.0153745 ,
0.0710164 ,0.0175385 ,
0.0740607 ,0.0179746 ,
0.0767800 ,0.0165380 ,
0.0793031 ,0.0187953 ,
0.0798162 ,0.0164808 ,
0.0822223 ,0.0194871 ,
0.0827542 ,0.0170875 ,
0.0536170 ,0.0137417 ,
0.0537638 ,0.0131560 ,
0.0539041 ,0.0125689 ,
0.0540379 ,0.0119802 ,
0.0541341 ,0.0115376 ,
0.0546689 ,0.0106679 ,
0.0547636 ,0.0101706 ,
0.0543260 ,0.0137131 ,
0.0545197 ,0.0129216 ,
0.0547018 ,0.0121274 ,
0.0555552 ,0.0136186 ,
0.0558339 ,0.0124265 ,
0.0560963 ,0.0111824 ,
0.0572949 ,0.0140815 ,
0.0575755 ,0.0128866 ,
0.0578547 ,0.0115690 ,
0.0611611 ,0.0151103 ,
0.0614454 ,0.0139092 ,
0.0617620 ,0.0124281 ,
0.0688932 ,0.0171677 ,
0.0691843 ,0.0159540 ,
0.0695764 ,0.0141463 ,
0.0653150 ,0.0162165 ,
0.0656028 ,0.0150095 ,
0.0659602 ,0.0133521 ,
0.0851414 ,0.0201790 ,
0.0856923 ,0.0176941 ,
0.0866009 ,0.0205249 ,
0.0871613 ,0.0179974 ,
0.0880605 ,0.0208708 ,
0.0886303 ,0.0183008 ,
0.0895202 ,0.0212168 ,
0.0900993 ,0.0186041 ,
0.0947983 ,0.0210165 ,
0.1029992 ,0.0228346 ,
0.1147148 ,0.0254318 ,
0.0486712 ,0.0263577 ,
0.0489791 ,0.0265243 ,
0.0493391 ,0.0261980 ,
0.0497562 ,0.0232019 ,
0.0495518 ,0.0236351 ,
0.0493437 ,0.0240667 ,
0.0491319 ,0.0244962 ,
0.0489163 ,0.0249240 ,
0.0486970 ,0.0253500 ,
0.0484879 ,0.0257475 ,
0.0480355 ,0.0265820 ,
0.0477921 ,0.0270172 ,
0.0475448 ,0.0274501 ,
0.0482598 ,0.0261724 ,
0.0498469 ,0.0232442 ,
0.0496421 ,0.0236782 ,
0.0494336 ,0.0241105 ,
0.0492214 ,0.0245409 ,
0.0490054 ,0.0249694 ,
0.0487856 ,0.0253962 ,
0.0485762 ,0.0257945 ,
0.0483636 ,0.0261911 ,
0.0481234 ,0.0266296 ,
0.0478793 ,0.0270660 ,
0.0476313 ,0.0275002 ,
0.0495751 ,0.0231173 ,
0.0493715 ,0.0235490 ,
0.0491641 ,0.0239790 ,
0.0489530 ,0.0244071 ,
0.0487382 ,0.0248333 ,
0.0485196 ,0.0252577 ,
0.0482973 ,0.0256802 ,
0.0480714 ,0.0261006 ,
0.0478418 ,0.0265191 ,
0.0476086 ,0.0269356 ,
0.0473717 ,0.0273501 ,
0.0496657 ,0.0231596 ,
0.0494616 ,0.0235921 ,
0.0492538 ,0.0240229 ,
0.0490423 ,0.0244517 ,
0.0488271 ,0.0248788 ,
0.0486081 ,0.0253039 ,
0.0483855 ,0.0257272 ,
0.0481591 ,0.0261485 ,
0.0479290 ,0.0265678 ,
0.0476954 ,0.0269850 ,
0.0474582 ,0.0274001 ,
0.0651996 ,0.0331652 ,
0.0668674 ,0.0344794 ,
0.0674444 ,0.0365229 ,
0.0667099 ,0.0385152 ,
0.0656750 ,0.0322134 ,
0.0682874 ,0.0338362 ,
0.0694472 ,0.0366846 ,
0.0687112 ,0.0396706 ,
0.0738640 ,0.0344436 ,
0.0728309 ,0.0365773 ,
0.0717363 ,0.0386801 ,
0.0705810 ,0.0407502 ,
0.0765830 ,0.0357115 ,
0.0755119 ,0.0379238 ,
0.0743769 ,0.0401039 ,
0.0731791 ,0.0422502 ,
0.0720514 ,0.0335984 ,
0.0684261 ,0.0319079 ,
0.0501641 ,0.0233921 ,
0.0499060 ,0.0239378 ,
0.0496419 ,0.0244807 ,
0.0493720 ,0.0250208 ,
0.0490961 ,0.0255578 ,
0.0488853 ,0.0259586 ,
0.0487358 ,0.0269686 ,
0.0484888 ,0.0274104 ,
0.0482375 ,0.0278501 ,
0.0507804 ,0.0236794 ,
0.0504307 ,0.0244154 ,
0.0500703 ,0.0251463 ,
0.0496993 ,0.0258717 ,
0.0518407 ,0.0241739 ,
0.0513115 ,0.0252779 ,
0.0507587 ,0.0263703 ,
0.0501601 ,0.0274920 ,
0.0495366 ,0.0286001 ,
0.0534721 ,0.0249346 ,
0.0529418 ,0.0260416 ,
0.0523886 ,0.0271373 ,
0.0517555 ,0.0283261 ,
0.0510954 ,0.0295002 ,
0.0570974 ,0.0266251 ,
0.0565647 ,0.0277387 ,
0.0560104 ,0.0288415 ,
0.0553009 ,0.0301795 ,
0.0545595 ,0.0315001 ,
0.0643477 ,0.0300061 ,
0.0638103 ,0.0311326 ,
0.0632532 ,0.0322495 ,
0.0623916 ,0.0338864 ,
0.0614876 ,0.0355002 ,
0.0609926 ,0.0284415 ,
0.0604579 ,0.0295613 ,
0.0599024 ,0.0306710 ,
0.0591109 ,0.0321703 ,
0.0582817 ,0.0336492 ,
0.0793018 ,0.0369793 ,
0.0781928 ,0.0392701 ,
0.0757770 ,0.0437501 ,
0.0770176 ,0.0415278 ,
0.0806613 ,0.0376132 ,
0.0795332 ,0.0399433 ,
0.0783378 ,0.0422396 ,
0.0770762 ,0.0445002 ,
0.0820207 ,0.0382472 ,
0.0808737 ,0.0406165 ,
0.0796582 ,0.0429515 ,
0.0783752 ,0.0452502 ,
0.0833802 ,0.0388811 ,
0.0822141 ,0.0412898 ,
0.0809785 ,0.0436634 ,
0.0796742 ,0.0460002 ,
0.0880024 ,0.0410364 ,
0.0861286 ,0.0448360 ,
0.0840909 ,0.0485502 ,
0.0956153 ,0.0445864 ,
0.0935795 ,0.0487147 ,
0.0913656 ,0.0527501 ,
0.1064911 ,0.0496579 ,
0.1042236 ,0.0542558 ,
0.1017578 ,0.0587503 ,
0.0514764 ,0.0203422 ,
0.0518018 ,0.0204710 ,
0.0517833 ,0.0209565 ,
0.0499569 ,0.0227668 ,
0.0501535 ,0.0223300 ,
0.0503465 ,0.0218916 ,
0.0505356 ,0.0214514 ,
0.0507209 ,0.0210096 ,
0.0508911 ,0.0205939 ,
0.0512396 ,0.0197110 ,
0.0514165 ,0.0192448 ,
0.0510699 ,0.0201461 ,
0.0500477 ,0.0228083 ,
0.0502449 ,0.0223707 ,
0.0504382 ,0.0219314 ,
0.0506276 ,0.0214904 ,
0.0508133 ,0.0210479 ,
0.0509837 ,0.0206314 ,
0.0511509 ,0.0202136 ,
0.0513325 ,0.0197478 ,
0.0515099 ,0.0192803 ,
0.0497750 ,0.0226838 ,
0.0499710 ,0.0222485 ,
0.0501633 ,0.0218116 ,
0.0503517 ,0.0213730 ,
0.0505363 ,0.0209328 ,
0.0507171 ,0.0204910 ,
0.0508940 ,0.0200477 ,
0.0510670 ,0.0196028 ,
0.0512361 ,0.0191564 ,
0.0498658 ,0.0227254 ,
0.0500623 ,0.0222894 ,
0.0502548 ,0.0218516 ,
0.0504436 ,0.0214122 ,
0.0506285 ,0.0209712 ,
0.0508096 ,0.0205286 ,
0.0509868 ,0.0200844 ,
0.0511601 ,0.0196386 ,
0.0513296 ,0.0191915 ,
0.0673155 ,0.0286280 ,
0.0693942 ,0.0290609 ,
0.0713305 ,0.0281893 ,
0.0668919 ,0.0296040 ,
0.0698143 ,0.0305621 ,
0.0727417 ,0.0296196 ,
0.0748345 ,0.0322807 ,
0.0757417 ,0.0300905 ,
0.0775892 ,0.0334689 ,
0.0785297 ,0.0311981 ,
0.0504162 ,0.0228435 ,
0.0506624 ,0.0222922 ,
0.0509026 ,0.0217383 ,
0.0511366 ,0.0211818 ,
0.0513082 ,0.0207627 ,
0.0519859 ,0.0199990 ,
0.0521655 ,0.0195257 ,
0.0511194 ,0.0229384 ,
0.0514475 ,0.0221926 ,
0.0517649 ,0.0214421 ,
0.0523463 ,0.0230588 ,
0.0528278 ,0.0219332 ,
0.0533023 ,0.0207536 ,
0.0539792 ,0.0238168 ,
0.0544630 ,0.0226888 ,
0.0549668 ,0.0214397 ,
0.0576080 ,0.0255014 ,
0.0580966 ,0.0243678 ,
0.0586655 ,0.0229643 ,
0.0648654 ,0.0288701 ,
0.0653628 ,0.0277254 ,
0.0660629 ,0.0260133 ,
0.0615067 ,0.0273120 ,
0.0619997 ,0.0261734 ,
0.0626395 ,0.0246032 ,
0.0803438 ,0.0346572 ,
0.0813178 ,0.0323057 ,
0.0817211 ,0.0352513 ,
0.0827118 ,0.0328595 ,
0.0830985 ,0.0358454 ,
0.0841058 ,0.0334134 ,
0.0844758 ,0.0364395 ,
0.0854999 ,0.0339672 ,
0.0897086 ,0.0371588 ,
0.0974692 ,0.0403734 ,
0.1085558 ,0.0449656 ,
0.0433548 ,0.0344090 ,
0.0436291 ,0.0346265 ,
0.0440403 ,0.0343677 ,
0.0449713 ,0.0314896 ,
0.0446948 ,0.0318807 ,
0.0444149 ,0.0322695 ,
0.0441317 ,0.0326558 ,
0.0438451 ,0.0330396 ,
0.0435551 ,0.0334210 ,
0.0432802 ,0.0337763 ,
0.0426898 ,0.0345195 ,
0.0423745 ,0.0349058 ,
0.0420557 ,0.0352892 ,
0.0429818 ,0.0341550 ,
0.0450532 ,0.0315469 ,
0.0447763 ,0.0319388 ,
0.0444958 ,0.0323283 ,
0.0442121 ,0.0327153 ,
0.0439250 ,0.0330998 ,
0.0436344 ,0.0334819 ,
0.0433590 ,0.0338378 ,
0.0430808 ,0.0341915 ,
0.0427681 ,0.0345816 ,
0.0424519 ,0.0349690 ,
0.0421323 ,0.0353535 ,
0.0448077 ,0.0313747 ,
0.0445322 ,0.0317645 ,
0.0442533 ,0.0321519 ,
0.0439711 ,0.0325369 ,
0.0436855 ,0.0329194 ,
0.0433965 ,0.0332993 ,
0.0431043 ,0.0336768 ,
0.0428088 ,0.0340516 ,
0.0425100 ,0.0344239 ,
0.0422080 ,0.0347936 ,
0.0419027 ,0.0351606 ,
0.0448895 ,0.0314321 ,
0.0446134 ,0.0318226 ,
0.0443340 ,0.0322108 ,
0.0440512 ,0.0325964 ,
0.0437651 ,0.0329796 ,
0.0434756 ,0.0333602 ,
0.0431829 ,0.0337384 ,
0.0428868 ,0.0341140 ,
0.0425874 ,0.0344870 ,
0.0422849 ,0.0348573 ,
0.0419791 ,0.0352249 ,
0.0584500 ,0.0439832 ,
0.0598642 ,0.0455670 ,
0.0600776 ,0.0476797 ,
0.0590083 ,0.0495142 ,
0.0590835 ,0.0431284 ,
0.0613743 ,0.0451803 ,
0.0620219 ,0.0481867 ,
0.0607785 ,0.0509996 ,
0.0667607 ,0.0467467 ,
0.0653728 ,0.0486687 ,
0.0639297 ,0.0505494 ,
0.0624325 ,0.0523874 ,
0.0692182 ,0.0484675 ,
0.0677793 ,0.0504602 ,
0.0662829 ,0.0524101 ,
0.0647306 ,0.0543158 ,
0.0651224 ,0.0455996 ,
0.0618458 ,0.0433053 ,
0.0453400 ,0.0317477 ,
0.0449910 ,0.0322403 ,
0.0446366 ,0.0327291 ,
0.0442770 ,0.0332141 ,
0.0439121 ,0.0336950 ,
0.0436349 ,0.0340531 ,
0.0433123 ,0.0350218 ,
0.0429923 ,0.0354140 ,
0.0426685 ,0.0358034 ,
0.0458970 ,0.0321376 ,
0.0454248 ,0.0328017 ,
0.0449429 ,0.0334589 ,
0.0444516 ,0.0341089 ,
0.0468553 ,0.0328087 ,
0.0461425 ,0.0338040 ,
0.0454084 ,0.0347839 ,
0.0446241 ,0.0357846 ,
0.0438176 ,0.0367676 ,
0.0483299 ,0.0338412 ,
0.0476154 ,0.0348393 ,
0.0468803 ,0.0358222 ,
0.0460504 ,0.0368831 ,
0.0451965 ,0.0379247 ,
0.0516065 ,0.0361355 ,
0.0508885 ,0.0371397 ,
0.0501511 ,0.0381295 ,
0.0492201 ,0.0393240 ,
0.0482607 ,0.0404958 ,
0.0581596 ,0.0407242 ,
0.0574347 ,0.0417403 ,
0.0566921 ,0.0427435 ,
0.0555594 ,0.0442058 ,
0.0543889 ,0.0456382 ,
0.0551271 ,0.0386007 ,
0.0544061 ,0.0396107 ,
0.0536664 ,0.0406070 ,
0.0526265 ,0.0419461 ,
0.0515531 ,0.0432585 ,
0.0716756 ,0.0501882 ,
0.0701856 ,0.0522516 ,
0.0670286 ,0.0562441 ,
0.0686362 ,0.0542709 ,
0.0729043 ,0.0510486 ,
0.0713888 ,0.0531473 ,
0.0698128 ,0.0552012 ,
0.0681777 ,0.0572084 ,
0.0741330 ,0.0519089 ,
0.0725920 ,0.0540431 ,
0.0709895 ,0.0561316 ,
0.0693268 ,0.0581726 ,
0.0753618 ,0.0527693 ,
0.0737951 ,0.0549389 ,
0.0721661 ,0.0570619 ,
0.0704759 ,0.0591367 ,
0.0795395 ,0.0556945 ,
0.0770344 ,0.0591110 ,
0.0743827 ,0.0624149 ,
0.0864203 ,0.0605126 ,
0.0836985 ,0.0642246 ,
0.0808175 ,0.0678143 ,
0.0962501 ,0.0673956 ,
0.0932187 ,0.0715299 ,
0.0900099 ,0.0755279 ,
0.0471619 ,0.0289720 ,
0.0474601 ,0.0291553 ,
0.0473575 ,0.0296302 ,
0.0452444 ,0.0310959 ,
0.0455140 ,0.0306999 ,
0.0457802 ,0.0303016 ,
0.0460429 ,0.0299010 ,
0.0463020 ,0.0294981 ,
0.0465418 ,0.0291182 ,
0.0470383 ,0.0283093 ,
0.0472935 ,0.0278809 ,
0.0467957 ,0.0287083 ,
0.0453268 ,0.0311525 ,
0.0455969 ,0.0307558 ,
0.0458635 ,0.0303568 ,
0.0461267 ,0.0299554 ,
0.0463864 ,0.0295518 ,
0.0466265 ,0.0291713 ,
0.0468637 ,0.0287888 ,
0.0471234 ,0.0283616 ,
0.0473793 ,0.0279320 ,
0.0450798 ,0.0309825 ,
0.0453485 ,0.0305879 ,
0.0456137 ,0.0301910 ,
0.0458754 ,0.0297918 ,
0.0461336 ,0.0293904 ,
0.0463883 ,0.0289866 ,
0.0466395 ,0.0285807 ,
0.0468872 ,0.0281726 ,
0.0471312 ,0.0277624 ,
0.0451620 ,0.0310393 ,
0.0454312 ,0.0306440 ,
0.0456968 ,0.0302464 ,
0.0459590 ,0.0298464 ,
0.0462177 ,0.0294442 ,
0.0464729 ,0.0290397 ,
0.0467246 ,0.0286331 ,
0.0469727 ,0.0282242 ,
0.0472172 ,0.0278133 ,
0.0613215 ,0.0398824 ,
0.0632935 ,0.0406696 ,
0.0653517 ,0.0401475 ,
0.0607349 ,0.0407700 ,
0.0634465 ,0.0422210 ,
0.0664931 ,0.0418011 ,
0.0680921 ,0.0447852 ,
0.0693658 ,0.0427858 ,
0.0705986 ,0.0464338 ,
0.0719191 ,0.0443608 ,
0.0456835 ,0.0312512 ,
0.0460217 ,0.0307510 ,
0.0463544 ,0.0302473 ,
0.0466815 ,0.0297398 ,
0.0469233 ,0.0293569 ,
0.0477232 ,0.0287225 ,
0.0479823 ,0.0282876 ,
0.0463595 ,0.0314668 ,
0.0468122 ,0.0307893 ,
0.0472550 ,0.0301053 ,
0.0475468 ,0.0317984 ,
0.0482165 ,0.0307735 ,
0.0488886 ,0.0296942 ,
0.0490234 ,0.0328284 ,
0.0496957 ,0.0318016 ,
0.0504087 ,0.0306589 ,
0.0523045 ,0.0351175 ,
0.0529825 ,0.0340860 ,
0.0537865 ,0.0328026 ,
0.0588666 ,0.0396953 ,
0.0595553 ,0.0386544 ,
0.0605420 ,0.0370899 ,
0.0558296 ,0.0375777 ,
0.0565128 ,0.0365419 ,
0.0574156 ,0.0351067 ,
0.0731050 ,0.0480823 ,
0.0744726 ,0.0459357 ,
0.0743582 ,0.0489066 ,
0.0757492 ,0.0467231 ,
0.0756115 ,0.0497308 ,
0.0770259 ,0.0475107 ,
0.0768647 ,0.0505551 ,
0.0783026 ,0.0482981 ,
0.0818931 ,0.0521722 ,
0.0889776 ,0.0566855 ,
0.0990983 ,0.0631331 ,
0.0367210 ,0.0414148 ,
0.0369534 ,0.0416766 ,
0.0374033 ,0.0414932 ,
0.0388199 ,0.0388204 ,
0.0384797 ,0.0391576 ,
0.0381365 ,0.0394919 ,
0.0377906 ,0.0398231 ,
0.0374417 ,0.0401513 ,
0.0370899 ,0.0404766 ,
0.0367574 ,0.0407787 ,
0.0360469 ,0.0414081 ,
0.0356693 ,0.0417338 ,
0.0352889 ,0.0420561 ,
0.0363978 ,0.0410999 ,
0.0388907 ,0.0388911 ,
0.0385498 ,0.0392290 ,
0.0382061 ,0.0395638 ,
0.0378595 ,0.0398957 ,
0.0375099 ,0.0402245 ,
0.0371574 ,0.0405503 ,
0.0368243 ,0.0408530 ,
0.0364889 ,0.0411530 ,
0.0361133 ,0.0414829 ,
0.0357346 ,0.0418095 ,
0.0353531 ,0.0421326 ,
0.0386788 ,0.0386788 ,
0.0383398 ,0.0390149 ,
0.0379979 ,0.0393480 ,
0.0376531 ,0.0396781 ,
0.0373054 ,0.0400051 ,
0.0369549 ,0.0403292 ,
0.0366015 ,0.0406501 ,
0.0362454 ,0.0409680 ,
0.0358865 ,0.0412827 ,
0.0355249 ,0.0415943 ,
0.0351606 ,0.0419027 ,
0.0387493 ,0.0387496 ,
0.0384097 ,0.0390863 ,
0.0380671 ,0.0394200 ,
0.0377216 ,0.0397506 ,
0.0373733 ,0.0400783 ,
0.0370221 ,0.0404029 ,
0.0366682 ,0.0407245 ,
0.0363114 ,0.0410430 ,
0.0359518 ,0.0413583 ,
0.0355895 ,0.0416705 ,
0.0352246 ,0.0419794 ,
0.0499243 ,0.0534648 ,
0.0510421 ,0.0552701 ,
0.0508853 ,0.0573878 ,
0.0495137 ,0.0590087 ,
0.0506966 ,0.0527330 ,
0.0525964 ,0.0551515 ,
0.0527120 ,0.0582247 ,
0.0509991 ,0.0607789 ,
0.0576289 ,0.0576295 ,
0.0559284 ,0.0592812 ,
0.0541806 ,0.0608828 ,
0.0523870 ,0.0624329 ,
0.0597502 ,0.0597509 ,
0.0579871 ,0.0614634 ,
0.0561750 ,0.0631238 ,
0.0543153 ,0.0647311 ,
0.0562147 ,0.0562153 ,
0.0533863 ,0.0533869 ,
0.0391382 ,0.0391386 ,
0.0387090 ,0.0395631 ,
0.0382751 ,0.0399830 ,
0.0378368 ,0.0403981 ,
0.0373938 ,0.0408084 ,
0.0370587 ,0.0411129 ,
0.0365728 ,0.0420109 ,
0.0361895 ,0.0423416 ,
0.0358030 ,0.0426688 ,
0.0396190 ,0.0396194 ,
0.0390387 ,0.0401913 ,
0.0384500 ,0.0407549 ,
0.0378533 ,0.0413097 ,
0.0404463 ,0.0404467 ,
0.0395714 ,0.0413031 ,
0.0386783 ,0.0421406 ,
0.0377322 ,0.0429899 ,
0.0367672 ,0.0438179 ,
0.0417191 ,0.0417195 ,
0.0408422 ,0.0425784 ,
0.0399476 ,0.0434188 ,
0.0389460 ,0.0443194 ,
0.0379242 ,0.0451969 ,
0.0445475 ,0.0445480 ,
0.0436661 ,0.0454122 ,
0.0427680 ,0.0462589 ,
0.0416437 ,0.0472736 ,
0.0404954 ,0.0482610 ,
0.0502043 ,0.0502048 ,
0.0493140 ,0.0510796 ,
0.0484085 ,0.0519386 ,
0.0470390 ,0.0531821 ,
0.0456376 ,0.0543894 ,
0.0475866 ,0.0475871 ,
0.0467011 ,0.0484565 ,
0.0457997 ,0.0493093 ,
0.0445431 ,0.0504474 ,
0.0432581 ,0.0515535 ,
0.0618715 ,0.0618721 ,
0.0600459 ,0.0636455 ,
0.0562435 ,0.0670291 ,
0.0581693 ,0.0653651 ,
0.0629321 ,0.0629328 ,
0.0610752 ,0.0647365 ,
0.0591665 ,0.0664855 ,
0.0572078 ,0.0681783 ,
0.0639928 ,0.0639935 ,
0.0621046 ,0.0658276 ,
0.0601637 ,0.0676061 ,
0.0581719 ,0.0693273 ,
0.0650535 ,0.0650541 ,
0.0631338 ,0.0669187 ,
0.0611610 ,0.0687266 ,
0.0591361 ,0.0704763 ,
0.0686597 ,0.0686604 ,
0.0655995 ,0.0715900 ,
0.0624143 ,0.0743832 ,
0.0745994 ,0.0746001 ,
0.0712744 ,0.0777831 ,
0.0678137 ,0.0808179 ,
0.0830847 ,0.0830855 ,
0.0793814 ,0.0866305 ,
0.0755271 ,0.0900106 ,
0.0414144 ,0.0367214 ,
0.0416762 ,0.0369538 ,
0.0414927 ,0.0374037 ,
0.0391573 ,0.0384801 ,
0.0394915 ,0.0381369 ,
0.0398228 ,0.0377910 ,
0.0401511 ,0.0374421 ,
0.0404763 ,0.0370903 ,
0.0407784 ,0.0367578 ,
0.0414078 ,0.0360474 ,
0.0417335 ,0.0356698 ,
0.0410995 ,0.0363982 ,
0.0392285 ,0.0385502 ,
0.0395634 ,0.0382065 ,
0.0398953 ,0.0378598 ,
0.0402242 ,0.0375102 ,
0.0405500 ,0.0371578 ,
0.0408526 ,0.0368248 ,
0.0411526 ,0.0364893 ,
0.0414825 ,0.0361137 ,
0.0418091 ,0.0357351 ,
0.0390149 ,0.0383398 ,
0.0393480 ,0.0379979 ,
0.0396781 ,0.0376531 ,
0.0400051 ,0.0373054 ,
0.0403292 ,0.0369549 ,
0.0406501 ,0.0366015 ,
0.0409680 ,0.0362454 ,
0.0412827 ,0.0358865 ,
0.0415943 ,0.0355249 ,
0.0390859 ,0.0384101 ,
0.0394197 ,0.0380676 ,
0.0397503 ,0.0377221 ,
0.0400780 ,0.0373737 ,
0.0404025 ,0.0370226 ,
0.0407241 ,0.0366686 ,
0.0410426 ,0.0363118 ,
0.0413579 ,0.0359521 ,
0.0416701 ,0.0355899 ,
0.0534644 ,0.0499249 ,
0.0552697 ,0.0510426 ,
0.0573873 ,0.0508858 ,
0.0527325 ,0.0506972 ,
0.0551510 ,0.0525970 ,
0.0582242 ,0.0527126 ,
0.0592807 ,0.0559290 ,
0.0608823 ,0.0541811 ,
0.0614629 ,0.0579877 ,
0.0631233 ,0.0561756 ,
0.0395627 ,0.0387094 ,
0.0399826 ,0.0382755 ,
0.0403977 ,0.0378371 ,
0.0408080 ,0.0373942 ,
0.0411126 ,0.0370591 ,
0.0420106 ,0.0365733 ,
0.0423412 ,0.0361899 ,
0.0401910 ,0.0390390 ,
0.0407545 ,0.0384504 ,
0.0413094 ,0.0378537 ,
0.0413027 ,0.0395718 ,
0.0421402 ,0.0386788 ,
0.0429895 ,0.0377325 ,
0.0425780 ,0.0408425 ,
0.0434184 ,0.0399480 ,
0.0443190 ,0.0389466 ,
0.0454117 ,0.0436667 ,
0.0462585 ,0.0427686 ,
0.0472732 ,0.0416442 ,
0.0510792 ,0.0493144 ,
0.0519382 ,0.0484089 ,
0.0531816 ,0.0470395 ,
0.0484560 ,0.0467016 ,
0.0493087 ,0.0458002 ,
0.0504470 ,0.0445436 ,
0.0636449 ,0.0600465 ,
0.0653644 ,0.0581700 ,
0.0647359 ,0.0610758 ,
0.0664849 ,0.0591671 ,
0.0658270 ,0.0621052 ,
0.0676054 ,0.0601644 ,
0.0669181 ,0.0631346 ,
0.0687260 ,0.0611616 ,
0.0715893 ,0.0656002 ,
0.0777824 ,0.0712752 ,
0.0866297 ,0.0793823 ,
0.0289715 ,0.0471622 ,
0.0291549 ,0.0474604 ,
0.0296297 ,0.0473579 ,
0.0314890 ,0.0449717 ,
0.0310954 ,0.0452447 ,
0.0306994 ,0.0455143 ,
0.0303012 ,0.0457804 ,
0.0299006 ,0.0460431 ,
0.0294977 ,0.0463023 ,
0.0291178 ,0.0465421 ,
0.0283088 ,0.0470386 ,
0.0278804 ,0.0472937 ,
0.0274497 ,0.0475450 ,
0.0287079 ,0.0467959 ,
0.0315464 ,0.0450536 ,
0.0311521 ,0.0453271 ,
0.0307554 ,0.0455972 ,
0.0303564 ,0.0458638 ,
0.0299551 ,0.0461270 ,
0.0295513 ,0.0463866 ,
0.0291708 ,0.0466268 ,
0.0287884 ,0.0468640 ,
0.0283611 ,0.0471237 ,
0.0279315 ,0.0473796 ,
0.0274997 ,0.0476316 ,
0.0313747 ,0.0448077 ,
0.0309825 ,0.0450798 ,
0.0305879 ,0.0453485 ,
0.0301910 ,0.0456137 ,
0.0297918 ,0.0458754 ,
0.0293904 ,0.0461336 ,
0.0289866 ,0.0463883 ,
0.0285807 ,0.0466395 ,
0.0281726 ,0.0468872 ,
0.0277624 ,0.0471312 ,
0.0273501 ,0.0473717 ,
0.0314318 ,0.0448897 ,
0.0310388 ,0.0451623 ,
0.0306435 ,0.0454315 ,
0.0302459 ,0.0456971 ,
0.0298459 ,0.0459593 ,
0.0294437 ,0.0462179 ,
0.0290393 ,0.0464732 ,
0.0286326 ,0.0467249 ,
0.0282237 ,0.0469730 ,
0.0278128 ,0.0472175 ,
0.0273997 ,0.0474584 ,
0.0398817 ,0.0613218 ,
0.0406690 ,0.0632939 ,
0.0401469 ,0.0653521 ,
0.0385146 ,0.0667102 ,
0.0407694 ,0.0607353 ,
0.0422203 ,0.0634469 ,
0.0418005 ,0.0664935 ,
0.0396701 ,0.0687115 ,
0.0467461 ,0.0667612 ,
0.0447845 ,0.0680925 ,
0.0427852 ,0.0693662 ,
0.0407496 ,0.0705814 ,
0.0484668 ,0.0692187 ,
0.0464331 ,0.0705991 ,
0.0443601 ,0.0719196 ,
0.0422496 ,0.0731795 ,
0.0455989 ,0.0651229 ,
0.0433046 ,0.0618463 ,
0.0317472 ,0.0453403 ,
0.0312508 ,0.0456839 ,
0.0307506 ,0.0460220 ,
0.0302468 ,0.0463547 ,
0.0297394 ,0.0466818 ,
0.0293564 ,0.0469235 ,
0.0287220 ,0.0477235 ,
0.0282871 ,0.0479826 ,
0.0278496 ,0.0482377 ,
0.0321372 ,0.0458973 ,
0.0314664 ,0.0463598 ,
0.0307888 ,0.0468126 ,
0.0301048 ,0.0472553 ,
0.0328083 ,0.0468557 ,
0.0317980 ,0.0475471 ,
0.0307730 ,0.0482168 ,
0.0296938 ,0.0488889 ,
0.0285997 ,0.0495368 ,
0.0338407 ,0.0483302 ,
0.0328280 ,0.0490237 ,
0.0318010 ,0.0496960 ,
0.0306583 ,0.0504090 ,
0.0294997 ,0.0510957 ,
0.0361350 ,0.0516068 ,
0.0351169 ,0.0523048 ,
0.0340855 ,0.0529828 ,
0.0328020 ,0.0537868 ,
0.0314997 ,0.0545598 ,
0.0407235 ,0.0581601 ,
0.0396948 ,0.0588670 ,
0.0386539 ,0.0595557 ,
0.0370893 ,0.0605424 ,
0.0354995 ,0.0614880 ,
0.0386002 ,0.0551275 ,
0.0375772 ,0.0558299 ,
0.0365413 ,0.0565132 ,
0.0351062 ,0.0574159 ,
0.0336486 ,0.0582820 ,
0.0501875 ,0.0716761 ,
0.0480816 ,0.0731055 ,
0.0437495 ,0.0757774 ,
0.0459350 ,0.0744731 ,
0.0510478 ,0.0729048 ,
0.0489059 ,0.0743587 ,
0.0467225 ,0.0757496 ,
0.0444995 ,0.0770765 ,
0.0519082 ,0.0741336 ,
0.0497301 ,0.0756120 ,
0.0475100 ,0.0770264 ,
0.0452495 ,0.0783756 ,
0.0527686 ,0.0753623 ,
0.0505543 ,0.0768652 ,
0.0482974 ,0.0783031 ,
0.0459995 ,0.0796746 ,
0.0556938 ,0.0795400 ,
0.0521713 ,0.0818936 ,
0.0485495 ,0.0840913 ,
0.0605118 ,0.0864209 ,
0.0566846 ,0.0889781 ,
0.0527495 ,0.0913659 ,
0.0673947 ,0.0962508 ,
0.0631321 ,0.0990990 ,
0.0587493 ,0.1017584 ,
0.0344086 ,0.0433551 ,
0.0346261 ,0.0436294 ,
0.0343672 ,0.0440406 ,
0.0318803 ,0.0446952 ,
0.0322690 ,0.0444152 ,
0.0326554 ,0.0441320 ,
0.0330393 ,0.0438454 ,
0.0334206 ,0.0435555 ,
0.0337759 ,0.0432805 ,
0.0345191 ,0.0426901 ,
0.0349054 ,0.0423749 ,
0.0341546 ,0.0429821 ,
0.0319383 ,0.0447765 ,
0.0323278 ,0.0444962 ,
0.0327149 ,0.0442124 ,
0.0330994 ,0.0439252 ,
0.0334815 ,0.0436348 ,
0.0338373 ,0.0433593 ,
0.0341910 ,0.0430811 ,
0.0345812 ,0.0427685 ,
0.0349686 ,0.0424523 ,
0.0317645 ,0.0445322 ,
0.0321519 ,0.0442533 ,
0.0325369 ,0.0439711 ,
0.0329194 ,0.0436855 ,
0.0332993 ,0.0433965 ,
0.0336768 ,0.0431043 ,
0.0340516 ,0.0428088 ,
0.0344239 ,0.0425100 ,
0.0347936 ,0.0422080 ,
0.0318222 ,0.0446138 ,
0.0322104 ,0.0443344 ,
0.0325960 ,0.0440516 ,
0.0329792 ,0.0437654 ,
0.0333598 ,0.0434760 ,
0.0337380 ,0.0431832 ,
0.0341135 ,0.0428871 ,
0.0344865 ,0.0425877 ,
0.0348568 ,0.0422852 ,
0.0439827 ,0.0584505 ,
0.0455665 ,0.0598647 ,
0.0476791 ,0.0600780 ,
0.0431279 ,0.0590839 ,
0.0451796 ,0.0613748 ,
0.0481861 ,0.0620223 ,
0.0486680 ,0.0653733 ,
0.0505488 ,0.0639302 ,
0.0504596 ,0.0677797 ,
0.0524094 ,0.0662834 ,
0.0322398 ,0.0449913 ,
0.0327287 ,0.0446369 ,
0.0332136 ,0.0442773 ,
0.0336945 ,0.0439124 ,
0.0340527 ,0.0436353 ,
0.0350214 ,0.0433127 ,
0.0354136 ,0.0429926 ,
0.0328013 ,0.0454251 ,
0.0334584 ,0.0449433 ,
0.0341085 ,0.0444520 ,
0.0338036 ,0.0461428 ,
0.0347834 ,0.0454088 ,
0.0357842 ,0.0446244 ,
0.0348388 ,0.0476157 ,
0.0358218 ,0.0468807 ,
0.0368826 ,0.0460508 ,
0.0371391 ,0.0508890 ,
0.0381290 ,0.0501516 ,
0.0393235 ,0.0492205 ,
0.0417398 ,0.0574351 ,
0.0427429 ,0.0566925 ,
0.0442053 ,0.0555598 ,
0.0396102 ,0.0544064 ,
0.0406064 ,0.0536668 ,
0.0419456 ,0.0526269 ,
0.0522509 ,0.0701861 ,
0.0542702 ,0.0686367 ,
0.0531467 ,0.0713893 ,
0.0552005 ,0.0698133 ,
0.0540424 ,0.0725925 ,
0.0561308 ,0.0709900 ,
0.0549382 ,0.0737957 ,
0.0570612 ,0.0721666 ,
0.0591102 ,0.0770350 ,
0.0642238 ,0.0836992 ,
0.0715289 ,0.0932195 ,
0.0203416 ,0.0514766 ,
0.0204705 ,0.0518021 ,
0.0209559 ,0.0517836 ,
0.0232013 ,0.0497565 ,
0.0227663 ,0.0499570 ,
0.0223295 ,0.0501538 ,
0.0218911 ,0.0503467 ,
0.0214510 ,0.0505358 ,
0.0210091 ,0.0507211 ,
0.0205934 ,0.0508913 ,
0.0197105 ,0.0512397 ,
0.0192443 ,0.0514166 ,
0.0187765 ,0.0515893 ,
0.0201457 ,0.0510701 ,
0.0232436 ,0.0498471 ,
0.0228078 ,0.0500480 ,
0.0223702 ,0.0502451 ,
0.0219310 ,0.0504384 ,
0.0214901 ,0.0506279 ,
0.0210474 ,0.0508135 ,
0.0206309 ,0.0509840 ,
0.0202131 ,0.0511511 ,
0.0197473 ,0.0513327 ,
0.0192798 ,0.0515101 ,
0.0188107 ,0.0516832 ,
0.0231173 ,0.0495751 ,
0.0226838 ,0.0497750 ,
0.0222485 ,0.0499710 ,
0.0218116 ,0.0501633 ,
0.0213730 ,0.0503517 ,
0.0209328 ,0.0505363 ,
0.0204910 ,0.0507171 ,
0.0200477 ,0.0508940 ,
0.0196028 ,0.0510670 ,
0.0191564 ,0.0512361 ,
0.0187085 ,0.0514013 ,
0.0231592 ,0.0496658 ,
0.0227249 ,0.0498660 ,
0.0222888 ,0.0500625 ,
0.0218511 ,0.0502550 ,
0.0214117 ,0.0504438 ,
0.0209707 ,0.0506287 ,
0.0205281 ,0.0508098 ,
0.0200839 ,0.0509871 ,
0.0196381 ,0.0511604 ,
0.0191909 ,0.0513299 ,
0.0187424 ,0.0514953 ,
0.0286273 ,0.0673157 ,
0.0290602 ,0.0693944 ,
0.0281886 ,0.0713307 ,
0.0263453 ,0.0723848 ,
0.0296033 ,0.0668921 ,
0.0305614 ,0.0698145 ,
0.0296189 ,0.0727420 ,
0.0271357 ,0.0745563 ,
0.0344429 ,0.0738644 ,
0.0322799 ,0.0748348 ,
0.0300898 ,0.0757420 ,
0.0278741 ,0.0765852 ,
0.0357107 ,0.0765833 ,
0.0334682 ,0.0775896 ,
0.0311974 ,0.0785301 ,
0.0289001 ,0.0794043 ,
0.0335976 ,0.0720517 ,
0.0319071 ,0.0684265 ,
0.0233915 ,0.0501643 ,
0.0228430 ,0.0504165 ,
0.0222917 ,0.0506626 ,
0.0217378 ,0.0509028 ,
0.0211813 ,0.0511368 ,
0.0207622 ,0.0513084 ,
0.0199985 ,0.0519860 ,
0.0195252 ,0.0521657 ,
0.0190501 ,0.0523409 ,
0.0236790 ,0.0507806 ,
0.0229380 ,0.0511196 ,
0.0221921 ,0.0514478 ,
0.0214416 ,0.0517651 ,
0.0241734 ,0.0518409 ,
0.0230584 ,0.0523465 ,
0.0219327 ,0.0528280 ,
0.0207531 ,0.0533025 ,
0.0195631 ,0.0537506 ,
0.0249341 ,0.0534724 ,
0.0238163 ,0.0539795 ,
0.0226882 ,0.0544632 ,
0.0214391 ,0.0549670 ,
0.0201788 ,0.0554421 ,
0.0266246 ,0.0570976 ,
0.0255007 ,0.0576082 ,
0.0243672 ,0.0580967 ,
0.0229636 ,0.0586657 ,
0.0215469 ,0.0592008 ,
0.0300054 ,0.0643481 ,
0.0288696 ,0.0648656 ,
0.0277249 ,0.0653631 ,
0.0260127 ,0.0660632 ,
0.0242828 ,0.0667184 ,
0.0284409 ,0.0609929 ,
0.0273114 ,0.0615070 ,
0.0261727 ,0.0620000 ,
0.0246026 ,0.0626398 ,
0.0230168 ,0.0632396 ,
0.0369785 ,0.0793022 ,
0.0346564 ,0.0803442 ,
0.0299261 ,0.0822232 ,
0.0323049 ,0.0813182 ,
0.0376124 ,0.0806617 ,
0.0352506 ,0.0817214 ,
0.0328588 ,0.0827121 ,
0.0304392 ,0.0836329 ,
0.0382463 ,0.0820211 ,
0.0358446 ,0.0830988 ,
0.0334126 ,0.0841062 ,
0.0309522 ,0.0850424 ,
0.0388803 ,0.0833806 ,
0.0364387 ,0.0844762 ,
0.0339664 ,0.0855003 ,
0.0314652 ,0.0864519 ,
0.0410356 ,0.0880028 ,
0.0371579 ,0.0897090 ,
0.0332095 ,0.0912444 ,
0.0445855 ,0.0956157 ,
0.0403724 ,0.0974696 ,
0.0360825 ,0.0991378 ,
0.0496569 ,0.1064915 ,
0.0449645 ,0.1085562 ,
0.0401865 ,0.1104142 ,
0.0263573 ,0.0486715 ,
0.0265238 ,0.0489794 ,
0.0261975 ,0.0493394 ,
0.0236347 ,0.0495521 ,
0.0240661 ,0.0493439 ,
0.0244958 ,0.0491321 ,
0.0249236 ,0.0489166 ,
0.0253495 ,0.0486972 ,
0.0257471 ,0.0484881 ,
0.0265815 ,0.0480358 ,
0.0270167 ,0.0477924 ,
0.0261719 ,0.0482601 ,
0.0236777 ,0.0496423 ,
0.0241100 ,0.0494339 ,
0.0245404 ,0.0492216 ,
0.0249690 ,0.0490056 ,
0.0253957 ,0.0487859 ,
0.0257939 ,0.0485764 ,
0.0261906 ,0.0483638 ,
0.0266291 ,0.0481237 ,
0.0270655 ,0.0478796 ,
0.0235490 ,0.0493715 ,
0.0239790 ,0.0491641 ,
0.0244071 ,0.0489530 ,
0.0248333 ,0.0487382 ,
0.0252577 ,0.0485196 ,
0.0256802 ,0.0482973 ,
0.0261006 ,0.0480714 ,
0.0265191 ,0.0478418 ,
0.0269356 ,0.0476086 ,
0.0235916 ,0.0494619 ,
0.0240224 ,0.0492542 ,
0.0244513 ,0.0490426 ,
0.0248783 ,0.0488273 ,
0.0253034 ,0.0486084 ,
0.0257267 ,0.0483857 ,
0.0261479 ,0.0481594 ,
0.0265673 ,0.0479293 ,
0.0269845 ,0.0476957 ,
0.0331646 ,0.0652000 ,
0.0344787 ,0.0668678 ,
0.0365223 ,0.0674447 ,
0.0322128 ,0.0656754 ,
0.0338356 ,0.0682878 ,
0.0366839 ,0.0694475 ,
0.0365766 ,0.0728313 ,
0.0386794 ,0.0717367 ,
0.0379230 ,0.0755123 ,
0.0401031 ,0.0743773 ,
0.0239373 ,0.0499062 ,
0.0244803 ,0.0496421 ,
0.0250203 ,0.0493722 ,
0.0255573 ,0.0490963 ,
0.0259581 ,0.0488856 ,
0.0269681 ,0.0487361 ,
0.0274099 ,0.0484890 ,
0.0244149 ,0.0504309 ,
0.0251457 ,0.0500705 ,
0.0258712 ,0.0496995 ,
0.0252774 ,0.0513118 ,
0.0263698 ,0.0507590 ,
0.0274915 ,0.0501603 ,
0.0260411 ,0.0529420 ,
0.0271367 ,0.0523889 ,
0.0283256 ,0.0517559 ,
0.0277380 ,0.0565650 ,
0.0288410 ,0.0560107 ,
0.0301790 ,0.0553013 ,
0.0311321 ,0.0638106 ,
0.0322489 ,0.0632535 ,
0.0338858 ,0.0623919 ,
0.0295608 ,0.0604581 ,
0.0306703 ,0.0599028 ,
0.0321697 ,0.0591112 ,
0.0392693 ,0.0781932 ,
0.0415270 ,0.0770179 ,
0.0399425 ,0.0795336 ,
0.0422389 ,0.0783382 ,
0.0406157 ,0.0808741 ,
0.0429507 ,0.0796585 ,
0.0412890 ,0.0822145 ,
0.0436626 ,0.0809789 ,
0.0448351 ,0.0861291 ,
0.0487138 ,0.0935800 ,
0.0542547 ,0.1042242 ,
0.0110937 ,0.0542268 ,
0.0111641 ,0.0545698 ,
0.0116454 ,0.0546358 ,
0.0142087 ,0.0530295 ,
0.0137454 ,0.0531514 ,
0.0132810 ,0.0532693 ,
0.0128158 ,0.0533832 ,
0.0123496 ,0.0534930 ,
0.0118823 ,0.0535988 ,
0.0114433 ,0.0536941 ,
0.0105133 ,0.0538840 ,
0.0100234 ,0.0539772 ,
0.0095328 ,0.0540661 ,
0.0109713 ,0.0537925 ,
0.0142346 ,0.0531260 ,
0.0137705 ,0.0532482 ,
0.0133053 ,0.0533664 ,
0.0128392 ,0.0534804 ,
0.0123721 ,0.0535904 ,
0.0119039 ,0.0536964 ,
0.0114641 ,0.0537919 ,
0.0110237 ,0.0538840 ,
0.0105334 ,0.0539819 ,
0.0100421 ,0.0540755 ,
0.0095501 ,0.0541645 ,
0.0141574 ,0.0528363 ,
0.0136958 ,0.0529578 ,
0.0132332 ,0.0530753 ,
0.0127695 ,0.0531888 ,
0.0123048 ,0.0532982 ,
0.0118393 ,0.0534035 ,
0.0113728 ,0.0535048 ,
0.0109054 ,0.0536020 ,
0.0104373 ,0.0536951 ,
0.0099683 ,0.0537842 ,
0.0094986 ,0.0538691 ,
0.0141829 ,0.0529329 ,
0.0137204 ,0.0530546 ,
0.0132568 ,0.0531723 ,
0.0127924 ,0.0532859 ,
0.0123269 ,0.0533955 ,
0.0118604 ,0.0535010 ,
0.0113931 ,0.0536026 ,
0.0109249 ,0.0537000 ,
0.0104558 ,0.0537933 ,
0.0099860 ,0.0538825 ,
0.0095155 ,0.0539676 ,
0.0165031 ,0.0712641 ,
0.0165684 ,0.0733864 ,
0.0153738 ,0.0751420 ,
0.0133755 ,0.0758599 ,
0.0175378 ,0.0710165 ,
0.0179738 ,0.0740608 ,
0.0165373 ,0.0767801 ,
0.0137768 ,0.0781357 ,
0.0210931 ,0.0787232 ,
0.0187945 ,0.0793033 ,
0.0164801 ,0.0798164 ,
0.0141517 ,0.0802620 ,
0.0218695 ,0.0816210 ,
0.0194863 ,0.0822225 ,
0.0170867 ,0.0827544 ,
0.0146725 ,0.0832164 ,
0.0205754 ,0.0767913 ,
0.0195402 ,0.0729276 ,
0.0143252 ,0.0534641 ,
0.0137412 ,0.0536172 ,
0.0131555 ,0.0537639 ,
0.0125683 ,0.0539042 ,
0.0119796 ,0.0540381 ,
0.0115371 ,0.0541342 ,
0.0106673 ,0.0546689 ,
0.0101701 ,0.0547637 ,
0.0096717 ,0.0548538 ,
0.0145012 ,0.0541209 ,
0.0137126 ,0.0543261 ,
0.0129210 ,0.0545198 ,
0.0121268 ,0.0547019 ,
0.0148040 ,0.0552510 ,
0.0136181 ,0.0555553 ,
0.0124259 ,0.0558340 ,
0.0111819 ,0.0560964 ,
0.0099322 ,0.0563311 ,
0.0152698 ,0.0569898 ,
0.0140810 ,0.0572951 ,
0.0128860 ,0.0575756 ,
0.0115684 ,0.0578548 ,
0.0102447 ,0.0581038 ,
0.0163051 ,0.0608535 ,
0.0151097 ,0.0611612 ,
0.0139085 ,0.0614454 ,
0.0124275 ,0.0617621 ,
0.0109393 ,0.0620430 ,
0.0183755 ,0.0685809 ,
0.0171671 ,0.0688933 ,
0.0159534 ,0.0691845 ,
0.0141457 ,0.0695766 ,
0.0123283 ,0.0699214 ,
0.0174174 ,0.0650050 ,
0.0162159 ,0.0653152 ,
0.0150088 ,0.0656030 ,
0.0133515 ,0.0659603 ,
0.0116856 ,0.0662757 ,
0.0226460 ,0.0845187 ,
0.0201782 ,0.0851416 ,
0.0151935 ,0.0861707 ,
0.0176933 ,0.0856925 ,
0.0230341 ,0.0859676 ,
0.0205241 ,0.0866011 ,
0.0179966 ,0.0871615 ,
0.0154539 ,0.0876480 ,
0.0234224 ,0.0874165 ,
0.0208700 ,0.0880608 ,
0.0183000 ,0.0886305 ,
0.0157144 ,0.0891252 ,
0.0238106 ,0.0888654 ,
0.0212158 ,0.0895203 ,
0.0186033 ,0.0900996 ,
0.0159749 ,0.0906024 ,
0.0251305 ,0.0937916 ,
0.0210155 ,0.0947985 ,
0.0168604 ,0.0956249 ,
0.0273046 ,0.1019054 ,
0.0228335 ,0.1029994 ,
0.0183191 ,0.1038973 ,
0.0304103 ,0.1134966 ,
0.0254306 ,0.1147151 ,
0.0204026 ,0.1157151 ,
0.0175050 ,0.0525090 ,
0.0176156 ,0.0528411 ,
0.0172317 ,0.0531390 ,
0.0146710 ,0.0529035 ,
0.0151320 ,0.0527734 ,
0.0155919 ,0.0526394 ,
0.0160506 ,0.0525014 ,
0.0165081 ,0.0523593 ,
0.0169360 ,0.0522224 ,
0.0178363 ,0.0519219 ,
0.0183072 ,0.0517577 ,
0.0173940 ,0.0520716 ,
0.0146976 ,0.0529998 ,
0.0151595 ,0.0528695 ,
0.0156203 ,0.0527353 ,
0.0160799 ,0.0525969 ,
0.0165383 ,0.0524547 ,
0.0169668 ,0.0523175 ,
0.0173943 ,0.0521770 ,
0.0178679 ,0.0520167 ,
0.0183400 ,0.0518521 ,
0.0146180 ,0.0527107 ,
0.0150774 ,0.0525811 ,
0.0155357 ,0.0524476 ,
0.0159928 ,0.0523100 ,
0.0164486 ,0.0521684 ,
0.0169033 ,0.0520229 ,
0.0173566 ,0.0518734 ,
0.0178086 ,0.0517200 ,
0.0182593 ,0.0515626 ,
0.0146442 ,0.0528071 ,
0.0151045 ,0.0526774 ,
0.0155636 ,0.0525435 ,
0.0160215 ,0.0524056 ,
0.0164782 ,0.0522638 ,
0.0169337 ,0.0521180 ,
0.0173878 ,0.0519683 ,
0.0178408 ,0.0518145 ,
0.0182922 ,0.0516569 ,
0.0213388 ,0.0699685 ,
0.0223434 ,0.0718391 ,
0.0242557 ,0.0727622 ,
0.0203189 ,0.0702714 ,
0.0214634 ,0.0731259 ,
0.0240671 ,0.0747626 ,
0.0233738 ,0.0780763 ,
0.0256347 ,0.0773635 ,
0.0242342 ,0.0809504 ,
0.0265783 ,0.0802112 ,
0.0149074 ,0.0533047 ,
0.0154880 ,0.0531389 ,
0.0160667 ,0.0529668 ,
0.0166435 ,0.0527884 ,
0.0170748 ,0.0526505 ,
0.0180954 ,0.0526787 ,
0.0185734 ,0.0525121 ,
0.0152867 ,0.0539043 ,
0.0160690 ,0.0536763 ,
0.0168479 ,0.0534370 ,
0.0159831 ,0.0549216 ,
0.0171549 ,0.0545670 ,
0.0183635 ,0.0541722 ,
0.0164521 ,0.0566597 ,
0.0176272 ,0.0563053 ,
0.0189079 ,0.0558883 ,
0.0174942 ,0.0605224 ,
0.0186766 ,0.0601680 ,
0.0201175 ,0.0597017 ,
0.0195785 ,0.0682472 ,
0.0207751 ,0.0678925 ,
0.0225366 ,0.0673283 ,
0.0186131 ,0.0646728 ,
0.0198023 ,0.0643186 ,
0.0214164 ,0.0637994 ,
0.0250946 ,0.0838243 ,
0.0275220 ,0.0830590 ,
0.0255247 ,0.0852613 ,
0.0279938 ,0.0844828 ,
0.0259550 ,0.0866983 ,
0.0284655 ,0.0859067 ,
0.0263852 ,0.0881353 ,
0.0289374 ,0.0873306 ,
0.0291977 ,0.0926062 ,
0.0317236 ,0.1006174 ,
0.0353320 ,0.1120621 ,
0.0015087 ,0.0553294 ,
0.0015184 ,0.0556793 ,
0.0019810 ,0.0558280 ,
0.0047843 ,0.0546912 ,
0.0043069 ,0.0547307 ,
0.0038291 ,0.0547663 ,
0.0033512 ,0.0547976 ,
0.0028729 ,0.0548248 ,
0.0023944 ,0.0548478 ,
0.0019455 ,0.0548655 ,
0.0009966 ,0.0548910 ,
0.0004980 ,0.0548977 ,
-0.0000005 ,0.0549001 ,
0.0014636 ,0.0548804 ,
0.0047930 ,0.0547908 ,
0.0043147 ,0.0548305 ,
0.0038361 ,0.0548660 ,
0.0033573 ,0.0548975 ,
0.0028782 ,0.0549247 ,
0.0023987 ,0.0549477 ,
0.0019490 ,0.0549654 ,
0.0014993 ,0.0549796 ,
0.0009994 ,0.0549909 ,
0.0004994 ,0.0549977 ,
-0.0000006 ,0.0550000 ,
0.0047674 ,0.0544920 ,
0.0042917 ,0.0545315 ,
0.0038157 ,0.0545669 ,
0.0033394 ,0.0545981 ,
0.0028628 ,0.0546252 ,
0.0023860 ,0.0546481 ,
0.0019090 ,0.0546668 ,
0.0014319 ,0.0546814 ,
0.0009546 ,0.0546918 ,
0.0004773 ,0.0546980 ,
0.0000000 ,0.0547001 ,
0.0047756 ,0.0545915 ,
0.0042991 ,0.0546311 ,
0.0038221 ,0.0546666 ,
0.0033450 ,0.0546978 ,
0.0028675 ,0.0547249 ,
0.0023898 ,0.0547478 ,
0.0019119 ,0.0547666 ,
0.0014339 ,0.0547813 ,
0.0009558 ,0.0547917 ,
0.0004776 ,0.0547980 ,
-0.0000005 ,0.0548000 ,
0.0038774 ,0.0730472 ,
0.0035732 ,0.0751486 ,
0.0020918 ,0.0766700 ,
-0.0000007 ,0.0770301 ,
0.0049394 ,0.0729830 ,
0.0048401 ,0.0760568 ,
0.0029532 ,0.0784853 ,
-0.0000008 ,0.0793410 ,
0.0071024 ,0.0811900 ,
0.0047380 ,0.0813621 ,
0.0023697 ,0.0814655 ,
-0.0000008 ,0.0815001 ,
0.0073638 ,0.0841786 ,
0.0049124 ,0.0843572 ,
0.0024569 ,0.0844643 ,
-0.0000008 ,0.0845000 ,
0.0069281 ,0.0791976 ,
0.0065795 ,0.0752128 ,
0.0048235 ,0.0551395 ,
0.0042218 ,0.0551888 ,
0.0036196 ,0.0552315 ,
0.0030169 ,0.0552678 ,
0.0024139 ,0.0552973 ,
0.0019614 ,0.0553152 ,
0.0010120 ,0.0556907 ,
0.0005059 ,0.0556977 ,
-0.0000006 ,0.0556999 ,
0.0048828 ,0.0558168 ,
0.0040706 ,0.0558820 ,
0.0032574 ,0.0559353 ,
0.0024436 ,0.0559767 ,
0.0049848 ,0.0569823 ,
0.0037641 ,0.0570760 ,
0.0025416 ,0.0571435 ,
0.0012709 ,0.0571859 ,
-0.0000006 ,0.0572000 ,
0.0051416 ,0.0587756 ,
0.0039178 ,0.0588698 ,
0.0026923 ,0.0589385 ,
0.0013462 ,0.0589847 ,
-0.0000006 ,0.0590001 ,
0.0054902 ,0.0627604 ,
0.0042595 ,0.0628558 ,
0.0030273 ,0.0629271 ,
0.0015138 ,0.0629818 ,
-0.0000006 ,0.0630000 ,
0.0061873 ,0.0707299 ,
0.0049430 ,0.0708277 ,
0.0036972 ,0.0709037 ,
0.0018488 ,0.0709759 ,
-0.0000008 ,0.0710000 ,
0.0058648 ,0.0670420 ,
0.0046276 ,0.0671387 ,
0.0033889 ,0.0672126 ,
0.0016947 ,0.0672767 ,
-0.0000007 ,0.0672980 ,
0.0076253 ,0.0871671 ,
0.0050869 ,0.0873521 ,
-0.0000009 ,0.0874999 ,
0.0025440 ,0.0874631 ,
0.0077559 ,0.0886614 ,
0.0051741 ,0.0888495 ,
0.0025877 ,0.0889624 ,
-0.0000009 ,0.0890000 ,
0.0078867 ,0.0901557 ,
0.0052612 ,0.0903470 ,
0.0026313 ,0.0904618 ,
-0.0000009 ,0.0905000 ,
0.0080175 ,0.0916500 ,
0.0053484 ,0.0918444 ,
0.0026749 ,0.0919612 ,
-0.0000009 ,0.0920000 ,
0.0084619 ,0.0967306 ,
0.0042345 ,0.0970076 ,
-0.0000009 ,0.0971000 ,
0.0091939 ,0.1050986 ,
0.0046008 ,0.1053996 ,
-0.0000010 ,0.1055000 ,
0.0102397 ,0.1170530 ,
0.0051241 ,0.1173883 ,
-0.0000012 ,0.1175000 ,
0.0081209 ,0.0547510 ,
0.0081721 ,0.0550973 ,
0.0077424 ,0.0553239 ,
0.0052614 ,0.0546473 ,
0.0057380 ,0.0545993 ,
0.0062142 ,0.0545472 ,
0.0066899 ,0.0544909 ,
0.0071652 ,0.0544305 ,
0.0076103 ,0.0543700 ,
0.0085491 ,0.0542303 ,
0.0090413 ,0.0541504 ,
0.0080875 ,0.0543010 ,
0.0052709 ,0.0547468 ,
0.0057484 ,0.0546988 ,
0.0062255 ,0.0546465 ,
0.0067022 ,0.0545901 ,
0.0071783 ,0.0545296 ,
0.0076241 ,0.0544690 ,
0.0080696 ,0.0544049 ,
0.0085637 ,0.0543292 ,
0.0090573 ,0.0542491 ,
0.0052428 ,0.0544483 ,
0.0057177 ,0.0544005 ,
0.0061922 ,0.0543485 ,
0.0066663 ,0.0542924 ,
0.0071398 ,0.0542322 ,
0.0076128 ,0.0541678 ,
0.0080852 ,0.0540993 ,
0.0085570 ,0.0540267 ,
0.0090281 ,0.0539499 ,
0.0052518 ,0.0545478 ,
0.0057276 ,0.0545000 ,
0.0062030 ,0.0544478 ,
0.0066779 ,0.0543916 ,
0.0071522 ,0.0543312 ,
0.0076261 ,0.0542667 ,
0.0080994 ,0.0541981 ,
0.0085722 ,0.0541253 ,
0.0090441 ,0.0540485 ,
0.0088646 ,0.0726110 ,
0.0095291 ,0.0746276 ,
0.0112521 ,0.0758687 ,
0.0078076 ,0.0727321 ,
0.0084390 ,0.0757420 ,
0.0107189 ,0.0778060 ,
0.0094608 ,0.0809490 ,
0.0118112 ,0.0806396 ,
0.0098091 ,0.0839288 ,
0.0122459 ,0.0836079 ,
0.0054246 ,0.0550835 ,
0.0060252 ,0.0550211 ,
0.0066249 ,0.0549521 ,
0.0072239 ,0.0548766 ,
0.0076727 ,0.0548156 ,
0.0086729 ,0.0550207 ,
0.0091726 ,0.0549396 ,
0.0056940 ,0.0557399 ,
0.0065040 ,0.0556512 ,
0.0073126 ,0.0555508 ,
0.0062032 ,0.0568627 ,
0.0074187 ,0.0567169 ,
0.0086776 ,0.0565380 ,
0.0063633 ,0.0586558 ,
0.0075820 ,0.0585108 ,
0.0089157 ,0.0583225 ,
0.0067187 ,0.0626407 ,
0.0079447 ,0.0624971 ,
0.0094447 ,0.0622880 ,
0.0074299 ,0.0706102 ,
0.0086700 ,0.0704686 ,
0.0105027 ,0.0702189 ,
0.0071000 ,0.0669225 ,
0.0083326 ,0.0667801 ,
0.0100123 ,0.0665491 ,
0.0101573 ,0.0869085 ,
0.0126807 ,0.0865763 ,
0.0103314 ,0.0883983 ,
0.0128981 ,0.0880604 ,
0.0105055 ,0.0898882 ,
0.0131154 ,0.0895446 ,
0.0106797 ,0.0913781 ,
0.0133328 ,0.0910288 ,
0.0126731 ,0.0962694 ,
0.0137694 ,0.1045976 ,
0.0153357 ,0.1164950 ,
1,1350,ironS
1351,1444,coilU+
1445,1518,coilU-
1519,1612,coilV+
1613,1686,coilV-
1687,1780,coilW+
1781,1854,coilW-
1855,3060,airgapS
3061,3384,frame
3385,3618,airOut
motor,true
