1  1.5  1466.27  30  0  0  33
-1.500e+000  -2.194366863753735e+003
-1.500e+000  -2.189602484374358e+003
-1.400e+000  -1.076209770088644e+003
-1.300e+000  -7.017767700886434e+002
-1.200e+000  -5.359732434219768e+002
-1.100e+000  -4.330248592114504e+002
-1.000e+000  -3.592135174204057e+002
-9.000e-001  -3.004439715870724e+002
-8.000e-001  -2.512270257537391e+002
-7.000e-001  -2.089140662942796e+002
-6.000e-001  -1.711952662942797e+002
-5.000e-001  -1.374900021638450e+002
-4.000e-001  -1.066490737194008e+002
-3.000e-001  -7.785006729082943e+001
-2.000e-001  -5.085079062416298e+001
-1.000e-001  -2.510220863978793e+001
1.943e-016  -4.547473508864641e-013
1.000e-001  2.510220863978702e+001
2.000e-001  5.085079062416207e+001
3.000e-001  7.785006729082852e+001
4.000e-001  1.066490737193999e+002
5.000e-001  1.374900021638441e+002
6.000e-001  1.711952662942790e+002
7.000e-001  2.089140662942791e+002
8.000e-001  2.512270257537384e+002
9.000e-001  3.004439715870717e+002
1.000e+000  3.592135174204050e+002
1.100e+000  4.330248592114499e+002
1.200e+000  5.359732434219764e+002
1.300e+000  7.017767700886429e+002
1.400e+000  1.076209770088643e+003
1.500e+000  2.189602484374358e+003
1.500e+000  2.194366863753735e+003
-1.450e+000  5.169618320341101e+002
-1.350e+000  3.758691177483957e+002
-1.250e+000  2.846739910817288e+002
-1.150e+000  2.258271052045358e+002
-1.050e+000  1.852001458696313e+002
-9.500e-001  1.539495377907078e+002
-8.500e-001  1.286042685378342e+002
-7.500e-001  1.075910639240538e+002
-6.500e-001  8.912794659694731e+001
-5.500e-001  7.293214246651257e+001
-4.500e-001  5.826643609852994e+001
-3.500e-001  4.446521441232727e+001
-2.500e-001  3.134485659181445e+001
-1.500e-001  1.868756323569733e+001
-5.000e-002  6.153608639787365e+000
5.000e-002  -6.153608639787308e+000
1.500e-001  -1.868756323569733e+001
2.500e-001  -3.134485659181439e+001
3.500e-001  -4.446521441232721e+001
4.500e-001  -5.826643609852988e+001
5.500e-001  -7.293214246651257e+001
6.500e-001  -8.912794659694737e+001
7.500e-001  -1.075910639240539e+002
8.500e-001  -1.286042685378343e+002
9.500e-001  -1.539495377907078e+002
1.050e+000  -1.852001458696313e+002
1.150e+000  -2.258271052045358e+002
1.250e+000  -2.846739910817288e+002
1.350e+000  -3.758691177483956e+002
1.450e+000  -5.169618320341101e+002
-1.400e+000  1.101829318180748e+002
-1.300e+000  9.607043181807482e+001
-1.200e+000  8.336318626251921e+001
-1.100e+000  7.264683808976650e+001
-1.000e+000  6.339502192955961e+001
-9.000e-001  5.507623044074207e+001
-8.000e-001  4.743889578216682e+001
-7.000e-001  4.039085211280067e+001
-6.000e-001  3.384694317416501e+001
-5.000e-001  2.753976869263995e+001
-4.000e-001  2.155851297516273e+001
-3.000e-001  1.596200316441791e+001
-2.000e-001  1.050392374419337e+001
-1.000e-001  5.184799665692736e+000
1.943e-016  0.000000000000000e+000
1.000e-001  -5.184799665692736e+000
2.000e-001  -1.050392374419337e+001
3.000e-001  -1.596200316441791e+001
4.000e-001  -2.155851297516273e+001
5.000e-001  -2.753976869263994e+001
6.000e-001  -3.384694317416501e+001
7.000e-001  -4.039085211280067e+001
8.000e-001  -4.743889578216681e+001
9.000e-001  -5.507623044074208e+001
1.000e+000  -6.339502192955962e+001
1.100e+000  -7.264683808976650e+001
1.200e+000  -8.336318626251921e+001
1.300e+000  -9.607043181807481e+001
1.400e+000  -1.101829318180748e+002
-1.350e+000  4.214062703603884e+001
-1.250e+000  3.848701425826103e+001
-1.150e+000  3.466758290485819e+001
-1.050e+000  3.100030104687552e+001
-9.500e-001  2.762023351960645e+001
-8.500e-001  2.428583404339126e+001
-7.500e-001  2.106524474665937e+001
-6.500e-001  1.793640784890919e+001
-5.500e-001  1.492290068470935e+001
-4.500e-001  1.191536979175335e+001
-3.500e-001  9.049032041410165e+000
-2.500e-001  6.346041378858104e+000
-1.500e-001  3.714812723196076e+000
-5.000e-002  1.067627722772286e+000
5.000e-002  -1.067627722772279e+000
1.500e-001  -3.714812723196069e+000
2.500e-001  -6.346041378858097e+000
3.500e-001  -9.049032041410158e+000
4.500e-001  -1.191536979175335e+001
5.500e-001  -1.492290068470935e+001
6.500e-001  -1.793640784890919e+001
7.500e-001  -2.106524474665937e+001
8.500e-001  -2.428583404339126e+001
9.500e-001  -2.762023351960644e+001
1.050e+000  -3.100030104687552e+001
1.150e+000  -3.466758290485819e+001
1.250e+000  -3.848701425826103e+001
1.350e+000  -4.214062703603884e+001
-1.300e+000  2.013806660039313e+001
-1.200e+000  1.889532428769229e+001
-1.100e+000  1.711473976569533e+001
-1.000e+000  1.540132414094694e+001
-9.000e-001  1.379082475163006e+001
-8.000e-001  1.207670734390810e+001
-7.000e-001  1.037853579323654e+001
-6.000e-001  8.715139496143804e+000
-5.000e-001  7.080265366872760e+000
-4.000e-001  5.469075854934660e+000
-3.000e-001  3.908979883508525e+000
-2.000e-001  2.542329621420340e+000
-1.000e-001  1.135050827369785e+000
-2.776e-017  -3.552713678800501e-015
1.000e-001  -1.135050827369792e+000
2.000e-001  -2.542329621420347e+000
3.000e-001  -3.908979883508533e+000
4.000e-001  -5.469075854934665e+000
5.000e-001  -7.080265366872766e+000
6.000e-001  -8.715139496143809e+000
7.000e-001  -1.037853579323654e+001
8.000e-001  -1.207670734390810e+001
9.000e-001  -1.379082475163007e+001
1.000e+000  -1.540132414094695e+001
1.100e+000  -1.711473976569533e+001
1.200e+000  -1.889532428769229e+001
1.300e+000  -2.013806660039313e+001
-1.250e+000  1.115278759291758e+001
-1.150e+000  1.079416050041329e+001
-1.050e+000  9.908559433674490e+000
-9.500e-001  8.954952758619672e+000
-8.500e-001  7.976875386165911e+000
-7.500e-001  6.897808956498665e+000
-6.500e-001  5.782260671450384e+000
-5.500e-001  4.723556454030888e+000
-4.500e-001  3.711233720451165e+000
-3.500e-001  2.830723911560078e+000
-2.500e-001  2.094614324116265e+000
-1.500e-001  1.323022453916888e+000
-5.000e-002  3.129234042553222e-001
5.000e-002  -3.129234042553222e-001
1.500e-001  -1.323022453916888e+000
2.500e-001  -2.094614324116265e+000
3.500e-001  -2.830723911560078e+000
4.500e-001  -3.711233720451165e+000
5.500e-001  -4.723556454030888e+000
6.500e-001  -5.782260671450384e+000
7.500e-001  -6.897808956498665e+000
8.500e-001  -7.976875386165911e+000
9.500e-001  -8.954952758619672e+000
1.050e+000  -9.908559433674490e+000
1.150e+000  -1.079416050041329e+001
1.250e+000  -1.115278759291758e+001
-1.200e+000  6.777086233317904e+000
-1.100e+000  6.167730659890530e+000
-1.000e+000  5.817810693322009e+000
-9.000e-001  5.215791008410427e+000
-8.000e-001  4.494122659957807e+000
-7.000e-001  3.748932981027764e+000
-6.000e-001  3.064974110121977e+000
-5.000e-001  2.412784934396953e+000
-4.000e-001  1.925002602647137e+000
-3.000e-001  1.439558718990142e+000
-2.000e-001  9.730729254537565e-001
-1.000e-001  3.640239787824910e-001
-2.776e-017  0.000000000000000e+000
1.000e-001  -3.640239787824910e-001
2.000e-001  -9.730729254537565e-001
3.000e-001  -1.439558718990142e+000
4.000e-001  -1.925002602647137e+000
5.000e-001  -2.412784934396953e+000
6.000e-001  -3.064974110121977e+000
7.000e-001  -3.748932981027764e+000
8.000e-001  -4.494122659957807e+000
9.000e-001  -5.215791008410427e+000
1.000e+000  -5.817810693322009e+000
1.100e+000  -6.167730659890530e+000
1.200e+000  -6.777086233317904e+000
-1.150e+000  4.921384110209926e+000
-1.050e+000  4.455919683645529e+000
-9.500e-001  3.901013478831178e+000
-8.500e-001  3.419218863403170e+000
-7.500e-001  2.862188519746209e+000
-6.500e-001  2.324257956844701e+000
-5.500e-001  1.986855168575811e+000
-4.500e-001  1.728821526814890e+000
-3.500e-001  1.451368627579985e+000
-2.500e-001  1.111266551554753e+000
-1.500e-001  5.991313350183205e-001
-5.000e-002  7.933870967741541e-002
5.000e-002  -7.933870967741541e-002
1.500e-001  -5.991313350183205e-001
2.500e-001  -1.111266551554753e+000
3.500e-001  -1.451368627579985e+000
4.500e-001  -1.728821526814890e+000
5.500e-001  -1.986855168575811e+000
6.500e-001  -2.324257956844701e+000
7.500e-001  -2.862188519746209e+000
8.500e-001  -3.419218863403170e+000
9.500e-001  -3.901013478831178e+000
1.050e+000  -4.455919683645529e+000
1.150e+000  -4.921384110209926e+000
-1.100e+000  2.343652457412929e+000
-1.000e+000  2.362452350150157e+000
-9.000e-001  2.153661786372147e+000
-8.000e-001  1.794574834687392e+000
-7.000e-001  1.563310663877573e+000
-6.000e-001  1.364169712186165e+000
-5.000e-001  1.151309087043035e+000
-4.000e-001  1.009929125247371e+000
-3.000e-001  8.227976908233146e-001
-2.000e-001  5.614467851936524e-001
-1.000e-001  1.115990512334051e-001
-1.388e-016  0.000000000000000e+000
1.000e-001  -1.115990512334051e-001
2.000e-001  -5.614467851936524e-001
3.000e-001  -8.227976908233146e-001
4.000e-001  -1.009929125247371e+000
5.000e-001  -1.151309087043035e+000
6.000e-001  -1.364169712186165e+000
7.000e-001  -1.563310663877573e+000
8.000e-001  -1.794574834687392e+000
9.000e-001  -2.153661786372147e+000
1.000e+000  -2.362452350150157e+000
1.100e+000  -2.343652457412929e+000
-1.050e+000  2.046534178139943e+000
-9.500e-001  1.780762916431311e+000
-8.500e-001  1.641122989710070e+000
-7.500e-001  1.533955052739831e+000
-6.500e-001  1.406334637745889e+000
-5.500e-001  1.278790497134324e+000
-4.500e-001  1.180166786863509e+000
-3.500e-001  1.061787510354417e+000
-2.500e-001  7.930872639984834e-001
-1.500e-001  4.234021668312806e-001
-5.000e-002  6.272352941175541e-002
5.000e-002  -6.272352941175541e-002
1.500e-001  -4.234021668312806e-001
2.500e-001  -7.930872639984834e-001
3.500e-001  -1.061787510354417e+000
4.500e-001  -1.180166786863509e+000
5.500e-001  -1.278790497134324e+000
6.500e-001  -1.406334637745889e+000
7.500e-001  -1.533955052739831e+000
8.500e-001  -1.641122989710070e+000
9.500e-001  -1.780762916431311e+000
1.050e+000  -2.046534178139943e+000
-1.000e+000  1.245537119830775e+000
-9.000e-001  1.046032954718154e+000
-8.000e-001  9.429341253365884e-001
-7.000e-001  8.576689544441045e-001
-6.000e-001  8.486649533280897e-001
-5.000e-001  8.256809288305114e-001
-4.000e-001  7.554977152566451e-001
-3.000e-001  6.494389933413345e-001
-2.000e-001  3.772072145118770e-001
-1.000e-001  1.162311901506996e-002
-1.388e-016  0.000000000000000e+000
1.000e-001  -1.162311901506996e-002
2.000e-001  -3.772072145118770e-001
3.000e-001  -6.494389933413345e-001
4.000e-001  -7.554977152566451e-001
5.000e-001  -8.256809288305114e-001
6.000e-001  -8.486649533280897e-001
7.000e-001  -8.576689544441045e-001
8.000e-001  -9.429341253365884e-001
9.000e-001  -1.046032954718154e+000
1.000e+000  -1.245537119830775e+000
-9.500e-001  7.565380276415965e-001
-8.500e-001  9.221722990954433e-001
-7.500e-001  9.092070372692120e-001
-6.500e-001  9.128299296222373e-001
-5.500e-001  8.808264400147365e-001
-4.500e-001  8.800926507381632e-001
-3.500e-001  7.823991210142580e-001
-2.500e-001  5.759974865484452e-001
-1.500e-001  2.396476698165984e-001
-5.000e-002  -6.441176470589483e-002
5.000e-002  6.441176470589483e-002
1.500e-001  -2.396476698165984e-001
2.500e-001  -5.759974865484452e-001
3.500e-001  -7.823991210142580e-001
4.500e-001  -8.800926507381632e-001
5.500e-001  -8.808264400147365e-001
6.500e-001  -9.128299296222373e-001
7.500e-001  -9.092070372692120e-001
8.500e-001  -9.221722990954433e-001
9.500e-001  -7.565380276415965e-001
-9.000e-001  1.281993688693348e+000
-8.000e-001  7.001789470289808e-001
-7.000e-001  6.886630721464897e-001
-6.000e-001  6.601194377592563e-001
-5.000e-001  6.478002412860704e-001
-4.000e-001  5.801332848052141e-001
-3.000e-001  4.906867598288898e-001
-2.000e-001  2.223757431567606e-001
-1.000e-001  -7.798740466316190e-002
-2.776e-017  0.000000000000000e+000
1.000e-001  7.798740466316190e-002
2.000e-001  -2.223757431567606e-001
3.000e-001  -4.906867598288898e-001
4.000e-001  -5.801332848052141e-001
5.000e-001  -6.478002412860704e-001
6.000e-001  -6.601194377592563e-001
7.000e-001  -6.886630721464897e-001
8.000e-001  -7.001789470289808e-001
9.000e-001  -1.281993688693348e+000
-8.500e-001  5.316349315092879e-001
-7.500e-001  8.177521866586197e-001
-6.500e-001  8.635378231748661e-001
-5.500e-001  8.128797749798196e-001
-4.500e-001  8.054421467026955e-001
-3.500e-001  7.058897419252332e-001
-2.500e-001  5.336205136008161e-001
-1.500e-001  2.116423759490047e-001
-5.000e-002  -5.254691358026520e-002
5.000e-002  5.254691358026520e-002
1.500e-001  -2.116423759490047e-001
2.500e-001  -5.336205136008161e-001
3.500e-001  -7.058897419252332e-001
4.500e-001  -8.054421467026955e-001
5.500e-001  -8.128797749798196e-001
6.500e-001  -8.635378231748661e-001
7.500e-001  -8.177521866586197e-001
8.500e-001  -5.316349315092879e-001
-8.000e-001  4.069512571631186e-001
-7.000e-001  7.060550867115438e-001
-6.000e-001  6.293298170017323e-001
-5.000e-001  7.314001944674260e-001
-4.000e-001  7.385892269137742e-001
-3.000e-001  6.369311597148482e-001
-2.000e-001  3.884591544628435e-001
-1.000e-001  2.384927462306052e-002
-2.776e-017  0.000000000000000e+000
1.000e-001  -2.384927462306052e-002
2.000e-001  -3.884591544628435e-001
3.000e-001  -6.369311597148482e-001
4.000e-001  -7.385892269137742e-001
5.000e-001  -7.314001944674260e-001
6.000e-001  -6.293298170017323e-001
7.000e-001  -7.060550867115438e-001
8.000e-001  -4.069512571631186e-001
-7.500e-001  2.516152133616956e-001
-6.500e-001  2.820572843767053e-001
-5.500e-001  4.032511576916420e-001
-4.500e-001  4.591654919665231e-001
-3.500e-001  4.570721700860432e-001
-2.500e-001  2.546790437590900e-001
-1.500e-001  -4.006627081727032e-002
-5.000e-002  -2.996210526316006e-001
5.000e-002  2.996210526316006e-001
1.500e-001  4.006627081727032e-002
2.500e-001  -2.546790437590900e-001
3.500e-001  -4.570721700860432e-001
4.500e-001  -4.591654919665231e-001
5.500e-001  -4.032511576916420e-001
6.500e-001  -2.820572843767053e-001
7.500e-001  -2.516152133616956e-001
-7.000e-001  7.131062002978155e-001
-6.000e-001  6.962638279048150e-001
-5.000e-001  6.794475380350207e-001
-4.000e-001  6.779062327618419e-001
-3.000e-001  5.905757380800125e-001
-2.000e-001  3.239613304341447e-001
-1.000e-001  -3.396961623709416e-002
-2.776e-017  0.000000000000000e+000
1.000e-001  3.396961623709416e-002
2.000e-001  -3.239613304341447e-001
3.000e-001  -5.905757380800125e-001
4.000e-001  -6.779062327618419e-001
5.000e-001  -6.794475380350207e-001
6.000e-001  -6.962638279048150e-001
7.000e-001  -7.131062002978155e-001
-6.500e-001  4.752087650758696e-001
-5.500e-001  4.720804924576427e-001
-4.500e-001  4.104278206201073e-001
-3.500e-001  4.600282042080153e-001
-2.500e-001  2.857666534201400e-001
-1.500e-001  -2.624446340069397e-002
-5.000e-002  -2.845664739884626e-001
5.000e-002  2.845664739884626e-001
1.500e-001  2.624446340069397e-002
2.500e-001  -2.857666534201400e-001
3.500e-001  -4.600282042080153e-001
4.500e-001  -4.104278206201073e-001
5.500e-001  -4.720804924576427e-001
6.500e-001  -4.752087650758696e-001
-6.000e-001  1.126832021889740e+000
-5.000e-001  1.138464236678807e+000
-4.000e-001  1.234364883339538e+000
-3.000e-001  1.180432307838572e+000
-2.000e-001  7.991944775187960e-001
-1.000e-001  3.674210971817047e-001
-2.776e-017  0.000000000000000e+000
1.000e-001  -3.674210971817047e-001
2.000e-001  -7.991944775187960e-001
3.000e-001  -1.180432307838572e+000
4.000e-001  -1.234364883339538e+000
5.000e-001  -1.138464236678807e+000
6.000e-001  -1.126832021889740e+000
-5.500e-001  8.895570587149138e-002
-4.500e-001  -1.555001533782559e-001
-3.500e-001  -7.643072891934821e-002
-2.500e-001  -1.395112579254345e-001
-1.500e-001  -4.175244015683717e-001
-5.000e-002  -7.228970760234290e-001
5.000e-002  7.228970760234290e-001
1.500e-001  4.175244015683717e-001
2.500e-001  1.395112579254345e-001
3.500e-001  7.643072891934821e-002
4.500e-001  1.555001533782559e-001
5.500e-001  -8.895570587149138e-002
-5.000e-001  2.884631275645972e-001
-4.000e-001  6.185265536957516e-001
-3.000e-001  6.895510500638977e-001
-2.000e-001  5.199960672296413e-001
-1.000e-001  1.561936277475695e-001
-2.776e-017  0.000000000000000e+000
1.000e-001  -1.561936277475695e-001
2.000e-001  -5.199960672296413e-001
3.000e-001  -6.895510500638977e-001
4.000e-001  -6.185265536957516e-001
5.000e-001  -2.884631275645972e-001
-4.500e-001  1.068734603094157e-001
-3.500e-001  -4.394162889180109e-002
-2.500e-001  -1.585311706899688e-001
-1.500e-001  -4.150458185863641e-001
-5.000e-002  -8.418000000000490e-001
5.000e-002  8.418000000000490e-001
1.500e-001  4.150458185863641e-001
2.500e-001  1.585311706899688e-001
3.500e-001  4.394162889180109e-002
4.500e-001  -1.068734603094157e-001
-4.000e-001  -1.159891731115437e-001
-3.000e-001  7.676707149305173e-002
-2.000e-001  7.055244786580772e-002
-1.000e-001  -1.881870967741293e-001
8.327e-017  0.000000000000000e+000
1.000e-001  1.881870967741293e-001
2.000e-001  -7.055244786580772e-002
3.000e-001  -7.676707149305173e-002
4.000e-001  1.159891731115437e-001
-3.500e-001  -2.433145486183577e-001
-2.500e-001  -1.636463639344044e-001
-1.500e-001  -2.157031810036756e-001
-5.000e-002  -5.695000000000476e-001
5.000e-002  5.695000000000476e-001
1.500e-001  2.157031810036756e-001
2.500e-001  1.636463639344044e-001
3.500e-001  2.433145486183577e-001
-3.000e-001  1.020033373599532e+000
-2.000e-001  1.218804277970378e+000
-1.000e-001  1.189125000000047e+000
1.943e-016  0.000000000000000e+000
1.000e-001  -1.189125000000047e+000
2.000e-001  -1.218804277970378e+000
3.000e-001  -1.020033373599532e+000
-2.500e-001  -1.566691440855536e+000
-1.500e-001  -1.198745297805743e+000
-5.000e-002  -1.489625000000018e+000
5.000e-002  1.489625000000018e+000
1.500e-001  1.198745297805743e+000
2.500e-001  1.566691440855536e+000
-2.000e-001  -1.674942600081295e+000
-1.000e-001  -7.017992424246984e-001
5.551e-017  0.000000000000000e+000
1.000e-001  7.017992424246984e-001
2.000e-001  1.674942600081295e+000
-1.500e-001  2.811051693484501e-002
-5.000e-002  5.483333333340283e-001
5.000e-002  -5.483333333340283e-001
1.500e-001  -2.811051693484501e-002
-1.000e-001  -1.135533333336070e+000
1.388e-016  0.000000000000000e+000
1.000e-001  1.135533333336070e+000
-5.000e-002  3.082200000002786e+000
5.000e-002  -3.082200000002786e+000
0
19  17
0.000000000000000e+000
0.000e+000  1.002133278770151e+000  1.406973154520828e+000
1.000e-001  1.002133278770151e+000  1.406973154520828e+000
2.000e-001  9.641701829654347e-001  1.505479060734375e+000
3.000e-001  8.750349464668992e-001  1.567353602280615e+000
4.000e-001  8.154897302910228e-001  1.586715431157129e+000
5.000e-001  7.464016317870540e-001  1.562006807915817e+000
6.000e-001  6.907341963839317e-001  1.512552487965002e+000
7.000e-001  6.395826605623962e-001  1.438611679267196e+000
8.000e-001  5.991762884166988e-001  1.362375168925547e+000
9.000e-001  5.626627296842279e-001  1.265594871891180e+000
1.000e+000  5.445368724151259e-001  1.179814547718943e+000
1.100e+000  5.266016578213386e-001  1.083853160361318e+000
1.200e+000  4.963187936246455e-001  9.602389003787583e-001
1.300e+000  4.482084026803105e-001  8.122516530427062e-001
1.400e+000  3.585593890047981e-001  6.127891532825244e-001
1.500e+000  3.022902754984918e-001  5.175911567912751e-001
3.000e+000  1.000000000000000e+000  1.000000000000000e+000
1.000000000000000e+001
0.000e+000  1.005818087955215e+000  1.406973154520830e+000
1.000e-001  1.005818087955215e+000  1.406973154520830e+000
2.000e-001  9.558099312684634e-001  1.505479060734376e+000
3.000e-001  8.694234612491836e-001  1.567353602280616e+000
4.000e-001  7.942628881437417e-001  1.586715431157130e+000
5.000e-001  7.298844720945367e-001  1.562006807915819e+000
6.000e-001  6.752889847346917e-001  1.512552487965004e+000
7.000e-001  6.284347258690316e-001  1.438611679267197e+000
8.000e-001  5.908403842390240e-001  1.362375168925548e+000
9.000e-001  5.613215049013746e-001  1.265594871891181e+000
1.000e+000  5.429852938825954e-001  1.179814547718944e+000
1.100e+000  5.280020459982122e-001  1.083853160361320e+000
1.200e+000  5.020829245537264e-001  9.602389003787593e-001
1.300e+000  4.627245036378657e-001  8.122516530427071e-001
1.400e+000  3.849661069818584e-001  6.127891532825250e-001
1.500e+000  3.603594329565780e-001  5.175911567912757e-001
3.000e+000  1.000000000000000e+000  1.000000000000000e+000
2.000000000000000e+001
0.000e+000  9.863906231956762e-001  1.373082688272362e+000
1.000e-001  9.863906231956762e-001  1.373082688272362e+000
2.000e-001  9.307490810424871e-001  1.472525934757065e+000
3.000e-001  8.568136548651751e-001  1.514227844113944e+000
4.000e-001  7.889313850758768e-001  1.517966816882341e+000
5.000e-001  7.271764887157534e-001  1.481702973203573e+000
6.000e-001  6.751786036205207e-001  1.424791268824714e+000
7.000e-001  6.301843396052146e-001  1.358141868388636e+000
8.000e-001  5.957671767060624e-001  1.284780242698576e+000
9.000e-001  5.673964824038632e-001  1.198729243118238e+000
1.000e+000  5.516316339465812e-001  1.116901475411250e+000
1.100e+000  5.416329584194770e-001  1.031751386482653e+000
1.200e+000  5.239139341281892e-001  9.303027161544950e-001
1.300e+000  5.010595578736909e-001  8.165692121450394e-001
1.400e+000  4.493089350277405e-001  6.672417753069381e-001
1.500e+000  5.013606743715637e-001  6.712625770471148e-001
3.000e+000  1.000000000000000e+000  1.000000000000000e+000
3.000000000000000e+001
0.000e+000  9.774059247194145e-001  1.329695245396006e+000
1.000e-001  9.774059247194145e-001  1.329695245396006e+000
2.000e-001  9.304014609536497e-001  1.412828066536161e+000
3.000e-001  8.542777008172671e-001  1.444258070676988e+000
4.000e-001  7.875701172220539e-001  1.438504096515661e+000
5.000e-001  7.292638257253592e-001  1.403081926212010e+000
6.000e-001  6.787779605586413e-001  1.346400177649368e+000
7.000e-001  6.366186645000146e-001  1.277694752652027e+000
8.000e-001  6.046560957595389e-001  1.206065322177852e+000
9.000e-001  5.787995608510171e-001  1.125173005748644e+000
1.000e+000  5.660964415657677e-001  1.052574870030201e+000
1.100e+000  5.637975230319220e-001  9.825884811670740e-001
1.200e+000  5.604423962057059e-001  9.035845466645001e-001
1.300e+000  5.636031556704604e-001  8.305712833685497e-001
1.400e+000  5.661040450147797e-001  7.633975758056721e-001
1.500e+000  7.514164278793786e-001  9.277552570233835e-001
3.000e+000  1.000000000000000e+000  1.000000000000000e+000
4.000000000000000e+001
0.000e+000  9.823783024759815e-001  1.298000306408000e+000
1.000e-001  9.823783024759815e-001  1.298000306408000e+000
2.000e-001  9.301614001955775e-001  1.368963741118175e+000
3.000e-001  8.593430211667938e-001  1.390240266145812e+000
4.000e-001  7.956534446210272e-001  1.376532647848521e+000
5.000e-001  7.400249467522743e-001  1.331644805959360e+000
6.000e-001  6.899929057924942e-001  1.278006589281219e+000
7.000e-001  6.488535828318106e-001  1.211934206055498e+000
8.000e-001  6.184899573360546e-001  1.145156726888844e+000
9.000e-001  5.944203719928642e-001  1.069008030980748e+000
1.000e+000  5.875984774102958e-001  1.002176845377292e+000
1.100e+000  5.923595372753640e-001  9.403589716301063e-001
1.200e+000  6.031785449791597e-001  8.784008970122496e-001
1.300e+000  6.347360390889804e-001  8.396869342316682e-001
1.400e+000  7.127265318251843e-001  8.666495853057263e-001
1.500e+000  9.963942674572539e-001  1.139547213679768e+000
3.000e+000  1.000000000000000e+000  1.000000000000000e+000
5.000000000000000e+001
0.000e+000  9.446244421354531e-001  1.272876230834541e+000
1.000e-001  9.446244421354531e-001  1.272876230834541e+000
2.000e-001  9.052270530608393e-001  1.337260952138071e+000
3.000e-001  8.537203072488403e-001  1.349753337920788e+000
4.000e-001  7.917091211431863e-001  1.329115613462755e+000
5.000e-001  7.427101057357847e-001  1.287029513110809e+000
6.000e-001  6.965323801303562e-001  1.232751719215553e+000
7.000e-001  6.595353793605329e-001  1.166342324074705e+000
8.000e-001  6.322632974067860e-001  1.099743675563577e+000
9.000e-001  6.113782498574154e-001  1.025030215462027e+000
1.000e+000  6.060797561670703e-001  9.597828342592737e-001
1.100e+000  6.155843907049211e-001  9.029949502944957e-001
1.200e+000  6.360781124415254e-001  8.489138021846293e-001
1.300e+000  6.898732516089203e-001  8.291507725922623e-001
1.400e+000  8.227341285746272e-001  9.170858523385855e-001
1.500e+000  1.157091218377915e+000  1.226730796740722e+000
3.000e+000  1.000000000000000e+000  1.000000000000000e+000
6.000000000000000e+001
0.000e+000  9.601931159062154e-001  1.244817437100763e+000
1.000e-001  9.601931159062154e-001  1.244817437100763e+000
2.000e-001  9.250980991770895e-001  1.302852212679805e+000
3.000e-001  8.673892482485642e-001  1.311850285443383e+000
4.000e-001  8.122248069240873e-001  1.293538481160078e+000
5.000e-001  7.695562132129638e-001  1.249158562098029e+000
6.000e-001  7.189861108560746e-001  1.197263274230009e+000
7.000e-001  6.785924253569658e-001  1.132255825888683e+000
8.000e-001  6.481933176572559e-001  1.064478565220169e+000
9.000e-001  6.266411334996500e-001  9.918962852035014e-001
1.000e+000  6.214346210480671e-001  9.280320163002197e-001
1.100e+000  6.330802820480671e-001  8.685404606665236e-001
1.200e+000  6.544944226152093e-001  8.118313416247642e-001
1.300e+000  7.097951008246485e-001  7.893306738390066e-001
1.400e+000  8.461709843258344e-001  8.675110826193263e-001
1.500e+000  1.204898588383271e+000  1.178536880843271e+000
3.000e+000  1.000000000000000e+000  1.000000000000000e+000
7.000000000000000e+001
0.000e+000  9.608779186280728e-001  1.229106369479627e+000
1.000e-001  9.608779186280728e-001  1.229106369479627e+000
2.000e-001  9.258315901042922e-001  1.281019232701747e+000
3.000e-001  8.801623437326244e-001  1.285629199001075e+000
4.000e-001  8.275479880099191e-001  1.265798956430325e+000
5.000e-001  7.805017062839543e-001  1.223088251831121e+000
6.000e-001  7.357574570383574e-001  1.169928322565369e+000
7.000e-001  6.942699313117661e-001  1.105452088560635e+000
8.000e-001  6.639458490855240e-001  1.038216786134880e+000
9.000e-001  6.392027651441258e-001  9.649945274030922e-001
1.000e+000  6.351483974615381e-001  8.999120906282335e-001
1.100e+000  6.434892472766244e-001  8.380383004228598e-001
1.200e+000  6.592085960072454e-001  7.741153758572410e-001
1.300e+000  7.044858554804976e-001  7.326976951963394e-001
1.400e+000  8.098478498950253e-001  7.560554659875370e-001
1.500e+000  1.096830291093951e+000  9.843043229571301e-001
3.000e+000  1.000000000000000e+000  1.000000000000000e+000
8.000000000000000e+001
0.000e+000  9.381088156505908e-001  1.224673532137239e+000
1.000e-001  9.381088156505908e-001  1.224673532137239e+000
2.000e-001  9.168291209122808e-001  1.269495394627845e+000
3.000e-001  8.781499105865072e-001  1.273060082608410e+000
4.000e-001  8.348549266531892e-001  1.253197562433675e+000
5.000e-001  7.851133485504754e-001  1.212327450536626e+000
6.000e-001  7.428246020311428e-001  1.160592318522128e+000
7.000e-001  7.095753220764020e-001  1.094326358091444e+000
8.000e-001  6.815973340541724e-001  1.026682736813231e+000
9.000e-001  6.578879999926884e-001  9.515923549379514e-001
1.000e+000  6.447589883792654e-001  8.839868019561586e-001
1.100e+000  6.495686385678963e-001  8.164389376747910e-001
1.200e+000  6.617525829522400e-001  7.448028994599044e-001
1.300e+000  6.937634166114363e-001  6.895221854380684e-001
1.400e+000  7.467511392334496e-001  6.596365149306137e-001
1.500e+000  9.268037022536069e-001  7.716166554164060e-001
3.000e+000  1.000000000000000e+000  1.000000000000000e+000
9.000000000000000e+001
0.000e+000  9.381088156505911e-001  1.219303042523165e+000
1.000e-001  9.381088156505911e-001  1.219303042523165e+000
2.000e-001  9.168291209122810e-001  1.264203848432912e+000
3.000e-001  8.781499105865074e-001  1.269917724813052e+000
4.000e-001  8.348549266531895e-001  1.252649530752765e+000
5.000e-001  7.851133485504758e-001  1.215088471702122e+000
6.000e-001  7.428246020311430e-001  1.161587992581170e+000
7.000e-001  7.095753220764022e-001  1.095380930216684e+000
8.000e-001  6.815973340541727e-001  1.027369997831809e+000
9.000e-001  6.578879999926885e-001  9.517800899241152e-001
1.000e+000  6.447589883792656e-001  8.809043792907662e-001
1.100e+000  6.495686385678965e-001  8.095548488059031e-001
1.200e+000  6.617525829522403e-001  7.345043628435962e-001
1.300e+000  6.937634166114365e-001  6.666302139054804e-001
1.400e+000  7.467511392334498e-001  6.066087543263219e-001
1.500e+000  9.268037022536072e-001  6.536335403173774e-001
3.000e+000  1.000000000000000e+000  1.000000000000000e+000
1.000000000000000e+002
0.000e+000  9.381088156505915e-001  1.224673532137239e+000
1.000e-001  9.381088156505915e-001  1.224673532137239e+000
2.000e-001  9.168291209122813e-001  1.269495394627845e+000
3.000e-001  8.781499105865077e-001  1.273060082608410e+000
4.000e-001  8.348549266531897e-001  1.253197562433675e+000
5.000e-001  7.851133485504760e-001  1.212327450536626e+000
6.000e-001  7.428246020311432e-001  1.160592318522128e+000
7.000e-001  7.095753220764024e-001  1.094326358091444e+000
8.000e-001  6.815973340541729e-001  1.026682736813231e+000
9.000e-001  6.578879999926888e-001  9.515923549379514e-001
1.000e+000  6.447589883792658e-001  8.839868019561586e-001
1.100e+000  6.495686385678967e-001  8.164389376747910e-001
1.200e+000  6.617525829522405e-001  7.448028994599044e-001
1.300e+000  6.937634166114367e-001  6.895221854380684e-001
1.400e+000  7.467511392334501e-001  6.596365149306137e-001
1.500e+000  9.268037022536075e-001  7.716166554164060e-001
3.000e+000  1.000000000000000e+000  1.000000000000000e+000
1.100000000000000e+002
0.000e+000  9.608779186280732e-001  1.229106369479627e+000
1.000e-001  9.608779186280732e-001  1.229106369479627e+000
2.000e-001  9.258315901042925e-001  1.281019232701747e+000
3.000e-001  8.801623437326246e-001  1.285629199001075e+000
4.000e-001  8.275479880099194e-001  1.265798956430325e+000
5.000e-001  7.805017062839545e-001  1.223088251831121e+000
6.000e-001  7.357574570383576e-001  1.169928322565369e+000
7.000e-001  6.942699313117663e-001  1.105452088560635e+000
8.000e-001  6.639458490855242e-001  1.038216786134880e+000
9.000e-001  6.392027651441260e-001  9.649945274030921e-001
1.000e+000  6.351483974615383e-001  8.999120906282334e-001
1.100e+000  6.434892472766246e-001  8.380383004228597e-001
1.200e+000  6.592085960072456e-001  7.741153758572409e-001
1.300e+000  7.044858554804978e-001  7.326976951963393e-001
1.400e+000  8.098478498950257e-001  7.560554659875369e-001
1.500e+000  1.096830291093952e+000  9.843043229571300e-001
3.000e+000  1.000000000000000e+000  1.000000000000000e+000
1.200000000000000e+002
0.000e+000  9.601931159062160e-001  1.244817437100763e+000
1.000e-001  9.601931159062160e-001  1.244817437100763e+000
2.000e-001  9.250980991770902e-001  1.302852212679805e+000
3.000e-001  8.673892482485648e-001  1.311850285443383e+000
4.000e-001  8.122248069240878e-001  1.293538481160077e+000
5.000e-001  7.695562132129643e-001  1.249158562098029e+000
6.000e-001  7.189861108560750e-001  1.197263274230009e+000
7.000e-001  6.785924253569663e-001  1.132255825888683e+000
8.000e-001  6.481933176572563e-001  1.064478565220169e+000
9.000e-001  6.266411334996505e-001  9.918962852035013e-001
1.000e+000  6.214346210480675e-001  9.280320163002196e-001
1.100e+000  6.330802820480675e-001  8.685404606665235e-001
1.200e+000  6.544944226152097e-001  8.118313416247641e-001
1.300e+000  7.097951008246489e-001  7.893306738390065e-001
1.400e+000  8.461709843258349e-001  8.675110826193262e-001
1.500e+000  1.204898588383272e+000  1.178536880843271e+000
3.000e+000  1.000000000000000e+000  1.000000000000000e+000
1.300000000000000e+002
0.000e+000  9.446244421354531e-001  1.272876230834541e+000
1.000e-001  9.446244421354531e-001  1.272876230834541e+000
2.000e-001  9.052270530608393e-001  1.337260952138071e+000
3.000e-001  8.537203072488403e-001  1.349753337920788e+000
4.000e-001  7.917091211431863e-001  1.329115613462755e+000
5.000e-001  7.427101057357847e-001  1.287029513110809e+000
6.000e-001  6.965323801303562e-001  1.232751719215553e+000
7.000e-001  6.595353793605329e-001  1.166342324074705e+000
8.000e-001  6.322632974067860e-001  1.099743675563577e+000
9.000e-001  6.113782498574154e-001  1.025030215462027e+000
1.000e+000  6.060797561670703e-001  9.597828342592737e-001
1.100e+000  6.155843907049211e-001  9.029949502944957e-001
1.200e+000  6.360781124415254e-001  8.489138021846293e-001
1.300e+000  6.898732516089203e-001  8.291507725922623e-001
1.400e+000  8.227341285746272e-001  9.170858523385855e-001
1.500e+000  1.157091218377915e+000  1.226730796740722e+000
3.000e+000  1.000000000000000e+000  1.000000000000000e+000
1.400000000000000e+002
0.000e+000  9.823783024759817e-001  1.298000306407999e+000
1.000e-001  9.823783024759817e-001  1.298000306407999e+000
2.000e-001  9.301614001955776e-001  1.368963741118174e+000
3.000e-001  8.593430211667940e-001  1.390240266145812e+000
4.000e-001  7.956534446210273e-001  1.376532647848520e+000
5.000e-001  7.400249467522744e-001  1.331644805959359e+000
6.000e-001  6.899929057924943e-001  1.278006589281219e+000
7.000e-001  6.488535828318107e-001  1.211934206055498e+000
8.000e-001  6.184899573360547e-001  1.145156726888843e+000
9.000e-001  5.944203719928644e-001  1.069008030980747e+000
1.000e+000  5.875984774102958e-001  1.002176845377292e+000
1.100e+000  5.923595372753641e-001  9.403589716301060e-001
1.200e+000  6.031785449791598e-001  8.784008970122492e-001
1.300e+000  6.347360390889805e-001  8.396869342316680e-001
1.400e+000  7.127265318251844e-001  8.666495853057261e-001
1.500e+000  9.963942674572540e-001  1.139547213679767e+000
3.000e+000  1.000000000000000e+000  1.000000000000000e+000
1.500000000000000e+002
0.000e+000  9.774059247194145e-001  1.329695245396006e+000
1.000e-001  9.774059247194145e-001  1.329695245396006e+000
2.000e-001  9.304014609536497e-001  1.412828066536161e+000
3.000e-001  8.542777008172671e-001  1.444258070676988e+000
4.000e-001  7.875701172220539e-001  1.438504096515661e+000
5.000e-001  7.292638257253592e-001  1.403081926212010e+000
6.000e-001  6.787779605586413e-001  1.346400177649368e+000
7.000e-001  6.366186645000146e-001  1.277694752652027e+000
8.000e-001  6.046560957595389e-001  1.206065322177852e+000
9.000e-001  5.787995608510171e-001  1.125173005748644e+000
1.000e+000  5.660964415657677e-001  1.052574870030201e+000
1.100e+000  5.637975230319220e-001  9.825884811670740e-001
1.200e+000  5.604423962057059e-001  9.035845466645001e-001
1.300e+000  5.636031556704604e-001  8.305712833685497e-001
1.400e+000  5.661040450147797e-001  7.633975758056721e-001
1.500e+000  7.514164278793786e-001  9.277552570233835e-001
3.000e+000  1.000000000000000e+000  1.000000000000000e+000
1.600000000000000e+002
0.000e+000  9.863906231956763e-001  1.373082688272361e+000
1.000e-001  9.863906231956763e-001  1.373082688272361e+000
2.000e-001  9.307490810424872e-001  1.472525934757065e+000
3.000e-001  8.568136548651752e-001  1.514227844113943e+000
4.000e-001  7.889313850758768e-001  1.517966816882340e+000
5.000e-001  7.271764887157535e-001  1.481702973203573e+000
6.000e-001  6.751786036205207e-001  1.424791268824713e+000
7.000e-001  6.301843396052147e-001  1.358141868388636e+000
8.000e-001  5.957671767060625e-001  1.284780242698575e+000
9.000e-001  5.673964824038633e-001  1.198729243118237e+000
1.000e+000  5.516316339465813e-001  1.116901475411250e+000
1.100e+000  5.416329584194771e-001  1.031751386482652e+000
1.200e+000  5.239139341281893e-001  9.303027161544946e-001
1.300e+000  5.010595578736911e-001  8.165692121450390e-001
1.400e+000  4.493089350277406e-001  6.672417753069377e-001
1.500e+000  5.013606743715637e-001  6.712625770471145e-001
3.000e+000  1.000000000000000e+000  1.000000000000000e+000
1.700000000000000e+002
0.000e+000  1.005818087955215e+000  1.406973154520827e+000
1.000e-001  1.005818087955215e+000  1.406973154520827e+000
2.000e-001  9.558099312684634e-001  1.505479060734373e+000
3.000e-001  8.694234612491836e-001  1.567353602280613e+000
4.000e-001  7.942628881437417e-001  1.586715431157127e+000
5.000e-001  7.298844720945367e-001  1.562006807915815e+000
6.000e-001  6.752889847346917e-001  1.512552487965001e+000
7.000e-001  6.284347258690316e-001  1.438611679267194e+000
8.000e-001  5.908403842390240e-001  1.362375168925545e+000
9.000e-001  5.613215049013746e-001  1.265594871891179e+000
1.000e+000  5.429852938825954e-001  1.179814547718941e+000
1.100e+000  5.280020459982122e-001  1.083853160361317e+000
1.200e+000  5.020829245537264e-001  9.602389003787573e-001
1.300e+000  4.627245036378657e-001  8.122516530427054e-001
1.400e+000  3.849661069818584e-001  6.127891532825237e-001
1.500e+000  3.603594329565780e-001  5.175911567912745e-001
3.000e+000  1.000000000000000e+000  1.000000000000000e+000
1.800000000000000e+002
0.000e+000  1.002133278770151e+000  1.406973154520828e+000
1.000e-001  1.002133278770151e+000  1.406973154520828e+000
2.000e-001  9.641701829654347e-001  1.505479060734375e+000
3.000e-001  8.750349464668992e-001  1.567353602280615e+000
4.000e-001  8.154897302910228e-001  1.586715431157129e+000
5.000e-001  7.464016317870540e-001  1.562006807915817e+000
6.000e-001  6.907341963839317e-001  1.512552487965002e+000
7.000e-001  6.395826605623962e-001  1.438611679267196e+000
8.000e-001  5.991762884166988e-001  1.362375168925547e+000
9.000e-001  5.626627296842279e-001  1.265594871891180e+000
1.000e+000  5.445368724151259e-001  1.179814547718943e+000
1.100e+000  5.266016578213386e-001  1.083853160361318e+000
1.200e+000  4.963187936246455e-001  9.602389003787583e-001
1.300e+000  4.482084026803105e-001  8.122516530427062e-001
1.400e+000  3.585593890047981e-001  6.127891532825244e-001
1.500e+000  3.022902754984918e-001  5.175911567912751e-001
3.000e+000  1.000000000000000e+000  1.000000000000000e+000
