flux
3
1575
-2.302787E-11	1.318486E-11	1.694571E-04	
-2.820040E-11	4.434238E-12	6.881745E-05	
-1.017612E-11	-5.692898E-12	-1.220223E-06	
1.307644E-11	-1.144757E-12	6.881713E-05	
1.386761E-11	7.032335E-12	1.694566E-04	
-5.989962E-12	2.521354E-11	1.694566E-04	
-5.138933E-14	3.492698E-11	6.881719E-05	
6.631542E-12	3.227418E-11	-1.220256E-06	
8.793472E-12	1.526139E-11	6.881719E-05	
1.090697E-11	9.635976E-12	1.694567E-04	
5.884730E-12	1.410101E-11	1.694567E-04	
5.543803E-12	4.321118E-12	6.881724E-05	
-6.293340E-12	2.278960E-12	-1.220190E-06	
-1.304549E-11	9.114347E-12	6.881725E-05	
-1.005910E-11	1.797464E-11	1.694567E-04	
9.099956E-12	2.623059E-11	1.694567E-04	
7.529454E-12	3.347491E-11	6.881720E-05	
-4.261196E-12	2.847897E-11	-1.220227E-06	
-1.377828E-11	2.456046E-11	6.881720E-05	
-1.867247E-11	1.747933E-11	1.694567E-04	
1.214047E-11	9.153449E-12	-5.961093E-05	
-8.357418E-12	2.212275E-11	-5.961089E-05	
6.279196E-14	2.288820E-11	-5.961086E-05	
-1.701965E-11	1.589247E-11	-5.961055E-05	
-1.663257E-09	1.723028E-09	2.502537E-03	
-2.043396E-09	-3.973089E-10	1.723105E-03	
-3.952846E-10	-3.082912E-10	2.502537E-03	
2.683757E-10	2.561963E-09	1.723105E-03	
9.681087E-11	-3.808679E-10	9.142956E-04	
-1.808205E-10	-1.150410E-09	1.723105E-03	
8.032876E-10	8.857729E-10	2.502537E-03	
1.660505E-09	4.898216E-11	1.723105E-03	
8.531225E-10	-8.122576E-10	2.502537E-03	
3.186110E-06	3.186109E-06	-5.792926E-06	
7.126413E-06	6.904234E-06	-7.125044E-06	
7.191185E-06	1.094551E-05	-8.399269E-06	
5.882257E-06	1.298312E-05	-9.015057E-06	
5.227532E-06	1.361265E-05	-9.205528E-06	
4.820338E-06	1.390717E-05	-9.295095E-06	
3.613071E-06	1.458841E-05	-9.503383E-06	
4.214661E-12	1.526697E-05	-9.712398E-06	
-3.613062E-06	1.458841E-05	-9.503386E-06	
-4.820328E-06	1.390717E-05	-9.295099E-06	
-5.227521E-06	1.361265E-05	-9.205533E-06	
-5.882247E-06	1.298312E-05	-9.015049E-06	
-7.191178E-06	1.094551E-05	-8.399262E-06	
-7.126409E-06	6.904230E-06	-7.125039E-06	
-3.186108E-06	3.186106E-06	-5.792923E-06	
6.904234E-06	7.126412E-06	-7.125044E-06	
1.787290E-05	1.787290E-05	-9.144974E-06	
2.124128E-05	3.214353E-05	-9.967950E-06	
1.904953E-05	4.064600E-05	-9.784100E-06	
1.745723E-05	4.351631E-05	-9.632841E-06	
1.628308E-05	4.491518E-05	-9.540560E-06	
1.250845E-05	4.822152E-05	-9.288390E-06	
5.667614E-12	5.160417E-05	-8.986974E-06	
-1.250844E-05	4.822152E-05	-9.288393E-06	
-1.628307E-05	4.491518E-05	-9.540563E-06	
-1.745722E-05	4.351633E-05	-9.632842E-06	
-1.904952E-05	4.064599E-05	-9.784091E-06	
-2.124127E-05	3.214352E-05	-9.967942E-06	
-1.787289E-05	1.787289E-05	-9.144968E-06	
-6.904232E-06	7.126403E-06	-7.125039E-06	
1.094551E-05	7.191184E-06	-8.399270E-06	
3.214354E-05	2.124128E-05	-9.967950E-06	
4.321364E-05	4.321364E-05	-3.679170E-06	
4.162244E-05	5.768744E-05	5.525774E-06	
3.903308E-05	6.273605E-05	9.662416E-06	
3.672674E-05	6.523079E-05	1.189862E-05	
2.873965E-05	7.124260E-05	1.742910E-05	
8.943497E-12	7.754762E-05	2.335273E-05	
-2.873963E-05	7.124260E-05	1.742910E-05	
-3.672672E-05	6.523079E-05	1.189862E-05	
-3.903306E-05	6.273606E-05	9.662421E-06	
-4.162242E-05	5.768742E-05	5.525783E-06	
-4.321362E-05	4.321362E-05	-3.679162E-06	
-3.214353E-05	2.124126E-05	-9.967942E-06	
-1.094551E-05	7.191172E-06	-8.399263E-06	
1.298312E-05	5.882256E-06	-9.015057E-06	
4.064600E-05	1.904953E-05	-9.784101E-06	
5.768744E-05	4.162244E-05	5.525774E-06	
5.707191E-05	5.707191E-05	2.679482E-05	
5.385975E-05	6.255455E-05	3.514226E-05	
5.083485E-05	6.525168E-05	3.948197E-05	
4.019689E-05	7.166219E-05	5.132159E-05	
1.154505E-11	7.864771E-05	6.550236E-05	
-4.019687E-05	7.166219E-05	5.132159E-05	
-5.083483E-05	6.525168E-05	3.948197E-05	
-5.385973E-05	6.255456E-05	3.514227E-05	
-5.707189E-05	5.707189E-05	2.679483E-05	
-5.768742E-05	4.162242E-05	5.525782E-06	
-4.064599E-05	1.904951E-05	-9.784092E-06	
-1.298312E-05	5.882241E-06	-9.015050E-06	
1.361265E-05	5.227531E-06	-9.205528E-06	
4.351631E-05	1.745723E-05	-9.632841E-06	
6.273604E-05	3.903307E-05	9.662420E-06	
6.255455E-05	5.385975E-05	3.514227E-05	
5.919509E-05	5.919509E-05	4.486259E-05	
5.577431E-05	6.180694E-05	5.112111E-05	
4.419539E-05	6.782913E-05	6.269850E-05	
1.328170E-11	7.457799E-05	8.037555E-05	
-4.419537E-05	6.782913E-05	6.269850E-05	
-5.577429E-05	6.180693E-05	5.112111E-05	
-5.919507E-05	5.919509E-05	4.486260E-05	
-6.255453E-05	5.385973E-05	3.514228E-05	
-6.273603E-05	3.903305E-05	9.662428E-06	
-4.351630E-05	1.745721E-05	-9.632832E-06	
-1.361264E-05	5.227516E-06	-9.205521E-06	
1.390717E-05	4.820337E-06	-9.295097E-06	
4.491517E-05	1.628308E-05	-9.540563E-06	
6.523079E-05	3.672673E-05	1.189861E-05	
6.525168E-05	5.083485E-05	3.948197E-05	
6.180694E-05	5.577431E-05	5.112110E-05	
5.827111E-05	5.827111E-05	5.912949E-05	
4.622082E-05	6.449340E-05	6.697893E-05	
2.004426E-11	7.083865E-05	8.716795E-05	
-4.622078E-05	6.449340E-05	6.697893E-05	
-5.827107E-05	5.827111E-05	5.912950E-05	
-6.180690E-05	5.577430E-05	5.112109E-05	
-6.525164E-05	5.083483E-05	3.948198E-05	
-6.523076E-05	3.672671E-05	1.189862E-05	
-4.491516E-05	1.628306E-05	-9.540557E-06	
-1.390716E-05	4.820322E-06	-9.295094E-06	
1.458841E-05	3.613071E-06	-9.503384E-06	
4.822152E-05	1.250845E-05	-9.288393E-06	
7.124260E-05	2.873965E-05	1.742909E-05	
7.166219E-05	4.019689E-05	5.132158E-05	
6.782913E-05	4.419539E-05	6.269848E-05	
6.449340E-05	4.622082E-05	6.697892E-05	
5.138787E-05	5.138787E-05	9.041482E-05	
1.995859E-11	5.668338E-05	1.102190E-04	
-5.138783E-05	5.138787E-05	9.041483E-05	
-6.449336E-05	4.622082E-05	6.697894E-05	
-6.782909E-05	4.419538E-05	6.269849E-05	
-7.166216E-05	4.019687E-05	5.132159E-05	
-7.124257E-05	2.873963E-05	1.742910E-05	
-4.822150E-05	1.250843E-05	-9.288387E-06	
-1.458841E-05	3.613056E-06	-9.503381E-06	
1.526697E-05	6.392098E-12	-9.712399E-06	
5.160416E-05	1.026319E-11	-8.986976E-06	
7.754761E-05	1.442485E-11	2.335272E-05	
7.864771E-05	1.592074E-11	6.550236E-05	
7.457799E-05	1.712681E-11	8.037553E-05	
7.083865E-05	2.650538E-11	8.716795E-05	
5.668338E-05	2.754794E-11	1.102190E-04	
1.891937E-11	2.611511E-11	1.379125E-04	
-5.668334E-05	2.104647E-11	1.102190E-04	
-7.083861E-05	1.582752E-11	8.716796E-05	
-7.457795E-05	1.225773E-11	8.037553E-05	
-7.864767E-05	6.019356E-13	6.550236E-05	
-7.754759E-05	-2.506204E-12	2.335273E-05	
-5.160415E-05	-6.445676E-12	-8.986970E-06	
-1.526696E-05	-8.492681E-12	-9.712396E-06	
1.458841E-05	-3.613058E-06	-9.503386E-06	
4.822152E-05	-1.250843E-05	-9.288395E-06	
7.124260E-05	-2.873962E-05	1.742909E-05	
7.166219E-05	-4.019686E-05	5.132158E-05	
6.782912E-05	-4.419535E-05	6.269847E-05	
6.449340E-05	-4.622077E-05	6.697892E-05	
5.138787E-05	-5.138782E-05	9.041482E-05	
1.717315E-11	-5.668333E-05	1.102190E-04	
-5.138783E-05	-5.138782E-05	9.041483E-05	
-6.449337E-05	-4.622078E-05	6.697893E-05	
-6.782910E-05	-4.419535E-05	6.269849E-05	
-7.166216E-05	-4.019687E-05	5.132159E-05	
-7.124257E-05	-2.873964E-05	1.742910E-05	
-4.822151E-05	-1.250845E-05	-9.288388E-06	
-1.458841E-05	-3.613073E-06	-9.503382E-06	
1.390717E-05	-4.820324E-06	-9.295099E-06	
4.491518E-05	-1.628306E-05	-9.540565E-06	
6.523079E-05	-3.672670E-05	1.189861E-05	
6.525168E-05	-5.083481E-05	3.948197E-05	
6.180694E-05	-5.577427E-05	5.112108E-05	
5.827111E-05	-5.827106E-05	5.912949E-05	
4.622082E-05	-6.449335E-05	6.697892E-05	
1.926201E-11	-7.083860E-05	8.716795E-05	
-4.622079E-05	-6.449336E-05	6.697893E-05	
-5.827108E-05	-5.827107E-05	5.912950E-05	
-6.180691E-05	-5.577427E-05	5.112110E-05	
-6.525165E-05	-5.083483E-05	3.948197E-05	
-6.523077E-05	-3.672672E-05	1.189862E-05	
-4.491516E-05	-1.628308E-05	-9.540559E-06	
-1.390716E-05	-4.820339E-06	-9.295095E-06	
1.361265E-05	-5.227517E-06	-9.205533E-06	
4.351633E-05	-1.745721E-05	-9.632848E-06	
6.273606E-05	-3.903304E-05	9.662407E-06	
6.255456E-05	-5.385971E-05	3.514225E-05	
5.919509E-05	-5.919505E-05	4.486257E-05	
5.577431E-05	-6.180689E-05	5.112108E-05	
4.419539E-05	-6.782908E-05	6.269846E-05	
2.168927E-11	-7.457794E-05	8.037551E-05	
-4.419535E-05	-6.782908E-05	6.269847E-05	
-5.577428E-05	-6.180690E-05	5.112109E-05	
-5.919506E-05	-5.919505E-05	4.486258E-05	
-6.255452E-05	-5.385973E-05	3.514226E-05	
-6.273604E-05	-3.903306E-05	9.662414E-06	
-4.351631E-05	-1.745722E-05	-9.632843E-06	
-1.361265E-05	-5.227532E-06	-9.205529E-06	
1.298312E-05	-5.882243E-06	-9.015049E-06	
4.064599E-05	-1.904951E-05	-9.784093E-06	
5.768742E-05	-4.162241E-05	5.525781E-06	
5.707190E-05	-5.707187E-05	2.679483E-05	
5.385974E-05	-6.255451E-05	3.514227E-05	
5.083484E-05	-6.525163E-05	3.948197E-05	
4.019688E-05	-7.166215E-05	5.132159E-05	
1.972255E-11	-7.864766E-05	6.550236E-05	
-4.019685E-05	-7.166215E-05	5.132159E-05	
-5.083480E-05	-6.525164E-05	3.948197E-05	
-5.385970E-05	-6.255452E-05	3.514226E-05	
-5.707187E-05	-5.707189E-05	2.679483E-05	
-5.768740E-05	-4.162242E-05	5.525781E-06	
-4.064598E-05	-1.904952E-05	-9.784091E-06	
-1.298311E-05	-5.882257E-06	-9.015049E-06	
1.094551E-05	-7.191174E-06	-8.399263E-06	
3.214352E-05	-2.124126E-05	-9.967943E-06	
4.321362E-05	-4.321361E-05	-3.679164E-06	
4.162243E-05	-5.768741E-05	5.525779E-06	
3.903307E-05	-6.273602E-05	9.662418E-06	
3.672673E-05	-6.523075E-05	1.189862E-05	
2.873965E-05	-7.124256E-05	1.742910E-05	
1.757545E-11	-7.754758E-05	2.335273E-05	
-2.873961E-05	-7.124256E-05	1.742910E-05	
-3.672669E-05	-6.523076E-05	1.189862E-05	
-3.903303E-05	-6.273603E-05	9.662422E-06	
-4.162240E-05	-5.768741E-05	5.525783E-06	
-4.321360E-05	-4.321362E-05	-3.679161E-06	
-3.214351E-05	-2.124127E-05	-9.967941E-06	
-1.094551E-05	-7.191185E-06	-8.399262E-06	
6.904231E-06	-7.126405E-06	-7.125039E-06	
1.787290E-05	-1.787289E-05	-9.144969E-06	
2.124127E-05	-3.214352E-05	-9.967945E-06	
1.904953E-05	-4.064598E-05	-9.784095E-06	
1.745723E-05	-4.351629E-05	-9.632837E-06	
1.628308E-05	-4.491515E-05	-9.540558E-06	
1.250845E-05	-4.822150E-05	-9.288388E-06	
1.322589E-11	-5.160414E-05	-8.986970E-06	
-1.250842E-05	-4.822150E-05	-9.288389E-06	
-1.628305E-05	-4.491516E-05	-9.540560E-06	
-1.745720E-05	-4.351631E-05	-9.632839E-06	
-1.904950E-05	-4.064599E-05	-9.784090E-06	
-2.124125E-05	-3.214352E-05	-9.967941E-06	
-1.787288E-05	-1.787289E-05	-9.144967E-06	
-6.904228E-06	-7.126412E-06	-7.125038E-06	
3.186109E-06	-3.186107E-06	-5.792923E-06	
7.126411E-06	-6.904230E-06	-7.125040E-06	
7.191183E-06	-1.094551E-05	-8.399265E-06	
5.882256E-06	-1.298312E-05	-9.015053E-06	
5.227531E-06	-1.361264E-05	-9.205525E-06	
4.820338E-06	-1.390716E-05	-9.295094E-06	
3.613072E-06	-1.458840E-05	-9.503381E-06	
9.011166E-12	-1.526696E-05	-9.712396E-06	
-3.613054E-06	-1.458840E-05	-9.503382E-06	
-4.820319E-06	-1.390716E-05	-9.295095E-06	
-5.227513E-06	-1.361265E-05	-9.205525E-06	
-5.882239E-06	-1.298312E-05	-9.015048E-06	
-7.191169E-06	-1.094551E-05	-8.399262E-06	
-7.126401E-06	-6.904231E-06	-7.125038E-06	
-3.186105E-06	-3.186109E-06	-5.792922E-06	
2.278168E-06	2.278167E-06	-1.342680E-05	
5.036283E-06	5.198850E-06	-1.659061E-05	
4.969872E-06	8.113843E-06	-1.953050E-05	
3.976091E-06	9.260165E-06	-2.087675E-05	
3.503743E-06	9.569595E-06	-2.128054E-05	
3.217884E-06	9.703985E-06	-2.146726E-05	
2.387650E-06	9.964626E-06	-2.189428E-05	
1.277395E-12	1.015808E-05	-2.231684E-05	
-2.387648E-06	9.964625E-06	-2.189428E-05	
-3.217882E-06	9.703983E-06	-2.146726E-05	
-3.503742E-06	9.569584E-06	-2.128055E-05	
-3.976089E-06	9.260161E-06	-2.087673E-05	
-4.969871E-06	8.113839E-06	-1.953048E-05	
-5.036282E-06	5.198847E-06	-1.659060E-05	
-2.278167E-06	2.278165E-06	-1.342679E-05	
5.198850E-06	5.036282E-06	-1.659061E-05	
1.506232E-05	1.506232E-05	-2.295457E-05	
1.997564E-05	3.311967E-05	-2.863059E-05	
1.905839E-05	4.633498E-05	-3.114364E-05	
1.780821E-05	5.109437E-05	-3.187348E-05	
1.674670E-05	5.347663E-05	-3.220642E-05	
1.310980E-05	5.934488E-05	-3.296531E-05	
2.558432E-12	6.566907E-05	-3.368363E-05	
-1.310980E-05	5.934489E-05	-3.296531E-05	
-1.674670E-05	5.347663E-05	-3.220643E-05	
-1.780820E-05	5.109434E-05	-3.187349E-05	
-1.905839E-05	4.633496E-05	-3.114362E-05	
-1.997564E-05	3.311966E-05	-2.863057E-05	
-1.506232E-05	1.506231E-05	-2.295455E-05	
-5.198849E-06	5.036276E-06	-1.659060E-05	
8.113843E-06	4.969871E-06	-1.953050E-05	
3.311967E-05	1.997564E-05	-2.863059E-05	
6.190726E-05	6.190726E-05	-3.114955E-05	
7.417216E-05	1.089421E-04	-2.447952E-05	
7.437291E-05	1.299149E-04	-2.079918E-05	
7.139899E-05	1.412500E-04	-1.868590E-05	
5.775204E-05	1.684839E-04	-1.318205E-05	
4.337244E-12	1.962248E-04	-7.223670E-06	
-5.775203E-05	1.684839E-04	-1.318205E-05	
-7.139898E-05	1.412500E-04	-1.868590E-05	
-7.437290E-05	1.299149E-04	-2.079919E-05	
-7.417214E-05	1.089421E-04	-2.447950E-05	
-6.190725E-05	6.190725E-05	-3.114953E-05	
-3.311967E-05	1.997563E-05	-2.863057E-05	
-8.113841E-06	4.969862E-06	-1.953049E-05	
9.260164E-06	3.976090E-06	-2.087675E-05	
4.633498E-05	1.905839E-05	-3.114364E-05	
1.089421E-04	7.417216E-05	-2.447952E-05	
1.521121E-04	1.521121E-04	2.007961E-05	
1.603807E-04	1.879614E-04	5.228043E-05	
1.554919E-04	2.080448E-04	7.190321E-05	
1.244373E-04	2.590186E-04	1.135699E-04	
1.868895E-12	3.078960E-04	1.435096E-04	
-1.244373E-04	2.590186E-04	1.135699E-04	
-1.554918E-04	2.080448E-04	7.190321E-05	
-1.603806E-04	1.879614E-04	5.228044E-05	
-1.521121E-04	1.521121E-04	2.007963E-05	
-1.089421E-04	7.417214E-05	-2.447950E-05	
-4.633497E-05	1.905838E-05	-3.114362E-05	
-9.260163E-06	3.976079E-06	-2.087674E-05	
9.569593E-06	3.503743E-06	-2.128054E-05	
5.109436E-05	1.780821E-05	-3.187348E-05	
1.299149E-04	7.437292E-05	-2.079918E-05	
1.879614E-04	1.603807E-04	5.228044E-05	
1.989930E-04	1.989930E-04	1.016878E-04	
1.958619E-04	2.208636E-04	1.250186E-04	
1.573516E-04	2.796026E-04	2.055471E-04	
8.282220E-16	3.341401E-04	2.509364E-04	
-1.573516E-04	2.796026E-04	2.055471E-04	
-1.958619E-04	2.208636E-04	1.250186E-04	
-1.989930E-04	1.989930E-04	1.016878E-04	
-1.879613E-04	1.603807E-04	5.228047E-05	
-1.299149E-04	7.437290E-05	-2.079916E-05	
-5.109436E-05	1.780819E-05	-3.187346E-05	
-9.569593E-06	3.503731E-06	-2.128052E-05	
9.703983E-06	3.217884E-06	-2.146726E-05	
5.347662E-05	1.674670E-05	-3.220643E-05	
1.412500E-04	7.139900E-05	-1.868591E-05	
2.080448E-04	1.554919E-04	7.190320E-05	
2.208636E-04	1.958619E-04	1.250186E-04	
2.170605E-04	2.170605E-04	1.465135E-04	
1.746513E-04	2.656265E-04	2.667077E-04	
2.237091E-11	3.205784E-04	3.182016E-04	
-1.746512E-04	2.656265E-04	2.667077E-04	
-2.170605E-04	2.170605E-04	1.465135E-04	
-2.208636E-04	1.958619E-04	1.250186E-04	
-2.080447E-04	1.554918E-04	7.190324E-05	
-1.412500E-04	7.139898E-05	-1.868589E-05	
-5.347662E-05	1.674669E-05	-3.220642E-05	
-9.703981E-06	3.217872E-06	-2.146725E-05	
9.964624E-06	2.387651E-06	-2.189428E-05	
5.934488E-05	1.310981E-05	-3.296532E-05	
1.684839E-04	5.775205E-05	-1.318206E-05	
2.590186E-04	1.244373E-04	1.135699E-04	
2.796025E-04	1.573516E-04	2.055471E-04	
2.656265E-04	1.746513E-04	2.667077E-04	
2.121166E-04	2.121166E-04	3.398743E-04	
3.318289E-11	2.537469E-04	4.423296E-04	
-2.121166E-04	2.121166E-04	3.398743E-04	
-2.656265E-04	1.746512E-04	2.667077E-04	
-2.796025E-04	1.573516E-04	2.055471E-04	
-2.590185E-04	1.244373E-04	1.135700E-04	
-1.684839E-04	5.775203E-05	-1.318203E-05	
-5.934487E-05	1.310979E-05	-3.296530E-05	
-9.964622E-06	2.387639E-06	-2.189427E-05	
1.015808E-05	3.868935E-12	-2.231684E-05	
6.566907E-05	8.144354E-12	-3.368364E-05	
1.962247E-04	1.427524E-11	-7.223682E-06	
3.078960E-04	1.738615E-11	1.435096E-04	
3.341401E-04	3.525883E-11	2.509363E-04	
3.205784E-04	2.387654E-11	3.182016E-04	
2.537469E-04	2.136287E-11	4.423296E-04	
3.359262E-11	2.026665E-11	5.428289E-04	
-2.537469E-04	1.605258E-11	4.423296E-04	
-3.205784E-04	-6.324552E-12	3.182016E-04	
-3.341401E-04	-1.843770E-11	2.509363E-04	
-3.078959E-04	-5.955611E-12	1.435096E-04	
-1.962247E-04	-4.854512E-12	-7.223657E-06	
-6.566905E-05	-7.376130E-12	-3.368362E-05	
-1.015808E-05	-9.454694E-12	-2.231683E-05	
9.964625E-06	-2.387644E-06	-2.189428E-05	
5.934488E-05	-1.310979E-05	-3.296532E-05	
1.684839E-04	-5.775202E-05	-1.318206E-05	
2.590186E-04	-1.244373E-04	1.135699E-04	
2.796026E-04	-1.573516E-04	2.055470E-04	
2.656265E-04	-1.746512E-04	2.667076E-04	
2.121166E-04	-2.121166E-04	3.398743E-04	
3.812579E-11	-2.537469E-04	4.423296E-04	
-2.121166E-04	-2.121166E-04	3.398743E-04	
-2.656264E-04	-1.746512E-04	2.667077E-04	
-2.796025E-04	-1.573516E-04	2.055471E-04	
-2.590185E-04	-1.244373E-04	1.135699E-04	
-1.684839E-04	-5.775203E-05	-1.318204E-05	
-5.934487E-05	-1.310981E-05	-3.296530E-05	
-9.964621E-06	-2.387658E-06	-2.189427E-05	
9.703984E-06	-3.217877E-06	-2.146726E-05	
5.347663E-05	-1.674669E-05	-3.220643E-05	
1.412500E-04	-7.139896E-05	-1.868592E-05	
2.080448E-04	-1.554918E-04	7.190319E-05	
2.208636E-04	-1.958619E-04	1.250186E-04	
2.170605E-04	-2.170605E-04	1.465135E-04	
1.746513E-04	-2.656264E-04	2.667076E-04	
4.921878E-11	-3.205783E-04	3.182016E-04	
-1.746512E-04	-2.656265E-04	2.667077E-04	
-2.170605E-04	-2.170605E-04	1.465135E-04	
-2.208635E-04	-1.958619E-04	1.250186E-04	
-2.080447E-04	-1.554918E-04	7.190322E-05	
-1.412500E-04	-7.139898E-05	-1.868589E-05	
-5.347661E-05	-1.674671E-05	-3.220642E-05	
-9.703978E-06	-3.217892E-06	-2.146725E-05	
9.569587E-06	-3.503736E-06	-2.128055E-05	
5.109435E-05	-1.780819E-05	-3.187350E-05	
1.299149E-04	-7.437288E-05	-2.079922E-05	
1.879614E-04	-1.603806E-04	5.228039E-05	
1.989930E-04	-1.989930E-04	1.016877E-04	
1.958619E-04	-2.208635E-04	1.250186E-04	
1.573516E-04	-2.796025E-04	2.055470E-04	
4.914210E-11	-3.341400E-04	2.509363E-04	
-1.573515E-04	-2.796025E-04	2.055470E-04	
-1.958619E-04	-2.208636E-04	1.250186E-04	
-1.989930E-04	-1.989930E-04	1.016877E-04	
-1.879613E-04	-1.603806E-04	5.228042E-05	
-1.299148E-04	-7.437290E-05	-2.079920E-05	
-5.109433E-05	-1.780821E-05	-3.187349E-05	
-9.569581E-06	-3.503751E-06	-2.128054E-05	
9.260159E-06	-3.976084E-06	-2.087673E-05	
4.633496E-05	-1.905838E-05	-3.114362E-05	
1.089421E-04	-7.417213E-05	-2.447951E-05	
1.521121E-04	-1.521121E-04	2.007962E-05	
1.603807E-04	-1.879613E-04	5.228045E-05	
1.554918E-04	-2.080447E-04	7.190322E-05	
1.244373E-04	-2.590185E-04	1.135699E-04	
2.427901E-11	-3.078959E-04	1.435096E-04	
-1.244373E-04	-2.590185E-04	1.135699E-04	
-1.554918E-04	-2.080447E-04	7.190321E-05	
-1.603806E-04	-1.879613E-04	5.228042E-05	
-1.521121E-04	-1.521121E-04	2.007963E-05	
-1.089421E-04	-7.417214E-05	-2.447950E-05	
-4.633495E-05	-1.905840E-05	-3.114362E-05	
-9.260156E-06	-3.976098E-06	-2.087673E-05	
8.113839E-06	-4.969865E-06	-1.953048E-05	
3.311966E-05	-1.997563E-05	-2.863058E-05	
6.190725E-05	-6.190724E-05	-3.114954E-05	
7.417215E-05	-1.089421E-04	-2.447951E-05	
7.437291E-05	-1.299148E-04	-2.079918E-05	
7.139899E-05	-1.412499E-04	-1.868589E-05	
5.775204E-05	-1.684838E-04	-1.318204E-05	
1.818172E-11	-1.962247E-04	-7.223660E-06	
-5.775201E-05	-1.684839E-04	-1.318204E-05	
-7.139895E-05	-1.412500E-04	-1.868590E-05	
-7.437287E-05	-1.299148E-04	-2.079918E-05	
-7.417212E-05	-1.089421E-04	-2.447950E-05	
-6.190723E-05	-6.190725E-05	-3.114953E-05	
-3.311965E-05	-1.997564E-05	-2.863057E-05	
-8.113836E-06	-4.969876E-06	-1.953048E-05	
5.198848E-06	-5.036278E-06	-1.659060E-05	
1.506232E-05	-1.506231E-05	-2.295456E-05	
1.997564E-05	-3.311966E-05	-2.863058E-05	
1.905839E-05	-4.633496E-05	-3.114362E-05	
1.780821E-05	-5.109434E-05	-3.187347E-05	
1.674670E-05	-5.347661E-05	-3.220641E-05	
1.310981E-05	-5.934486E-05	-3.296530E-05	
1.126795E-11	-6.566905E-05	-3.368362E-05	
-1.310978E-05	-5.934487E-05	-3.296531E-05	
-1.674668E-05	-5.347661E-05	-3.220642E-05	
-1.780818E-05	-5.109435E-05	-3.187348E-05	
-1.905837E-05	-4.633496E-05	-3.114361E-05	
-1.997562E-05	-3.311966E-05	-2.863057E-05	
-1.506231E-05	-1.506232E-05	-2.295455E-05	
-5.198845E-06	-5.036285E-06	-1.659059E-05	
2.278167E-06	-2.278166E-06	-1.342679E-05	
5.036282E-06	-5.198847E-06	-1.659060E-05	
4.969872E-06	-8.113838E-06	-1.953049E-05	
3.976092E-06	-9.260159E-06	-2.087674E-05	
3.503746E-06	-9.569586E-06	-2.128053E-05	
3.217886E-06	-9.703979E-06	-2.146725E-05	
2.387654E-06	-9.964620E-06	-2.189427E-05	
7.361829E-12	-1.015808E-05	-2.231683E-05	
-2.387639E-06	-9.964621E-06	-2.189427E-05	
-3.217873E-06	-9.703979E-06	-2.146725E-05	
-3.503732E-06	-9.569589E-06	-2.128054E-05	
-3.976079E-06	-9.260159E-06	-2.087673E-05	
-4.969861E-06	-8.113839E-06	-1.953048E-05	
-5.036274E-06	-5.198848E-06	-1.659059E-05	
-2.278164E-06	-2.278168E-06	-1.342679E-05	
1.592975E-06	1.592975E-06	-1.591137E-05	
3.499208E-06	3.720946E-06	-1.976115E-05	
3.427740E-06	5.732748E-06	-2.322823E-05	
2.727512E-06	6.633235E-06	-2.474793E-05	
2.394923E-06	6.842784E-06	-2.519067E-05	
2.201244E-06	6.936099E-06	-2.539237E-05	
1.629187E-06	7.235972E-06	-2.584814E-05	
-1.118863E-12	7.387687E-06	-2.629010E-05	
-1.629189E-06	7.235972E-06	-2.584814E-05	
-2.201246E-06	6.936097E-06	-2.539237E-05	
-2.394925E-06	6.842776E-06	-2.519069E-05	
-2.727514E-06	6.633232E-06	-2.474791E-05	
-3.427741E-06	5.732745E-06	-2.322821E-05	
-3.499208E-06	3.720944E-06	-1.976113E-05	
-1.592975E-06	1.592973E-06	-1.591136E-05	
3.720947E-06	3.499207E-06	-1.976115E-05	
1.131001E-05	1.131001E-05	-2.955325E-05	
1.548350E-05	2.668191E-05	-4.128208E-05	
1.494691E-05	3.741515E-05	-4.791428E-05	
1.403917E-05	4.142210E-05	-5.009967E-05	
1.319236E-05	4.341446E-05	-5.115524E-05	
1.035817E-05	4.787604E-05	-5.365170E-05	
3.649332E-13	5.306671E-05	-5.619781E-05	
-1.035817E-05	4.787604E-05	-5.365170E-05	
-1.319236E-05	4.341446E-05	-5.115524E-05	
-1.403917E-05	4.142207E-05	-5.009969E-05	
-1.494691E-05	3.741514E-05	-4.791426E-05	
-1.548349E-05	2.668190E-05	-4.128206E-05	
-1.131000E-05	1.131000E-05	-2.955323E-05	
-3.720946E-06	3.499201E-06	-1.976113E-05	
5.732748E-06	3.427739E-06	-2.322823E-05	
2.668191E-05	1.548349E-05	-4.128208E-05	
5.689469E-05	5.689469E-05	-6.993712E-05	
7.307896E-05	1.184838E-04	-8.965851E-05	
7.415860E-05	1.454393E-04	-9.689839E-05	
7.192665E-05	1.602046E-04	-1.005456E-04	
5.882845E-05	1.992369E-04	-1.092262E-04	
1.942286E-12	2.375227E-04	-1.182838E-04	
-5.882844E-05	1.992369E-04	-1.092262E-04	
-7.192664E-05	1.602046E-04	-1.005456E-04	
-7.415860E-05	1.454393E-04	-9.689840E-05	
-7.307895E-05	1.184838E-04	-8.965848E-05	
-5.689468E-05	5.689468E-05	-6.993710E-05	
-2.668191E-05	1.548348E-05	-4.128206E-05	
-5.732747E-06	3.427731E-06	-2.322821E-05	
6.633234E-06	2.727511E-06	-2.474793E-05	
3.741515E-05	1.494691E-05	-4.791428E-05	
1.184838E-04	7.307896E-05	-8.965851E-05	
2.238497E-04	2.238497E-04	-1.103221E-04	
2.723524E-04	3.651101E-04	-1.102497E-04	
2.560971E-04	4.535246E-04	-1.086056E-04	
1.795447E-04	6.111361E-04	-1.092055E-04	
-4.998703E-12	6.984409E-04	-1.189708E-04	
-1.795447E-04	6.111361E-04	-1.092055E-04	
-2.560971E-04	4.535245E-04	-1.086056E-04	
-2.723523E-04	3.651100E-04	-1.102497E-04	
-2.238497E-04	2.238497E-04	-1.103221E-04	
-1.184838E-04	7.307894E-05	-8.965848E-05	
-3.741514E-05	1.494690E-05	-4.791426E-05	
-6.633234E-06	2.727502E-06	-2.474791E-05	
6.842781E-06	2.394922E-06	-2.519068E-05	
4.142208E-05	1.403917E-05	-5.009967E-05	
1.454393E-04	7.415861E-05	-9.689838E-05	
3.651101E-04	2.723524E-04	-1.102497E-04	
5.106659E-04	5.106659E-04	2.701973E-05	
4.509713E-04	6.652412E-04	1.586259E-04	
2.691655E-04	9.164979E-04	1.772572E-04	
-1.918099E-11	1.024240E-03	1.699507E-04	
-2.691656E-04	9.164979E-04	1.772572E-04	
-4.509713E-04	6.652412E-04	1.586259E-04	
-5.106659E-04	5.106659E-04	2.701992E-05	
-3.651101E-04	2.723523E-04	-1.102497E-04	
-1.454393E-04	7.415859E-05	-9.689835E-05	
-4.142208E-05	1.403916E-05	-5.009965E-05	
-6.842780E-06	2.394913E-06	-2.519066E-05	
6.936097E-06	2.201244E-06	-2.539237E-05	
4.341445E-05	1.319236E-05	-5.115525E-05	
1.602045E-04	7.192665E-05	-1.005456E-04	
4.535245E-04	2.560971E-04	-1.086056E-04	
6.652412E-04	4.509713E-04	1.586259E-04	
6.101367E-04	6.101367E-04	4.177640E-04	
3.467951E-04	9.984834E-04	4.609176E-04	
1.574984E-11	1.063845E-03	4.530164E-04	
-3.467951E-04	9.984834E-04	4.609176E-04	
-6.101367E-04	6.101367E-04	4.177640E-04	
-6.652412E-04	4.509712E-04	1.586261E-04	
-4.535245E-04	2.560971E-04	-1.086055E-04	
-1.602045E-04	7.192664E-05	-1.005455E-04	
-4.341445E-05	1.319235E-05	-5.115523E-05	
-6.936095E-06	2.201234E-06	-2.539236E-05	
7.235970E-06	1.629188E-06	-2.584814E-05	
4.787603E-05	1.035817E-05	-5.365170E-05	
1.992369E-04	5.882845E-05	-1.092262E-04	
6.111361E-04	1.795447E-04	-1.092055E-04	
9.164979E-04	2.691656E-04	1.772572E-04	
9.984834E-04	3.467951E-04	4.609176E-04	
5.681452E-04	5.681452E-04	1.500728E-03	
7.403783E-11	5.853755E-04	1.193663E-03	
-5.681451E-04	5.681452E-04	1.500728E-03	
-9.984834E-04	3.467951E-04	4.609177E-04	
-9.164978E-04	2.691656E-04	1.772573E-04	
-6.111361E-04	1.795447E-04	-1.092054E-04	
-1.992369E-04	5.882843E-05	-1.092261E-04	
-4.787602E-05	1.035816E-05	-5.365169E-05	
-7.235969E-06	1.629178E-06	-2.584813E-05	
7.387685E-06	1.274609E-12	-2.629010E-05	
5.306670E-05	5.153166E-12	-5.619782E-05	
2.375227E-04	1.107195E-11	-1.182838E-04	
6.984409E-04	1.437504E-11	-1.189708E-04	
1.024240E-03	-1.590348E-11	1.699507E-04	
1.063845E-03	7.404715E-12	4.530163E-04	
5.853755E-04	-2.135542E-12	1.193663E-03	
1.487217E-11	-1.712762E-12	8.620642E-04	
-5.853754E-04	7.248925E-11	1.193663E-03	
-1.063845E-03	-2.581109E-11	4.530164E-04	
-1.024240E-03	7.892553E-11	1.699507E-04	
-6.984408E-04	-1.538857E-11	-1.189708E-04	
-2.375227E-04	-6.912300E-12	-1.182838E-04	
-5.306670E-05	-7.989739E-12	-5.619780E-05	
-7.387683E-06	-9.979443E-12	-2.629009E-05	
7.235971E-06	-1.629185E-06	-2.584814E-05	
4.787603E-05	-1.035816E-05	-5.365171E-05	
1.992369E-04	-5.882843E-05	-1.092262E-04	
6.111361E-04	-1.795447E-04	-1.092055E-04	
9.164979E-04	-2.691656E-04	1.772572E-04	
9.984834E-04	-3.467950E-04	4.609176E-04	
5.681451E-04	-5.681451E-04	1.500728E-03	
-2.805114E-11	-5.853754E-04	1.193663E-03	
-5.681451E-04	-5.681451E-04	1.500728E-03	
-9.984833E-04	-3.467951E-04	4.609176E-04	
-9.164978E-04	-2.691655E-04	1.772572E-04	
-6.111360E-04	-1.795447E-04	-1.092055E-04	
-1.992368E-04	-5.882844E-05	-1.092261E-04	
-4.787602E-05	-1.035817E-05	-5.365169E-05	
-7.235968E-06	-1.629197E-06	-2.584813E-05	
6.936098E-06	-2.201242E-06	-2.539238E-05	
4.341446E-05	-1.319235E-05	-5.115525E-05	
1.602046E-04	-7.192663E-05	-1.005456E-04	
4.535246E-04	-2.560971E-04	-1.086056E-04	
6.652412E-04	-4.509712E-04	1.586258E-04	
6.101367E-04	-6.101366E-04	4.177640E-04	
3.467951E-04	-9.984833E-04	4.609176E-04	
5.306798E-11	-1.063845E-03	4.530163E-04	
-3.467950E-04	-9.984833E-04	4.609176E-04	
-6.101366E-04	-6.101367E-04	4.177640E-04	
-6.652411E-04	-4.509713E-04	1.586258E-04	
-4.535245E-04	-2.560971E-04	-1.086055E-04	
-1.602045E-04	-7.192664E-05	-1.005456E-04	
-4.341444E-05	-1.319236E-05	-5.115523E-05	
-6.936093E-06	-2.201254E-06	-2.539236E-05	
6.842778E-06	-2.394920E-06	-2.519069E-05	
4.142208E-05	-1.403916E-05	-5.009971E-05	
1.454393E-04	-7.415858E-05	-9.689843E-05	
3.651101E-04	-2.723523E-04	-1.102498E-04	
5.106659E-04	-5.106659E-04	2.701967E-05	
4.509713E-04	-6.652412E-04	1.586258E-04	
2.691656E-04	-9.164978E-04	1.772572E-04	
6.990917E-11	-1.024240E-03	1.699506E-04	
-2.691655E-04	-9.164978E-04	1.772572E-04	
-4.509712E-04	-6.652411E-04	1.586258E-04	
-5.106658E-04	-5.106658E-04	2.701967E-05	
-3.651100E-04	-2.723523E-04	-1.102497E-04	
-1.454393E-04	-7.415859E-05	-9.689840E-05	
-4.142206E-05	-1.403918E-05	-5.009968E-05	
-6.842774E-06	-2.394932E-06	-2.519068E-05	
6.633230E-06	-2.727509E-06	-2.474791E-05	
3.741513E-05	-1.494690E-05	-4.791426E-05	
1.184838E-04	-7.307893E-05	-8.965849E-05	
2.238497E-04	-2.238497E-04	-1.103221E-04	
2.723524E-04	-3.651100E-04	-1.102497E-04	
2.560971E-04	-4.535245E-04	-1.086055E-04	
1.795447E-04	-6.111361E-04	-1.092055E-04	
2.005961E-11	-6.984408E-04	-1.189708E-04	
-1.795447E-04	-6.111361E-04	-1.092055E-04	
-2.560971E-04	-4.535245E-04	-1.086056E-04	
-2.723523E-04	-3.651100E-04	-1.102497E-04	
-2.238497E-04	-2.238497E-04	-1.103221E-04	
-1.184838E-04	-7.307894E-05	-8.965848E-05	
-3.741512E-05	-1.494692E-05	-4.791426E-05	
-6.633228E-06	-2.727520E-06	-2.474791E-05	
5.732745E-06	-3.427736E-06	-2.322821E-05	
2.668190E-05	-1.548348E-05	-4.128206E-05	
5.689468E-05	-5.689467E-05	-6.993711E-05	
7.307895E-05	-1.184838E-04	-8.965849E-05	
7.415860E-05	-1.454393E-04	-9.689837E-05	
7.192665E-05	-1.602045E-04	-1.005455E-04	
5.882845E-05	-1.992368E-04	-1.092261E-04	
1.561140E-11	-2.375227E-04	-1.182838E-04	
-5.882842E-05	-1.992368E-04	-1.092261E-04	
-7.192661E-05	-1.602045E-04	-1.005456E-04	
-7.415857E-05	-1.454393E-04	-9.689838E-05	
-7.307892E-05	-1.184838E-04	-8.965848E-05	
-5.689466E-05	-5.689468E-05	-6.993709E-05	
-2.668189E-05	-1.548349E-05	-4.128205E-05	
-5.732742E-06	-3.427746E-06	-2.322821E-05	
3.720945E-06	-3.499204E-06	-1.976113E-05	
1.131000E-05	-1.131000E-05	-2.955323E-05	
1.548349E-05	-2.668190E-05	-4.128206E-05	
1.494691E-05	-3.741513E-05	-4.791427E-05	
1.403917E-05	-4.142206E-05	-5.009966E-05	
1.319236E-05	-4.341444E-05	-5.115523E-05	
1.035817E-05	-4.787601E-05	-5.365168E-05	
9.134322E-12	-5.306669E-05	-5.619780E-05	
-1.035815E-05	-4.787602E-05	-5.365169E-05	
-1.319234E-05	-4.341444E-05	-5.115523E-05	
-1.403915E-05	-4.142208E-05	-5.009968E-05	
-1.494690E-05	-3.741513E-05	-4.791425E-05	
-1.548348E-05	-2.668190E-05	-4.128205E-05	
-1.130999E-05	-1.131000E-05	-2.955323E-05	
-3.720942E-06	-3.499210E-06	-1.976113E-05	
1.592974E-06	-1.592974E-06	-1.591136E-05	
3.499207E-06	-3.720944E-06	-1.976114E-05	
3.427741E-06	-5.732744E-06	-2.322822E-05	
2.727514E-06	-6.633229E-06	-2.474792E-05	
2.394926E-06	-6.842774E-06	-2.519067E-05	
2.201248E-06	-6.936093E-06	-2.539236E-05	
1.629192E-06	-7.235966E-06	-2.584813E-05	
5.821724E-12	-7.387681E-06	-2.629009E-05	
-1.629180E-06	-7.235967E-06	-2.584813E-05	
-2.201236E-06	-6.936094E-06	-2.539237E-05	
-2.394915E-06	-6.842780E-06	-2.519068E-05	
-2.727504E-06	-6.633230E-06	-2.474791E-05	
-3.427731E-06	-5.732745E-06	-2.322821E-05	
-3.499200E-06	-3.720945E-06	-1.976113E-05	
-1.592972E-06	-1.592975E-06	-1.591135E-05	
2.641006E-13	-3.511023E-13	-1.655499E-05	
1.327937E-13	3.617546E-13	-2.059117E-05	
-8.937584E-13	1.300417E-12	-2.419400E-05	
-2.007870E-12	1.811430E-12	-2.577247E-05	
-2.547053E-12	3.741826E-12	-2.623133E-05	
-2.585898E-12	1.636267E-12	-2.644042E-05	
-2.676579E-12	1.421748E-12	-2.691449E-05	
-3.515666E-12	1.514556E-12	-2.737132E-05	
-4.432735E-12	1.139250E-12	-2.691449E-05	
-4.676465E-12	5.390985E-13	-2.644042E-05	
-4.669152E-12	-3.224694E-12	-2.623135E-05	
-4.810147E-12	3.053837E-13	-2.577246E-05	
-4.834004E-12	-2.203943E-13	-2.419398E-05	
-3.797063E-12	-8.067590E-13	-2.059115E-05	
-1.471135E-12	-1.330547E-12	-1.655498E-05	
8.408631E-13	-1.500663E-12	-2.059117E-05	
2.130563E-12	3.635056E-13	-3.148730E-05	
2.343177E-12	3.578877E-12	-4.523887E-05	
1.615210E-12	6.254336E-12	-5.310949E-05	
1.040835E-12	1.191311E-11	-5.571807E-05	
9.255766E-13	5.600319E-12	-5.697876E-05	
4.272490E-13	6.193914E-12	-5.994956E-05	
-2.381401E-12	7.117657E-12	-6.300232E-05	
-5.614313E-12	6.428939E-12	-5.994956E-05	
-7.026531E-12	5.571445E-12	-5.697876E-05	
-7.498069E-12	-4.352905E-12	-5.571809E-05	
-7.270286E-12	1.796691E-13	-5.310947E-05	
-6.663032E-12	-6.266614E-13	-4.523885E-05	
-4.980851E-12	-2.461013E-12	-3.148729E-05	
-1.864429E-12	-4.042827E-12	-2.059115E-05	
1.263229E-12	-2.882968E-12	-2.419400E-05	
4.602042E-12	-8.124767E-13	-4.523887E-05	
7.709581E-12	4.512931E-12	-8.493349E-05	
9.785270E-12	8.611363E-12	-1.193064E-04	
1.084315E-11	1.549077E-11	-1.328736E-04	
9.638628E-12	1.444403E-11	-1.399221E-04	
6.207694E-12	1.566312E-11	-1.572300E-04	
-9.952488E-13	1.605257E-11	-1.754149E-04	
-6.768166E-12	1.309516E-11	-1.572300E-04	
-7.544480E-12	1.056788E-11	-1.399221E-04	
-7.473478E-12	-3.849355E-13	-1.328736E-04	
-8.617004E-12	3.117711E-12	-1.193064E-04	
-9.488887E-12	-2.490793E-13	-8.493346E-05	
-7.042817E-12	-3.987092E-12	-4.523885E-05	
-2.466729E-12	-6.389272E-12	-2.419398E-05	
9.752035E-13	-3.698896E-12	-2.577248E-05	
5.554163E-12	-2.352865E-12	-5.310950E-05	
1.040353E-11	4.676088E-12	-1.193064E-04	
1.235764E-11	8.997269E-12	-2.072139E-04	
1.280779E-11	2.054902E-11	-2.547758E-04	
1.172026E-11	2.384661E-11	-2.820536E-04	
7.013277E-12	2.740236E-11	-3.429077E-04	
-2.587893E-12	2.460532E-11	-3.939562E-04	
-1.136571E-11	1.992548E-11	-3.429077E-04	
-1.580057E-11	1.426658E-11	-2.820536E-04	
-1.746607E-11	9.251484E-12	-2.547757E-04	
-1.595808E-11	6.139229E-12	-2.072138E-04	
-1.313224E-11	5.268878E-13	-1.193064E-04	
-9.082849E-12	-5.234965E-12	-5.310947E-05	
-3.033105E-12	-8.010734E-12	-2.577246E-05	
-3.851506E-13	-3.940951E-12	-2.623133E-05	
1.001339E-12	-3.110760E-12	-5.571807E-05	
5.558547E-12	4.832611E-12	-1.328736E-04	
2.371083E-12	9.975557E-12	-2.547757E-04	
-1.833664E-11	6.008659E-12	-2.547757E-04	
-1.843075E-11	6.783570E-13	-1.328735E-04	
-1.151841E-11	-5.868559E-12	-5.571805E-05	
-3.853303E-12	-8.730315E-12	-2.623131E-05	
-6.679644E-13	-3.819307E-12	-2.644042E-05	
-3.717259E-12	-2.723963E-12	-5.697876E-05	
-3.015487E-12	4.200914E-12	-1.399221E-04	
2.704070E-12	9.270376E-12	-2.820536E-04	
8.490223E-12	2.378925E-11	6.607600E-04	
1.768521E-12	3.980390E-11	5.223777E-04	
-3.666923E-12	2.961394E-11	4.439654E-04	
-1.205960E-11	3.113507E-11	5.223778E-04	
-2.353890E-11	1.782522E-11	6.607600E-04	
-1.860802E-11	5.218723E-12	-2.820536E-04	
-8.890859E-12	-2.164781E-13	-1.399221E-04	
-1.950682E-12	-5.875188E-12	-5.697874E-05	
-2.789558E-13	-8.705564E-12	-2.644041E-05	
-6.934337E-13	-3.451426E-12	-2.691449E-05	
-3.228303E-12	-1.706131E-12	-5.994956E-05	
-2.960092E-12	2.783088E-12	-1.572300E-04	
2.235345E-12	5.350312E-12	-3.429077E-04	
9.045098E-12	1.467774E-11	5.223778E-04	
-3.568218E-11	6.583124E-12	5.223778E-04	
-1.997315E-11	-1.332950E-12	-3.429076E-04	
-7.485689E-12	-2.880918E-12	-1.572300E-04	
-1.567846E-12	-5.956595E-12	-5.994954E-05	
-2.297266E-13	-8.609909E-12	-2.691448E-05	
-4.974176E-13	-2.550231E-12	-2.737133E-05	
-1.824824E-12	-2.200564E-13	-6.300232E-05	
-3.312977E-12	2.810593E-12	-1.754149E-04	
-5.068318E-12	3.248426E-12	-3.939562E-04	
-6.624784E-12	4.150300E-12	4.439654E-04	
-1.101535E-11	-3.829316E-12	4.439654E-04	
-8.111741E-12	-1.000822E-11	-3.939561E-04	
-4.583825E-12	-6.158362E-12	-1.754148E-04	
-1.854339E-12	-6.762764E-12	-6.300230E-05	
-3.799861E-13	-8.810464E-12	-2.737131E-05	
-1.296069E-14	-1.700435E-12	-2.691449E-05	
-2.241579E-13	7.220153E-13	-5.994957E-05	
-3.076120E-12	4.650550E-12	-1.572300E-04	
-9.211597E-12	6.228165E-12	-3.429077E-04	
-1.970122E-11	1.139732E-11	5.223777E-04	
1.561136E-11	2.593103E-12	5.223777E-04	
7.325924E-12	-8.447617E-12	-3.429076E-04	
-1.676875E-14	-6.457912E-12	-1.572300E-04	
-1.282306E-12	-7.417696E-12	-5.994954E-05	
-3.117252E-13	-9.003519E-12	-2.691448E-05	
8.027684E-13	-1.517620E-12	-2.644042E-05	
2.337683E-12	6.007834E-13	-5.697877E-05	
-1.586896E-13	6.065243E-12	-1.399221E-04	
-6.471741E-12	9.346076E-12	-2.820537E-04	
-1.321117E-11	2.367936E-11	6.607600E-04	
-5.783437E-12	4.158224E-11	5.223778E-04	
3.370822E-12	3.339901E-11	4.439654E-04	
8.903872E-12	1.879409E-11	5.223777E-04	
1.463767E-11	8.881299E-12	6.607600E-04	
1.021643E-11	-2.443746E-12	-2.820536E-04	
3.621523E-12	-4.523180E-12	-1.399221E-04	
7.353207E-13	-7.300640E-12	-5.697874E-05	
4.204591E-13	-8.891819E-12	-2.644041E-05	
9.092704E-13	-1.486894E-12	-2.623135E-05	
2.350527E-12	4.571599E-13	-5.571810E-05	
1.886521E-12	6.545382E-12	-1.328736E-04	
-3.940797E-12	1.052955E-11	-2.547758E-04	
1.243802E-11	-1.228782E-12	-2.547757E-04	
1.262270E-11	-3.651349E-12	-1.328736E-04	
8.037636E-12	-7.112992E-12	-5.571808E-05	
2.490302E-12	-8.740389E-12	-2.623134E-05	
-9.133301E-13	-1.466412E-12	-2.577245E-05	
-3.544749E-12	7.058451E-13	-5.310947E-05	
-5.455847E-12	6.205253E-12	-1.193064E-04	
-6.703672E-12	1.044254E-11	-2.072138E-04	
-7.720663E-12	1.898243E-11	-2.547757E-04	
-6.755390E-12	2.165332E-11	-2.820536E-04	
-1.493155E-12	2.799682E-11	-3.429076E-04	
1.170078E-11	2.632262E-11	-3.939561E-04	
1.998429E-11	1.404133E-11	-3.429076E-04	
1.907292E-11	9.107868E-12	-2.820536E-04	
1.897321E-11	5.776111E-12	-2.547757E-04	
1.734983E-11	-7.486517E-13	-2.072138E-04	
1.345088E-11	-3.494159E-12	-1.193064E-04	
8.192568E-12	-6.795384E-12	-5.310947E-05	
2.486894E-12	-8.366760E-12	-2.577246E-05	
-8.853679E-13	-1.205737E-12	-2.419398E-05	
-2.571630E-12	1.104249E-12	-4.523885E-05	
-3.293067E-12	5.066345E-12	-8.493346E-05	
-3.039851E-12	8.349968E-12	-1.193064E-04	
-2.844730E-12	1.352443E-11	-1.328736E-04	
-1.845854E-12	1.406815E-11	-1.399221E-04	
1.132901E-12	1.626161E-11	-1.572300E-04	
7.979548E-12	1.530437E-11	-1.754148E-04	
1.335951E-11	9.775106E-12	-1.572300E-04	
1.385615E-11	6.751139E-12	-1.399221E-04	
1.387359E-11	-4.280638E-13	-1.328736E-04	
1.307357E-11	5.786735E-13	-1.193064E-04	
1.064183E-11	-2.521795E-12	-8.493345E-05	
6.714637E-12	-5.626636E-12	-4.523884E-05	
2.181897E-12	-7.122104E-12	-2.419398E-05	
-5.149393E-13	-5.898405E-13	-2.059115E-05	
-1.059485E-12	1.058424E-12	-3.148729E-05	
-7.991894E-13	3.159756E-12	-4.523885E-05	
-3.201773E-13	4.704444E-12	-5.310948E-05	
-1.481697E-13	8.246719E-12	-5.571806E-05	
3.430289E-13	6.150885E-12	-5.697874E-05	
1.757617E-12	7.076795E-12	-5.994954E-05	
4.474460E-12	6.644273E-12	-6.300230E-05	
6.442538E-12	4.751955E-12	-5.994954E-05	
6.535485E-12	3.486820E-12	-5.697874E-05	
6.551597E-12	-2.812476E-12	-5.571807E-05	
6.752748E-12	4.241431E-13	-5.310946E-05	
6.527191E-12	-1.194236E-12	-4.523884E-05	
4.832211E-12	-3.389383E-12	-3.148728E-05	
1.741626E-12	-4.627134E-12	-2.059115E-05	
-1.169940E-13	-1.234555E-13	-1.655498E-05	
5.637885E-14	4.158628E-13	-2.059116E-05	
7.043264E-13	1.005401E-12	-2.419399E-05	
1.280691E-12	1.407119E-12	-2.577246E-05	
1.496124E-12	2.842435E-12	-2.623132E-05	
1.632964E-12	1.202400E-12	-2.644041E-05	
2.049374E-12	1.470194E-12	-2.691448E-05	
3.129464E-12	1.537054E-12	-2.737131E-05	
4.210916E-12	1.384613E-12	-2.691448E-05	
4.610379E-12	1.160263E-12	-2.644041E-05	
4.772734E-12	-1.911191E-12	-2.623133E-05	
4.694991E-12	-2.399293E-13	-2.577245E-05	
4.446725E-12	-3.830982E-13	-2.419398E-05	
3.545990E-12	-1.043011E-12	-2.059115E-05	
1.387652E-12	-1.529248E-12	-1.655498E-05	
-1.592975E-06	-1.592975E-06	-1.591137E-05	
-3.499208E-06	-3.720946E-06	-1.976115E-05	
-3.427742E-06	-5.732745E-06	-2.322823E-05	
-2.727515E-06	-6.633231E-06	-2.474793E-05	
-2.394926E-06	-6.842775E-06	-2.519067E-05	
-2.201248E-06	-6.936096E-06	-2.539237E-05	
-1.629192E-06	-7.235970E-06	-2.584814E-05	
-5.622456E-12	-7.387684E-06	-2.629010E-05	
1.629181E-06	-7.235970E-06	-2.584814E-05	
2.201236E-06	-6.936096E-06	-2.539237E-05	
2.394914E-06	-6.842784E-06	-2.519069E-05	
2.727503E-06	-6.633232E-06	-2.474791E-05	
3.427732E-06	-5.732746E-06	-2.322821E-05	
3.499201E-06	-3.720946E-06	-1.976113E-05	
1.592973E-06	-1.592975E-06	-1.591136E-05	
-3.720945E-06	-3.499210E-06	-1.976115E-05	
-1.131000E-05	-1.131000E-05	-2.955325E-05	
-1.548349E-05	-2.668191E-05	-4.128208E-05	
-1.494691E-05	-3.741513E-05	-4.791428E-05	
-1.403917E-05	-4.142207E-05	-5.009967E-05	
-1.319235E-05	-4.341445E-05	-5.115525E-05	
-1.035817E-05	-4.787603E-05	-5.365170E-05	
-4.412106E-12	-5.306670E-05	-5.619782E-05	
1.035816E-05	-4.787603E-05	-5.365170E-05	
1.319235E-05	-4.341445E-05	-5.115524E-05	
1.403916E-05	-4.142209E-05	-5.009970E-05	
1.494690E-05	-3.741514E-05	-4.791426E-05	
1.548348E-05	-2.668191E-05	-4.128206E-05	
1.131000E-05	-1.131000E-05	-2.955323E-05	
3.720943E-06	-3.499210E-06	-1.976113E-05	
-5.732746E-06	-3.427745E-06	-2.322823E-05	
-2.668190E-05	-1.548350E-05	-4.128208E-05	
-5.689468E-05	-5.689468E-05	-6.993713E-05	
-7.307894E-05	-1.184838E-04	-8.965852E-05	
-7.415859E-05	-1.454393E-04	-9.689840E-05	
-7.192664E-05	-1.602045E-04	-1.005456E-04	
-5.882844E-05	-1.992369E-04	-1.092262E-04	
-2.506156E-12	-2.375227E-04	-1.182838E-04	
5.882843E-05	-1.992369E-04	-1.092262E-04	
7.192663E-05	-1.602045E-04	-1.005456E-04	
7.415858E-05	-1.454393E-04	-9.689841E-05	
7.307893E-05	-1.184838E-04	-8.965849E-05	
5.689467E-05	-5.689468E-05	-6.993710E-05	
2.668190E-05	-1.548349E-05	-4.128206E-05	
5.732743E-06	-3.427745E-06	-2.322821E-05	
-6.633232E-06	-2.727519E-06	-2.474793E-05	
-3.741514E-05	-1.494692E-05	-4.791429E-05	
-1.184838E-04	-7.307895E-05	-8.965852E-05	
-2.238497E-04	-2.238497E-04	-1.103222E-04	
-2.723523E-04	-3.651100E-04	-1.102497E-04	
-2.560971E-04	-4.535245E-04	-1.086056E-04	
-1.795447E-04	-6.111361E-04	-1.092055E-04	
3.114113E-13	-6.984408E-04	-1.189708E-04	
1.795447E-04	-6.111361E-04	-1.092055E-04	
2.560971E-04	-4.535245E-04	-1.086056E-04	
2.723523E-04	-3.651101E-04	-1.102497E-04	
2.238497E-04	-2.238497E-04	-1.103221E-04	
1.184838E-04	-7.307894E-05	-8.965849E-05	
3.741512E-05	-1.494691E-05	-4.791426E-05	
6.633228E-06	-2.727518E-06	-2.474792E-05	
-6.842781E-06	-2.394929E-06	-2.519068E-05	
-4.142209E-05	-1.403917E-05	-5.009967E-05	
-1.454393E-04	-7.415860E-05	-9.689839E-05	
-3.651101E-04	-2.723524E-04	-1.102497E-04	
-5.106659E-04	-5.106659E-04	2.701971E-05	
-4.509713E-04	-6.652412E-04	1.586259E-04	
-2.691655E-04	-9.164979E-04	1.772572E-04	
2.249038E-11	-1.024240E-03	1.699507E-04	
2.691656E-04	-9.164978E-04	1.772572E-04	
4.509713E-04	-6.652412E-04	1.586259E-04	
5.106659E-04	-5.106659E-04	2.701984E-05	
3.651100E-04	-2.723523E-04	-1.102497E-04	
1.454393E-04	-7.415859E-05	-9.689836E-05	
4.142207E-05	-1.403917E-05	-5.009965E-05	
6.842776E-06	-2.394928E-06	-2.519066E-05	
-6.936098E-06	-2.201251E-06	-2.539237E-05	
-4.341446E-05	-1.319236E-05	-5.115525E-05	
-1.602046E-04	-7.192665E-05	-1.005456E-04	
-4.535246E-04	-2.560971E-04	-1.086056E-04	
-6.652412E-04	-4.509713E-04	1.586259E-04	
-6.101367E-04	-6.101367E-04	4.177640E-04	
-3.467951E-04	-9.984834E-04	4.609176E-04	
-8.841729E-12	-1.063845E-03	4.530163E-04	
3.467951E-04	-9.984834E-04	4.609176E-04	
6.101367E-04	-6.101367E-04	4.177640E-04	
6.652412E-04	-4.509713E-04	1.586260E-04	
4.535245E-04	-2.560971E-04	-1.086055E-04	
1.602045E-04	-7.192664E-05	-1.005456E-04	
4.341445E-05	-1.319236E-05	-5.115523E-05	
6.936095E-06	-2.201250E-06	-2.539237E-05	
-7.235972E-06	-1.629195E-06	-2.584814E-05	
-4.787603E-05	-1.035817E-05	-5.365170E-05	
-1.992369E-04	-5.882845E-05	-1.092262E-04	
-6.111361E-04	-1.795447E-04	-1.092055E-04	
-9.164979E-04	-2.691656E-04	1.772572E-04	
-9.984834E-04	-3.467951E-04	4.609176E-04	
-5.681452E-04	-5.681451E-04	1.500728E-03	
-5.581666E-11	-5.853755E-04	1.193663E-03	
5.681451E-04	-5.681452E-04	1.500728E-03	
9.984833E-04	-3.467951E-04	4.609176E-04	
9.164978E-04	-2.691656E-04	1.772573E-04	
6.111361E-04	-1.795447E-04	-1.092055E-04	
1.992368E-04	-5.882844E-05	-1.092261E-04	
4.787602E-05	-1.035817E-05	-5.365169E-05	
7.235969E-06	-1.629195E-06	-2.584813E-05	
-7.387686E-06	-6.391684E-12	-2.629011E-05	
-5.306671E-05	-5.429215E-12	-5.619782E-05	
-2.375227E-04	-4.340426E-12	-1.182838E-04	
-6.984409E-04	-4.656100E-12	-1.189708E-04	
-1.024240E-03	3.061189E-11	1.699507E-04	
-1.063845E-03	3.278955E-12	4.530163E-04	
-5.853755E-04	7.637695E-12	1.193663E-03	
-1.019935E-11	-3.046453E-12	8.620642E-04	
5.853754E-04	-4.869187E-11	1.193663E-03	
1.063845E-03	1.620212E-11	4.530163E-04	
1.024240E-03	-5.377519E-11	1.699507E-04	
6.984408E-04	5.043850E-13	-1.189708E-04	
2.375227E-04	-5.957746E-12	-1.182838E-04	
5.306669E-05	-7.012427E-12	-5.619780E-05	
7.387683E-06	-8.399187E-12	-2.629009E-05	
-7.235971E-06	1.629182E-06	-2.584815E-05	
-4.787603E-05	1.035816E-05	-5.365171E-05	
-1.992369E-04	5.882844E-05	-1.092262E-04	
-6.111361E-04	1.795447E-04	-1.092055E-04	
-9.164979E-04	2.691656E-04	1.772572E-04	
-9.984834E-04	3.467951E-04	4.609176E-04	
-5.681452E-04	5.681451E-04	1.500728E-03	
1.456683E-11	5.853754E-04	1.193663E-03	
5.681451E-04	5.681451E-04	1.500728E-03	
9.984833E-04	3.467951E-04	4.609176E-04	
9.164978E-04	2.691655E-04	1.772571E-04	
6.111361E-04	1.795447E-04	-1.092055E-04	
1.992368E-04	5.882843E-05	-1.092261E-04	
4.787602E-05	1.035815E-05	-5.365169E-05	
7.235969E-06	1.629178E-06	-2.584813E-05	
-6.936096E-06	2.201237E-06	-2.539238E-05	
-4.341445E-05	1.319235E-05	-5.115525E-05	
-1.602045E-04	7.192665E-05	-1.005456E-04	
-4.535246E-04	2.560971E-04	-1.086056E-04	
-6.652412E-04	4.509713E-04	1.586258E-04	
-6.101367E-04	6.101367E-04	4.177640E-04	
-3.467951E-04	9.984833E-04	4.609176E-04	
-3.789044E-11	1.063845E-03	4.530163E-04	
3.467950E-04	9.984834E-04	4.609176E-04	
6.101366E-04	6.101367E-04	4.177640E-04	
6.652411E-04	4.509713E-04	1.586258E-04	
4.535245E-04	2.560971E-04	-1.086055E-04	
1.602045E-04	7.192663E-05	-1.005455E-04	
4.341445E-05	1.319234E-05	-5.115523E-05	
6.936097E-06	2.201234E-06	-2.539236E-05	
-6.842779E-06	2.394915E-06	-2.519070E-05	
-4.142208E-05	1.403916E-05	-5.009971E-05	
-1.454393E-04	7.415860E-05	-9.689843E-05	
-3.651101E-04	2.723523E-04	-1.102497E-04	
-5.106659E-04	5.106659E-04	2.701968E-05	
-4.509713E-04	6.652412E-04	1.586258E-04	
-2.691656E-04	9.164978E-04	1.772572E-04	
-7.582537E-11	1.024240E-03	1.699507E-04	
2.691655E-04	9.164978E-04	1.772572E-04	
4.509712E-04	6.652412E-04	1.586258E-04	
5.106658E-04	5.106659E-04	2.701967E-05	
3.651100E-04	2.723523E-04	-1.102497E-04	
1.454393E-04	7.415858E-05	-9.689840E-05	
4.142208E-05	1.403915E-05	-5.009969E-05	
6.842780E-06	2.394912E-06	-2.519068E-05	
-6.633233E-06	2.727505E-06	-2.474791E-05	
-3.741514E-05	1.494691E-05	-4.791426E-05	
-1.184838E-04	7.307895E-05	-8.965848E-05	
-2.238497E-04	2.238497E-04	-1.103221E-04	
-2.723524E-04	3.651101E-04	-1.102497E-04	
-2.560971E-04	4.535245E-04	-1.086055E-04	
-1.795447E-04	6.111361E-04	-1.092054E-04	
2.900986E-12	6.984408E-04	-1.189708E-04	
1.795447E-04	6.111361E-04	-1.092055E-04	
2.560971E-04	4.535245E-04	-1.086055E-04	
2.723523E-04	3.651100E-04	-1.102497E-04	
2.238497E-04	2.238497E-04	-1.103221E-04	
1.184838E-04	7.307893E-05	-8.965847E-05	
3.741514E-05	1.494690E-05	-4.791426E-05	
6.633233E-06	2.727502E-06	-2.474791E-05	
-5.732747E-06	3.427734E-06	-2.322821E-05	
-2.668191E-05	1.548349E-05	-4.128206E-05	
-5.689469E-05	5.689468E-05	-6.993710E-05	
-7.307895E-05	1.184838E-04	-8.965849E-05	
-7.415860E-05	1.454393E-04	-9.689837E-05	
-7.192664E-05	1.602045E-04	-1.005455E-04	
-5.882844E-05	1.992369E-04	-1.092261E-04	
1.386493E-12	2.375227E-04	-1.182838E-04	
5.882844E-05	1.992369E-04	-1.092261E-04	
7.192665E-05	1.602045E-04	-1.005455E-04	
7.415860E-05	1.454393E-04	-9.689838E-05	
7.307895E-05	1.184838E-04	-8.965847E-05	
5.689468E-05	5.689467E-05	-6.993709E-05	
2.668191E-05	1.548348E-05	-4.128205E-05	
5.732747E-06	3.427731E-06	-2.322821E-05	
-3.720946E-06	3.499204E-06	-1.976113E-05	
-1.131000E-05	1.131000E-05	-2.955323E-05	
-1.548349E-05	2.668191E-05	-4.128206E-05	
-1.494691E-05	3.741514E-05	-4.791427E-05	
-1.403917E-05	4.142209E-05	-5.009966E-05	
-1.319235E-05	4.341445E-05	-5.115523E-05	
-1.035816E-05	4.787603E-05	-5.365168E-05	
3.109753E-13	5.306670E-05	-5.619780E-05	
1.035816E-05	4.787603E-05	-5.365169E-05	
1.319235E-05	4.341445E-05	-5.115523E-05	
1.403917E-05	4.142206E-05	-5.009968E-05	
1.494691E-05	3.741513E-05	-4.791425E-05	
1.548349E-05	2.668190E-05	-4.128205E-05	
1.131000E-05	1.131000E-05	-2.955323E-05	
3.720946E-06	3.499201E-06	-1.976113E-05	
-1.592975E-06	1.592974E-06	-1.591136E-05	
-3.499207E-06	3.720945E-06	-1.976114E-05	
-3.427740E-06	5.732746E-06	-2.322822E-05	
-2.727512E-06	6.633233E-06	-2.474792E-05	
-2.394922E-06	6.842784E-06	-2.519067E-05	
-2.201244E-06	6.936096E-06	-2.539236E-05	
-1.629188E-06	7.235970E-06	-2.584813E-05	
6.759359E-13	7.387685E-06	-2.629009E-05	
1.629189E-06	7.235970E-06	-2.584813E-05	
2.201245E-06	6.936096E-06	-2.539236E-05	
2.394923E-06	6.842770E-06	-2.519068E-05	
2.727512E-06	6.633230E-06	-2.474791E-05	
3.427741E-06	5.732744E-06	-2.322821E-05	
3.499208E-06	3.720944E-06	-1.976113E-05	
1.592975E-06	1.592973E-06	-1.591135E-05	
-2.278167E-06	-2.278168E-06	-1.342680E-05	
-5.036283E-06	-5.198849E-06	-1.659061E-05	
-4.969873E-06	-8.113840E-06	-1.953050E-05	
-3.976094E-06	-9.260161E-06	-2.087675E-05	
-3.503747E-06	-9.569588E-06	-2.128054E-05	
-3.217888E-06	-9.703982E-06	-2.146726E-05	
-2.387655E-06	-9.964624E-06	-2.189428E-05	
-7.671885E-12	-1.015808E-05	-2.231684E-05	
2.387640E-06	-9.964624E-06	-2.189428E-05	
3.217873E-06	-9.703982E-06	-2.146726E-05	
3.503732E-06	-9.569592E-06	-2.128055E-05	
3.976080E-06	-9.260161E-06	-2.087673E-05	
4.969862E-06	-8.113840E-06	-1.953049E-05	
5.036276E-06	-5.198848E-06	-1.659060E-05	
2.278165E-06	-2.278167E-06	-1.342679E-05	
-5.198848E-06	-5.036285E-06	-1.659061E-05	
-1.506232E-05	-1.506232E-05	-2.295457E-05	
-1.997564E-05	-3.311967E-05	-2.863059E-05	
-1.905839E-05	-4.633497E-05	-3.114364E-05	
-1.780820E-05	-5.109435E-05	-3.187348E-05	
-1.674670E-05	-5.347662E-05	-3.220643E-05	
-1.310980E-05	-5.934488E-05	-3.296532E-05	
-6.625595E-12	-6.566906E-05	-3.368363E-05	
1.310979E-05	-5.934488E-05	-3.296531E-05	
1.674669E-05	-5.347662E-05	-3.220643E-05	
1.780819E-05	-5.109436E-05	-3.187349E-05	
1.905838E-05	-4.633496E-05	-3.114362E-05	
1.997563E-05	-3.311966E-05	-2.863058E-05	
1.506231E-05	-1.506232E-05	-2.295456E-05	
5.198845E-06	-5.036284E-06	-1.659060E-05	
-8.113840E-06	-4.969877E-06	-1.953050E-05	
-3.311966E-05	-1.997564E-05	-2.863059E-05	
-6.190725E-05	-6.190726E-05	-3.114956E-05	
-7.417215E-05	-1.089421E-04	-2.447953E-05	
-7.437290E-05	-1.299149E-04	-2.079919E-05	
-7.139898E-05	-1.412500E-04	-1.868591E-05	
-5.775203E-05	-1.684839E-04	-1.318206E-05	
-5.976151E-12	-1.962247E-04	-7.223678E-06	
5.775202E-05	-1.684839E-04	-1.318205E-05	
7.139897E-05	-1.412500E-04	-1.868590E-05	
7.437289E-05	-1.299149E-04	-2.079920E-05	
7.417213E-05	-1.089421E-04	-2.447951E-05	
6.190724E-05	-6.190725E-05	-3.114954E-05	
3.311966E-05	-1.997564E-05	-2.863058E-05	
8.113837E-06	-4.969874E-06	-1.953049E-05	
-9.260162E-06	-3.976098E-06	-2.087675E-05	
-4.633497E-05	-1.905840E-05	-3.114364E-05	
-1.089421E-04	-7.417216E-05	-2.447953E-05	
-1.521121E-04	-1.521121E-04	2.007960E-05	
-1.603807E-04	-1.879614E-04	5.228041E-05	
-1.554918E-04	-2.080448E-04	7.190320E-05	
-1.244373E-04	-2.590185E-04	1.135699E-04	
-6.424877E-12	-3.078959E-04	1.435096E-04	
1.244373E-04	-2.590185E-04	1.135699E-04	
1.554918E-04	-2.080447E-04	7.190320E-05	
1.603806E-04	-1.879614E-04	5.228043E-05	
1.521121E-04	-1.521121E-04	2.007962E-05	
1.089421E-04	-7.417214E-05	-2.447951E-05	
4.633495E-05	-1.905839E-05	-3.114362E-05	
9.260157E-06	-3.976095E-06	-2.087674E-05	
-9.569591E-06	-3.503751E-06	-2.128054E-05	
-5.109436E-05	-1.780821E-05	-3.187348E-05	
-1.299149E-04	-7.437291E-05	-2.079919E-05	
-1.879614E-04	-1.603807E-04	5.228043E-05	
-1.989930E-04	-1.989930E-04	1.016877E-04	
-1.958619E-04	-2.208636E-04	1.250186E-04	
-1.573516E-04	-2.796025E-04	2.055471E-04	
-1.164927E-11	-3.341401E-04	2.509363E-04	
1.573516E-04	-2.796025E-04	2.055471E-04	
1.958619E-04	-2.208636E-04	1.250186E-04	
1.989930E-04	-1.989930E-04	1.016877E-04	
1.879613E-04	-1.603806E-04	5.228046E-05	
1.299148E-04	-7.437290E-05	-2.079916E-05	
5.109434E-05	-1.780820E-05	-3.187346E-05	
9.569586E-06	-3.503748E-06	-2.128052E-05	
-9.703984E-06	-3.217892E-06	-2.146726E-05	
-5.347663E-05	-1.674671E-05	-3.220643E-05	
-1.412500E-04	-7.139899E-05	-1.868591E-05	
-2.080448E-04	-1.554918E-04	7.190320E-05	
-2.208636E-04	-1.958619E-04	1.250186E-04	
-2.170605E-04	-2.170605E-04	1.465135E-04	
-1.746513E-04	-2.656265E-04	2.667077E-04	
-1.044438E-11	-3.205784E-04	3.182016E-04	
1.746512E-04	-2.656265E-04	2.667077E-04	
2.170605E-04	-2.170605E-04	1.465135E-04	
2.208636E-04	-1.958619E-04	1.250186E-04	
2.080447E-04	-1.554918E-04	7.190323E-05	
1.412500E-04	-7.139898E-05	-1.868589E-05	
5.347661E-05	-1.674670E-05	-3.220642E-05	
9.703980E-06	-3.217889E-06	-2.146725E-05	
-9.964626E-06	-2.387658E-06	-2.189428E-05	
-5.934488E-05	-1.310981E-05	-3.296532E-05	
-1.684839E-04	-5.775204E-05	-1.318206E-05	
-2.590186E-04	-1.244373E-04	1.135699E-04	
-2.796026E-04	-1.573516E-04	2.055471E-04	
-2.656265E-04	-1.746513E-04	2.667077E-04	
-2.121166E-04	-2.121166E-04	3.398743E-04	
-3.581946E-11	-2.537469E-04	4.423296E-04	
2.121166E-04	-2.121166E-04	3.398743E-04	
2.656264E-04	-1.746512E-04	2.667077E-04	
2.796025E-04	-1.573516E-04	2.055471E-04	
2.590185E-04	-1.244373E-04	1.135699E-04	
1.684839E-04	-5.775203E-05	-1.318204E-05	
5.934487E-05	-1.310980E-05	-3.296530E-05	
9.964622E-06	-2.387655E-06	-2.189427E-05	
-1.015808E-05	-9.595495E-12	-2.231684E-05	
-6.566907E-05	-9.766470E-12	-3.368364E-05	
-1.962248E-04	-9.682496E-12	-7.223683E-06	
-3.078960E-04	-1.116144E-11	1.435096E-04	
-3.341401E-04	-4.602061E-12	2.509363E-04	
-3.205784E-04	-9.813439E-12	3.182016E-04	
-2.537470E-04	-7.572603E-12	4.423296E-04	
-3.381979E-11	-4.621138E-12	5.428289E-04	
2.537469E-04	-2.032675E-12	4.423296E-04	
3.205784E-04	5.955229E-12	3.182016E-04	
3.341401E-04	-1.530901E-11	2.509363E-04	
3.078959E-04	-7.207561E-12	1.435096E-04	
1.962247E-04	-6.797060E-12	-7.223658E-06	
6.566905E-05	-6.898835E-12	-3.368362E-05	
1.015808E-05	-8.165081E-12	-2.231683E-05	
-9.964626E-06	2.387639E-06	-2.189429E-05	
-5.934488E-05	1.310979E-05	-3.296532E-05	
-1.684839E-04	5.775203E-05	-1.318206E-05	
-2.590186E-04	1.244373E-04	1.135699E-04	
-2.796026E-04	1.573516E-04	2.055471E-04	
-2.656265E-04	1.746512E-04	2.667077E-04	
-2.121166E-04	2.121166E-04	3.398743E-04	
-3.243575E-11	2.537469E-04	4.423296E-04	
2.121166E-04	2.121166E-04	3.398743E-04	
2.656265E-04	1.746512E-04	2.667077E-04	
2.796025E-04	1.573516E-04	2.055471E-04	
2.590185E-04	1.244373E-04	1.135699E-04	
1.684839E-04	5.775202E-05	-1.318203E-05	
5.934487E-05	1.310979E-05	-3.296530E-05	
9.964621E-06	2.387639E-06	-2.189427E-05	
-9.703984E-06	3.217873E-06	-2.146726E-05	
-5.347663E-05	1.674669E-05	-3.220643E-05	
-1.412500E-04	7.139898E-05	-1.868592E-05	
-2.080448E-04	1.554918E-04	7.190319E-05	
-2.208636E-04	1.958619E-04	1.250186E-04	
-2.170605E-04	2.170605E-04	1.465135E-04	
-1.746513E-04	2.656265E-04	2.667077E-04	
-3.310387E-11	3.205784E-04	3.182016E-04	
1.746512E-04	2.656265E-04	2.667077E-04	
2.170605E-04	2.170605E-04	1.465135E-04	
2.208636E-04	1.958619E-04	1.250186E-04	
2.080447E-04	1.554918E-04	7.190322E-05	
1.412500E-04	7.139896E-05	-1.868589E-05	
5.347662E-05	1.674669E-05	-3.220641E-05	
9.703980E-06	3.217872E-06	-2.146725E-05	
-9.569590E-06	3.503733E-06	-2.128055E-05	
-5.109436E-05	1.780819E-05	-3.187351E-05	
-1.299149E-04	7.437290E-05	-2.079922E-05	
-1.879614E-04	1.603807E-04	5.228039E-05	
-1.989930E-04	1.989930E-04	1.016877E-04	
-1.958619E-04	2.208636E-04	1.250186E-04	
-1.573516E-04	2.796025E-04	2.055470E-04	
-1.076249E-11	3.341401E-04	2.509363E-04	
1.573516E-04	2.796025E-04	2.055470E-04	
1.958619E-04	2.208636E-04	1.250186E-04	
1.989930E-04	1.989930E-04	1.016877E-04	
1.879613E-04	1.603806E-04	5.228042E-05	
1.299148E-04	7.437288E-05	-2.079919E-05	
5.109435E-05	1.780819E-05	-3.187348E-05	
9.569589E-06	3.503732E-06	-2.128054E-05	
-9.260162E-06	3.976080E-06	-2.087673E-05	
-4.633497E-05	1.905838E-05	-3.114361E-05	
-1.089421E-04	7.417214E-05	-2.447950E-05	
-1.521121E-04	1.521121E-04	2.007963E-05	
-1.603807E-04	1.879614E-04	5.228046E-05	
-1.554918E-04	2.080447E-04	7.190323E-05	
-1.244373E-04	2.590185E-04	1.135699E-04	
-3.849923E-12	3.078959E-04	1.435097E-04	
1.244373E-04	2.590185E-04	1.135699E-04	
1.554918E-04	2.080447E-04	7.190323E-05	
1.603806E-04	1.879613E-04	5.228043E-05	
1.521121E-04	1.521121E-04	2.007964E-05	
1.089421E-04	7.417213E-05	-2.447950E-05	
4.633496E-05	1.905838E-05	-3.114362E-05	
9.260162E-06	3.976080E-06	-2.087673E-05	
-8.113841E-06	4.969863E-06	-1.953048E-05	
-3.311967E-05	1.997563E-05	-2.863057E-05	
-6.190726E-05	6.190725E-05	-3.114953E-05	
-7.417215E-05	1.089421E-04	-2.447951E-05	
-7.437291E-05	1.299149E-04	-2.079917E-05	
-7.139899E-05	1.412500E-04	-1.868588E-05	
-5.775204E-05	1.684839E-04	-1.318203E-05	
-3.855822E-12	1.962247E-04	-7.223652E-06	
5.775203E-05	1.684839E-04	-1.318203E-05	
7.139898E-05	1.412500E-04	-1.868589E-05	
7.437290E-05	1.299148E-04	-2.079917E-05	
7.417214E-05	1.089421E-04	-2.447949E-05	
6.190725E-05	6.190724E-05	-3.114953E-05	
3.311966E-05	1.997563E-05	-2.863057E-05	
8.113841E-06	4.969862E-06	-1.953049E-05	
-5.198849E-06	5.036277E-06	-1.659060E-05	
-1.506232E-05	1.506231E-05	-2.295456E-05	
-1.997564E-05	3.311966E-05	-2.863058E-05	
-1.905839E-05	4.633496E-05	-3.114362E-05	
-1.780820E-05	5.109435E-05	-3.187347E-05	
-1.674670E-05	5.347662E-05	-3.220641E-05	
-1.310980E-05	5.934487E-05	-3.296530E-05	
-2.805438E-12	6.566906E-05	-3.368362E-05	
1.310980E-05	5.934487E-05	-3.296530E-05	
1.674670E-05	5.347662E-05	-3.220641E-05	
1.780820E-05	5.109434E-05	-3.187348E-05	
1.905839E-05	4.633496E-05	-3.114361E-05	
1.997563E-05	3.311966E-05	-2.863057E-05	
1.506232E-05	1.506231E-05	-2.295455E-05	
5.198848E-06	5.036276E-06	-1.659060E-05	
-2.278167E-06	2.278165E-06	-1.342679E-05	
-5.036282E-06	5.198847E-06	-1.659060E-05	
-4.969871E-06	8.113840E-06	-1.953049E-05	
-3.976090E-06	9.260161E-06	-2.087674E-05	
-3.503743E-06	9.569591E-06	-2.128053E-05	
-3.217883E-06	9.703981E-06	-2.146725E-05	
-2.387650E-06	9.964623E-06	-2.189427E-05	
-1.153089E-12	1.015808E-05	-2.231683E-05	
2.387648E-06	9.964623E-06	-2.189427E-05	
3.217882E-06	9.703981E-06	-2.146725E-05	
3.503741E-06	9.569585E-06	-2.128054E-05	
3.976088E-06	9.260159E-06	-2.087673E-05	
4.969870E-06	8.113838E-06	-1.953048E-05	
5.036281E-06	5.198846E-06	-1.659059E-05	
2.278167E-06	2.278165E-06	-1.342679E-05	
-3.186109E-06	-3.186110E-06	-5.792926E-06	
-7.126412E-06	-6.904233E-06	-7.125043E-06	
-7.191185E-06	-1.094551E-05	-8.399269E-06	
-5.882258E-06	-1.298312E-05	-9.015057E-06	
-5.227534E-06	-1.361265E-05	-9.205527E-06	
-4.820340E-06	-1.390717E-05	-9.295097E-06	
-3.613074E-06	-1.458841E-05	-9.503384E-06	
-9.210843E-12	-1.526697E-05	-9.712399E-06	
3.613055E-06	-1.458841E-05	-9.503385E-06	
4.820321E-06	-1.390717E-05	-9.295097E-06	
5.227514E-06	-1.361265E-05	-9.205533E-06	
5.882240E-06	-1.298312E-05	-9.015050E-06	
7.191171E-06	-1.094551E-05	-8.399263E-06	
7.126403E-06	-6.904232E-06	-7.125039E-06	
3.186106E-06	-3.186109E-06	-5.792923E-06	
-6.904232E-06	-7.126415E-06	-7.125044E-06	
-1.787290E-05	-1.787290E-05	-9.144974E-06	
-2.124127E-05	-3.214353E-05	-9.967950E-06	
-1.904953E-05	-4.064600E-05	-9.784101E-06	
-1.745723E-05	-4.351631E-05	-9.632842E-06	
-1.628308E-05	-4.491517E-05	-9.540563E-06	
-1.250845E-05	-4.822152E-05	-9.288393E-06	
-8.366350E-12	-5.160416E-05	-8.986975E-06	
1.250843E-05	-4.822151E-05	-9.288393E-06	
1.628306E-05	-4.491517E-05	-9.540562E-06	
1.745721E-05	-4.351631E-05	-9.632843E-06	
1.904951E-05	-4.064599E-05	-9.784093E-06	
2.124126E-05	-3.214352E-05	-9.967943E-06	
1.787289E-05	-1.787289E-05	-9.144969E-06	
6.904229E-06	-7.126411E-06	-7.125039E-06	
-1.094551E-05	-7.191189E-06	-8.399269E-06	
-3.214353E-05	-2.124128E-05	-9.967950E-06	
-4.321363E-05	-4.321363E-05	-3.679172E-06	
-4.162243E-05	-5.768743E-05	5.525770E-06	
-3.903306E-05	-6.273604E-05	9.662413E-06	
-3.672672E-05	-6.523078E-05	1.189861E-05	
-2.873964E-05	-7.124259E-05	1.742910E-05	
-9.108930E-12	-7.754760E-05	2.335273E-05	
2.873962E-05	-7.124259E-05	1.742910E-05	
3.672671E-05	-6.523078E-05	1.189862E-05	
3.903305E-05	-6.273605E-05	9.662417E-06	
4.162241E-05	-5.768742E-05	5.525779E-06	
4.321361E-05	-4.321362E-05	-3.679164E-06	
3.214352E-05	-2.124127E-05	-9.967943E-06	
1.094551E-05	-7.191184E-06	-8.399263E-06	
-1.298312E-05	-5.882262E-06	-9.015057E-06	
-4.064600E-05	-1.904953E-05	-9.784101E-06	
-5.768743E-05	-4.162244E-05	5.525771E-06	
-5.707190E-05	-5.707191E-05	2.679482E-05	
-5.385974E-05	-6.255455E-05	3.514226E-05	
-5.083484E-05	-6.525167E-05	3.948197E-05	
-4.019688E-05	-7.166218E-05	5.132159E-05	
-1.091414E-11	-7.864770E-05	6.550236E-05	
4.019686E-05	-7.166218E-05	5.132159E-05	
5.083482E-05	-6.525167E-05	3.948197E-05	
5.385972E-05	-6.255454E-05	3.514227E-05	
5.707188E-05	-5.707189E-05	2.679483E-05	
5.768741E-05	-4.162243E-05	5.525779E-06	
4.064598E-05	-1.904952E-05	-9.784094E-06	
1.298312E-05	-5.882256E-06	-9.015051E-06	
-1.361265E-05	-5.227538E-06	-9.205527E-06	
-4.351631E-05	-1.745723E-05	-9.632839E-06	
-6.273605E-05	-3.903307E-05	9.662418E-06	
-6.255454E-05	-5.385975E-05	3.514227E-05	
-5.919509E-05	-5.919509E-05	4.486259E-05	
-5.577430E-05	-6.180693E-05	5.112111E-05	
-4.419539E-05	-6.782912E-05	6.269850E-05	
-1.835733E-11	-7.457798E-05	8.037554E-05	
4.419535E-05	-6.782911E-05	6.269850E-05	
5.577427E-05	-6.180692E-05	5.112111E-05	
5.919506E-05	-5.919508E-05	4.486259E-05	
6.255452E-05	-5.385973E-05	3.514227E-05	
6.273602E-05	-3.903306E-05	9.662426E-06	
4.351629E-05	-1.745722E-05	-9.632832E-06	
1.361264E-05	-5.227531E-06	-9.205520E-06	
-1.390717E-05	-4.820344E-06	-9.295098E-06	
-4.491518E-05	-1.628308E-05	-9.540563E-06	
-6.523079E-05	-3.672673E-05	1.189861E-05	
-6.525168E-05	-5.083485E-05	3.948197E-05	
-6.180694E-05	-5.577430E-05	5.112110E-05	
-5.827111E-05	-5.827110E-05	5.912950E-05	
-4.622082E-05	-6.449339E-05	6.697893E-05	
-2.237204E-11	-7.083863E-05	8.716795E-05	
4.622078E-05	-6.449339E-05	6.697893E-05	
5.827107E-05	-5.827110E-05	5.912950E-05	
6.180690E-05	-5.577430E-05	5.112109E-05	
6.525164E-05	-5.083483E-05	3.948197E-05	
6.523076E-05	-3.672672E-05	1.189862E-05	
4.491516E-05	-1.628307E-05	-9.540559E-06	
1.390716E-05	-4.820337E-06	-9.295095E-06	
-1.458841E-05	-3.613078E-06	-9.503385E-06	
-4.822152E-05	-1.250845E-05	-9.288394E-06	
-7.124260E-05	-2.873965E-05	1.742909E-05	
-7.166220E-05	-4.019689E-05	5.132158E-05	
-6.782913E-05	-4.419538E-05	6.269848E-05	
-6.449341E-05	-4.622081E-05	6.697893E-05	
-5.138787E-05	-5.138785E-05	9.041483E-05	
-2.843655E-11	-5.668337E-05	1.102190E-04	
5.138782E-05	-5.138785E-05	9.041483E-05	
6.449336E-05	-4.622081E-05	6.697893E-05	
6.782908E-05	-4.419538E-05	6.269849E-05	
7.166215E-05	-4.019688E-05	5.132159E-05	
7.124257E-05	-2.873964E-05	1.742910E-05	
4.822150E-05	-1.250844E-05	-9.288388E-06	
1.458840E-05	-3.613072E-06	-9.503381E-06	
-1.526697E-05	-1.235476E-11	-9.712400E-06	
-5.160417E-05	-1.358330E-11	-8.986977E-06	
-7.754762E-05	-1.456862E-11	2.335272E-05	
-7.864771E-05	-1.467296E-11	6.550236E-05	
-7.457800E-05	-8.911418E-12	8.037553E-05	
-7.083865E-05	-1.247798E-11	8.716795E-05	
-5.668339E-05	-1.042262E-11	1.102190E-04	
-2.440708E-11	-9.122914E-12	1.379125E-04	
5.668334E-05	-8.273861E-12	1.102190E-04	
7.083860E-05	-6.465098E-12	8.716795E-05	
7.457795E-05	-1.272266E-11	8.037552E-05	
7.864767E-05	-7.053460E-12	6.550236E-05	
7.754758E-05	-5.669357E-12	2.335273E-05	
5.160415E-05	-5.631291E-12	-8.986970E-06	
1.526696E-05	-7.300492E-12	-9.712395E-06	
-1.458841E-05	3.613053E-06	-9.503387E-06	
-4.822152E-05	1.250843E-05	-9.288396E-06	
-7.124260E-05	2.873962E-05	1.742909E-05	
-7.166219E-05	4.019686E-05	5.132158E-05	
-6.782913E-05	4.419536E-05	6.269847E-05	
-6.449340E-05	4.622078E-05	6.697893E-05	
-5.138787E-05	5.138783E-05	9.041482E-05	
-2.163674E-11	5.668335E-05	1.102190E-04	
5.138783E-05	5.138784E-05	9.041483E-05	
6.449337E-05	4.622079E-05	6.697893E-05	
6.782909E-05	4.419536E-05	6.269849E-05	
7.166216E-05	4.019686E-05	5.132159E-05	
7.124257E-05	2.873963E-05	1.742910E-05	
4.822150E-05	1.250843E-05	-9.288387E-06	
1.458840E-05	3.613057E-06	-9.503381E-06	
-1.390717E-05	4.820318E-06	-9.295099E-06	
-4.491518E-05	1.628306E-05	-9.540566E-06	
-6.523079E-05	3.672670E-05	1.189861E-05	
-6.525168E-05	5.083482E-05	3.948196E-05	
-6.180694E-05	5.577428E-05	5.112109E-05	
-5.827111E-05	5.827107E-05	5.912950E-05	
-4.622082E-05	6.449337E-05	6.697893E-05	
-1.852541E-11	7.083861E-05	8.716795E-05	
4.622079E-05	6.449337E-05	6.697893E-05	
5.827108E-05	5.827108E-05	5.912950E-05	
6.180691E-05	5.577428E-05	5.112110E-05	
6.525165E-05	5.083482E-05	3.948198E-05	
6.523076E-05	3.672671E-05	1.189862E-05	
4.491516E-05	1.628306E-05	-9.540556E-06	
1.390716E-05	4.820323E-06	-9.295093E-06	
-1.361265E-05	5.227512E-06	-9.205535E-06	
-4.351631E-05	1.745720E-05	-9.632851E-06	
-6.273605E-05	3.903304E-05	9.662403E-06	
-6.255455E-05	5.385972E-05	3.514225E-05	
-5.919509E-05	5.919506E-05	4.486257E-05	
-5.577430E-05	6.180690E-05	5.112108E-05	
-4.419538E-05	6.782909E-05	6.269846E-05	
-7.986475E-12	7.457795E-05	8.037551E-05	
4.419536E-05	6.782910E-05	6.269847E-05	
5.577428E-05	6.180691E-05	5.112108E-05	
5.919506E-05	5.919506E-05	4.486258E-05	
6.255453E-05	5.385972E-05	3.514226E-05	
6.273603E-05	3.903305E-05	9.662415E-06	
4.351630E-05	1.745721E-05	-9.632842E-06	
1.361265E-05	5.227516E-06	-9.205529E-06	
-1.298312E-05	5.882238E-06	-9.015048E-06	
-4.064600E-05	1.904951E-05	-9.784090E-06	
-5.768743E-05	4.162241E-05	5.525784E-06	
-5.707190E-05	5.707188E-05	2.679483E-05	
-5.385974E-05	6.255452E-05	3.514228E-05	
-5.083484E-05	6.525164E-05	3.948198E-05	
-4.019688E-05	7.166216E-05	5.132160E-05	
-1.087753E-11	7.864768E-05	6.550237E-05	
4.019686E-05	7.166216E-05	5.132159E-05	
5.083482E-05	6.525165E-05	3.948197E-05	
5.385972E-05	6.255452E-05	3.514226E-05	
5.707188E-05	5.707189E-05	2.679483E-05	
5.768741E-05	4.162242E-05	5.525782E-06	
4.064599E-05	1.904951E-05	-9.784092E-06	
1.298312E-05	5.882242E-06	-9.015050E-06	
-1.094551E-05	7.191170E-06	-8.399262E-06	
-3.214353E-05	2.124126E-05	-9.967942E-06	
-4.321363E-05	4.321361E-05	-3.679162E-06	
-4.162243E-05	5.768741E-05	5.525781E-06	
-3.903307E-05	6.273603E-05	9.662423E-06	
-3.672673E-05	6.523076E-05	1.189863E-05	
-2.873965E-05	7.124257E-05	1.742911E-05	
-9.832317E-12	7.754759E-05	2.335274E-05	
2.873963E-05	7.124257E-05	1.742910E-05	
3.672671E-05	6.523077E-05	1.189862E-05	
3.903305E-05	6.273603E-05	9.662424E-06	
4.162242E-05	5.768741E-05	5.525785E-06	
4.321362E-05	4.321361E-05	-3.679160E-06	
3.214352E-05	2.124126E-05	-9.967942E-06	
1.094551E-05	7.191172E-06	-8.399263E-06	
-6.904232E-06	7.126403E-06	-7.125039E-06	
-1.787290E-05	1.787289E-05	-9.144969E-06	
-2.124128E-05	3.214352E-05	-9.967944E-06	
-1.904953E-05	4.064599E-05	-9.784095E-06	
-1.745723E-05	4.351630E-05	-9.632837E-06	
-1.628308E-05	4.491516E-05	-9.540556E-06	
-1.250845E-05	4.822150E-05	-9.288386E-06	
-6.678553E-12	5.160415E-05	-8.986969E-06	
1.250843E-05	4.822151E-05	-9.288388E-06	
1.628306E-05	4.491516E-05	-9.540558E-06	
1.745721E-05	4.351630E-05	-9.632836E-06	
1.904951E-05	4.064598E-05	-9.784089E-06	
2.124127E-05	3.214352E-05	-9.967941E-06	
1.787289E-05	1.787289E-05	-9.144967E-06	
6.904231E-06	7.126404E-06	-7.125039E-06	
-3.186109E-06	3.186106E-06	-5.792923E-06	
-7.126411E-06	6.904230E-06	-7.125040E-06	
-7.191182E-06	1.094551E-05	-8.399265E-06	
-5.882254E-06	1.298312E-05	-9.015053E-06	
-5.227529E-06	1.361265E-05	-9.205525E-06	
-4.820335E-06	1.390716E-05	-9.295093E-06	
-3.613069E-06	1.458841E-05	-9.503381E-06	
-3.292228E-12	1.526696E-05	-9.712395E-06	
3.613062E-06	1.458841E-05	-9.503382E-06	
4.820328E-06	1.390716E-05	-9.295094E-06	
5.227522E-06	1.361264E-05	-9.205525E-06	
5.882248E-06	1.298312E-05	-9.015048E-06	
7.191178E-06	1.094551E-05	-8.399262E-06	
7.126408E-06	6.904230E-06	-7.125038E-06	
3.186108E-06	3.186106E-06	-5.792922E-06	
