flux
3
1575
-9.399115E-11	-1.122540E-11	1.695023E-04	
-3.141995E-11	4.096107E-11	6.887562E-05	
-1.621384E-11	1.022725E-10	-1.137560E-06	
2.341946E-11	6.027852E-11	6.887575E-05	
-3.216348E-11	3.792999E-11	1.695019E-04	
-2.152655E-10	-1.080218E-11	1.695019E-04	
3.572613E-10	7.629731E-11	6.887619E-05	
6.273281E-10	9.314039E-11	-1.137655E-06	
1.985208E-10	6.163653E-11	6.887614E-05	
3.506801E-12	1.027641E-10	1.695021E-04	
-2.176067E-11	1.004233E-10	1.695021E-04	
-1.881172E-13	-1.549895E-10	6.887591E-05	
-1.370637E-11	-9.663278E-11	-1.137572E-06	
-2.675820E-11	2.617930E-11	6.887582E-05	
-1.006615E-10	1.010221E-11	1.695021E-04	
8.011727E-11	9.092968E-11	1.695024E-04	
2.736236E-10	3.714059E-11	6.887574E-05	
4.947106E-11	7.033909E-11	-1.137790E-06	
-3.624653E-11	7.263782E-11	6.887577E-05	
-1.198039E-11	-3.522659E-13	1.695024E-04	
-4.492760E-11	1.031744E-10	-5.956919E-05	
-2.292667E-10	6.006802E-11	-5.956895E-05	
-1.069651E-10	1.817504E-10	-5.956921E-05	
-1.433218E-10	-7.780740E-11	-5.956882E-05	
-5.069639E-10	5.573762E-10	2.502968E-03	
3.308629E-10	-3.672749E-10	1.723232E-03	
8.031790E-10	1.030349E-09	2.502968E-03	
3.351761E-10	-2.749056E-11	1.723232E-03	
-1.625858E-11	-1.038924E-10	9.129167E-04	
-3.714338E-10	8.925637E-10	1.723232E-03	
-7.456585E-10	-4.686390E-10	2.502968E-03	
-5.897441E-10	3.359519E-10	1.723232E-03	
1.392023E-10	-5.776026E-11	2.502968E-03	
3.185450E-06	3.185457E-06	-5.791733E-06	
7.124925E-06	6.902822E-06	-7.123572E-06	
7.189661E-06	1.094329E-05	-8.397537E-06	
5.880981E-06	1.298050E-05	-9.013203E-06	
5.226379E-06	1.360991E-05	-9.203637E-06	
4.819275E-06	1.390425E-05	-9.293181E-06	
3.612270E-06	1.458537E-05	-9.501431E-06	
-3.504526E-11	1.526382E-05	-9.710406E-06	
-3.612344E-06	1.458539E-05	-9.501432E-06	
-4.819356E-06	1.390428E-05	-9.293187E-06	
-5.226463E-06	1.360983E-05	-9.203639E-06	
-5.881056E-06	1.298047E-05	-9.013211E-06	
-7.189719E-06	1.094327E-05	-8.397546E-06	
-7.124961E-06	6.902817E-06	-7.123582E-06	
-3.185461E-06	3.185455E-06	-5.791742E-06	
6.902815E-06	7.124945E-06	-7.123573E-06	
1.786919E-05	1.786921E-05	-9.143010E-06	
2.123682E-05	3.213678E-05	-9.965648E-06	
1.904552E-05	4.063735E-05	-9.781729E-06	
1.745356E-05	4.350702E-05	-9.630458E-06	
1.627964E-05	4.490552E-05	-9.538146E-06	
1.250577E-05	4.821110E-05	-9.285990E-06	
-1.624035E-11	5.159294E-05	-8.984588E-06	
-1.250580E-05	4.821111E-05	-9.285990E-06	
-1.627965E-05	4.490554E-05	-9.538144E-06	
-1.745357E-05	4.350700E-05	-9.630437E-06	
-1.904553E-05	4.063735E-05	-9.781746E-06	
-2.123684E-05	3.213677E-05	-9.965662E-06	
-1.786921E-05	1.786920E-05	-9.143024E-06	
-6.902823E-06	7.124949E-06	-7.123586E-06	
1.094328E-05	7.189689E-06	-8.397538E-06	
3.213676E-05	2.123685E-05	-9.965648E-06	
4.320414E-05	4.320417E-05	-3.677277E-06	
4.161290E-05	5.767429E-05	5.526544E-06	
3.902394E-05	6.272151E-05	9.662590E-06	
3.671808E-05	6.521568E-05	1.189836E-05	
2.873275E-05	7.122574E-05	1.742785E-05	
-2.346322E-11	7.752887E-05	2.335025E-05	
-2.873281E-05	7.122573E-05	1.742786E-05	
-3.671815E-05	6.521567E-05	1.189838E-05	
-3.902402E-05	6.272164E-05	9.662519E-06	
-4.161296E-05	5.767432E-05	5.526502E-06	
-4.320418E-05	4.320418E-05	-3.677301E-06	
-3.213678E-05	2.123684E-05	-9.965668E-06	
-1.094328E-05	7.189709E-06	-8.397559E-06	
1.298050E-05	5.881012E-06	-9.013205E-06	
4.063734E-05	1.904555E-05	-9.781730E-06	
5.767426E-05	4.161293E-05	5.526538E-06	
5.705794E-05	5.705796E-05	2.679216E-05	
5.384612E-05	6.253886E-05	3.513761E-05	
5.082182E-05	6.523510E-05	3.947609E-05	
4.018635E-05	7.164340E-05	5.131228E-05	
-1.610588E-11	7.862652E-05	6.548879E-05	
-4.018639E-05	7.164340E-05	5.131230E-05	
-5.082187E-05	6.523512E-05	3.947610E-05	
-5.384616E-05	6.253892E-05	3.513761E-05	
-5.705798E-05	5.705799E-05	2.679210E-05	
-5.767432E-05	4.161297E-05	5.526498E-06	
-4.063736E-05	1.904554E-05	-9.781756E-06	
-1.298048E-05	5.881051E-06	-9.013231E-06	
1.360990E-05	5.226412E-06	-9.203639E-06	
4.350700E-05	1.745360E-05	-9.630468E-06	
6.272149E-05	3.902397E-05	9.662591E-06	
6.253882E-05	5.384613E-05	3.513769E-05	
5.917968E-05	5.917971E-05	4.485511E-05	
5.575956E-05	6.179058E-05	5.111179E-05	
4.418343E-05	6.781053E-05	6.268411E-05	
-1.779548E-11	7.455702E-05	8.035525E-05	
-4.418345E-05	6.781054E-05	6.268416E-05	
-5.575958E-05	6.179059E-05	5.111176E-05	
-5.917973E-05	5.917970E-05	4.485510E-05	
-6.253889E-05	5.384618E-05	3.513761E-05	
-6.272155E-05	3.902403E-05	9.662542E-06	
-4.350699E-05	1.745358E-05	-9.630494E-06	
-1.360987E-05	5.226461E-06	-9.203666E-06	
1.390424E-05	4.819308E-06	-9.293182E-06	
4.490551E-05	1.627968E-05	-9.538152E-06	
6.521569E-05	3.671810E-05	1.189835E-05	
6.523511E-05	5.082183E-05	3.947607E-05	
6.179059E-05	5.575958E-05	5.111173E-05	
5.825543E-05	5.825545E-05	5.911793E-05	
4.620814E-05	6.447569E-05	6.696073E-05	
-5.191619E-11	7.081877E-05	8.714335E-05	
-4.620828E-05	6.447571E-05	6.696072E-05	
-5.825557E-05	5.825546E-05	5.911766E-05	
-6.179069E-05	5.575954E-05	5.111171E-05	
-6.523519E-05	5.082187E-05	3.947609E-05	
-6.521573E-05	3.671815E-05	1.189836E-05	
-4.490557E-05	1.627967E-05	-9.538146E-06	
-1.390429E-05	4.819352E-06	-9.293174E-06	
1.458536E-05	3.612307E-06	-9.501432E-06	
4.821109E-05	1.250581E-05	-9.285993E-06	
7.122574E-05	2.873278E-05	1.742784E-05	
7.164339E-05	4.018637E-05	5.131228E-05	
6.781051E-05	4.418347E-05	6.268413E-05	
6.447569E-05	4.620815E-05	6.696081E-05	
5.137360E-05	5.137364E-05	9.039116E-05	
-5.201504E-11	5.666758E-05	1.101879E-04	
-5.137370E-05	5.137368E-05	9.039114E-05	
-6.447578E-05	4.620817E-05	6.696077E-05	
-6.781061E-05	4.418340E-05	6.268412E-05	
-7.164347E-05	4.018639E-05	5.131227E-05	
-7.122579E-05	2.873281E-05	1.742784E-05	
-4.821113E-05	1.250580E-05	-9.285989E-06	
-1.458539E-05	3.612337E-06	-9.501423E-06	
1.526381E-05	9.203289E-12	-9.710410E-06	
5.159294E-05	1.651681E-11	-8.984590E-06	
7.752888E-05	1.305728E-11	2.335025E-05	
7.862653E-05	9.097199E-12	6.548878E-05	
7.455703E-05	-2.313076E-12	8.035521E-05	
7.081877E-05	-3.083247E-11	8.714339E-05	
5.666758E-05	-1.487752E-11	1.101879E-04	
-2.990217E-11	-2.068648E-11	1.378744E-04	
-5.666765E-05	2.213058E-11	1.101879E-04	
-7.081885E-05	-3.082071E-11	8.714344E-05	
-7.455711E-05	5.442181E-12	8.035518E-05	
-7.862660E-05	-6.673412E-12	6.548878E-05	
-7.752892E-05	3.718144E-12	2.335024E-05	
-5.159296E-05	1.477667E-11	-8.984594E-06	
-1.526382E-05	2.205473E-11	-9.710405E-06	
1.458539E-05	-3.612293E-06	-9.501435E-06	
4.821111E-05	-1.250577E-05	-9.285991E-06	
7.122574E-05	-2.873276E-05	1.742786E-05	
7.164340E-05	-4.018636E-05	5.131230E-05	
6.781052E-05	-4.418339E-05	6.268403E-05	
6.447569E-05	-4.620819E-05	6.696075E-05	
5.137362E-05	-5.137370E-05	9.039122E-05	
-1.958409E-11	-5.666763E-05	1.101879E-04	
-5.137367E-05	-5.137366E-05	9.039127E-05	
-6.447575E-05	-4.620824E-05	6.696080E-05	
-6.781058E-05	-4.418340E-05	6.268408E-05	
-7.164344E-05	-4.018641E-05	5.131229E-05	
-7.122576E-05	-2.873280E-05	1.742784E-05	
-4.821111E-05	-1.250577E-05	-9.286003E-06	
-1.458538E-05	-3.612287E-06	-9.501440E-06	
1.390428E-05	-4.819302E-06	-9.293193E-06	
4.490556E-05	-1.627963E-05	-9.538145E-06	
6.521570E-05	-3.671810E-05	1.189838E-05	
6.523512E-05	-5.082183E-05	3.947610E-05	
6.179059E-05	-5.575952E-05	5.111181E-05	
5.825546E-05	-5.825550E-05	5.911795E-05	
4.620818E-05	-6.447577E-05	6.696079E-05	
2.235898E-12	-7.081884E-05	8.714342E-05	
-4.620818E-05	-6.447574E-05	6.696085E-05	
-5.825550E-05	-5.825553E-05	5.911792E-05	
-6.179065E-05	-5.575957E-05	5.111194E-05	
-6.523516E-05	-5.082190E-05	3.947610E-05	
-6.521569E-05	-3.671814E-05	1.189836E-05	
-4.490553E-05	-1.627963E-05	-9.538166E-06	
-1.390426E-05	-4.819292E-06	-9.293194E-06	
1.360984E-05	-5.226409E-06	-9.203646E-06	
4.350703E-05	-1.745355E-05	-9.630427E-06	
6.272167E-05	-3.902397E-05	9.662523E-06	
6.253893E-05	-5.384612E-05	3.513757E-05	
5.917970E-05	-5.917973E-05	4.485511E-05	
5.575951E-05	-6.179065E-05	5.111173E-05	
4.418340E-05	-6.781061E-05	6.268407E-05	
-3.212825E-11	-7.455710E-05	8.035530E-05	
-4.418350E-05	-6.781058E-05	6.268416E-05	
-5.575961E-05	-6.179066E-05	5.111191E-05	
-5.917974E-05	-5.917974E-05	4.485526E-05	
-6.253893E-05	-5.384620E-05	3.513762E-05	
-6.272166E-05	-3.902401E-05	9.662517E-06	
-4.350702E-05	-1.745355E-05	-9.630447E-06	
-1.360982E-05	-5.226397E-06	-9.203645E-06	
1.298050E-05	-5.881005E-06	-9.013215E-06	
4.063737E-05	-1.904551E-05	-9.781751E-06	
5.767434E-05	-4.161291E-05	5.526499E-06	
5.705803E-05	-5.705794E-05	2.679209E-05	
5.384621E-05	-6.253886E-05	3.513760E-05	
5.082192E-05	-6.523517E-05	3.947607E-05	
4.018644E-05	-7.164347E-05	5.131227E-05	
4.043531E-11	-7.862659E-05	6.548875E-05	
-4.018635E-05	-7.164344E-05	5.131228E-05	
-5.082184E-05	-6.523517E-05	3.947611E-05	
-5.384615E-05	-6.253895E-05	3.513760E-05	
-5.705797E-05	-5.705802E-05	2.679208E-05	
-5.767429E-05	-4.161296E-05	5.526520E-06	
-4.063734E-05	-1.904551E-05	-9.781715E-06	
-1.298048E-05	-5.880997E-06	-9.013181E-06	
1.094329E-05	-7.189676E-06	-8.397549E-06	
3.213680E-05	-2.123681E-05	-9.965667E-06	
4.320422E-05	-4.320414E-05	-3.677307E-06	
4.161301E-05	-5.767427E-05	5.526496E-06	
3.902407E-05	-6.272149E-05	9.662534E-06	
3.671820E-05	-6.521571E-05	1.189834E-05	
2.873285E-05	-7.122577E-05	1.742784E-05	
5.473221E-11	-7.752891E-05	2.335023E-05	
-2.873275E-05	-7.122576E-05	1.742785E-05	
-3.671809E-05	-6.521569E-05	1.189836E-05	
-3.902397E-05	-6.272167E-05	9.662520E-06	
-4.161291E-05	-5.767433E-05	5.526525E-06	
-4.320414E-05	-4.320419E-05	-3.677278E-06	
-3.213676E-05	-2.123683E-05	-9.965638E-06	
-1.094327E-05	-7.189678E-06	-8.397522E-06	
6.902829E-06	-7.124932E-06	-7.123583E-06	
1.786923E-05	-1.786919E-05	-9.143026E-06	
2.123689E-05	-3.213676E-05	-9.965671E-06	
1.904561E-05	-4.063734E-05	-9.781759E-06	
1.745366E-05	-4.350697E-05	-9.630493E-06	
1.627974E-05	-4.490552E-05	-9.538149E-06	
1.250587E-05	-4.821110E-05	-9.285986E-06	
7.216072E-11	-5.159294E-05	-8.984594E-06	
-1.250572E-05	-4.821110E-05	-9.286000E-06	
-1.627958E-05	-4.490552E-05	-9.538158E-06	
-1.745349E-05	-4.350701E-05	-9.630428E-06	
-1.904546E-05	-4.063738E-05	-9.781716E-06	
-2.123678E-05	-3.213679E-05	-9.965639E-06	
-1.786917E-05	-1.786921E-05	-9.143001E-06	
-6.902809E-06	-7.124940E-06	-7.123563E-06	
3.185466E-06	-3.185451E-06	-5.791743E-06	
7.124978E-06	-6.902814E-06	-7.123587E-06	
7.189747E-06	-1.094327E-05	-8.397558E-06	
5.881089E-06	-1.298049E-05	-9.013228E-06	
5.226497E-06	-1.360988E-05	-9.203651E-06	
4.819391E-06	-1.390425E-05	-9.293172E-06	
3.612383E-06	-1.458537E-05	-9.501421E-06	
7.835027E-11	-1.526381E-05	-9.710406E-06	
-3.612223E-06	-1.458538E-05	-9.501440E-06	
-4.819227E-06	-1.390426E-05	-9.293196E-06	
-5.226330E-06	-1.360981E-05	-9.203646E-06	
-5.880934E-06	-1.298050E-05	-9.013181E-06	
-7.189624E-06	-1.094328E-05	-8.397523E-06	
-7.124902E-06	-6.902823E-06	-7.123563E-06	
-3.185442E-06	-3.185456E-06	-5.791726E-06	
2.277698E-06	2.277704E-06	-1.342403E-05	
5.035228E-06	5.197811E-06	-1.658719E-05	
4.968799E-06	8.112205E-06	-1.952647E-05	
3.975196E-06	9.258276E-06	-2.087244E-05	
3.502934E-06	9.567578E-06	-2.127614E-05	
3.217141E-06	9.701941E-06	-2.146285E-05	
2.387094E-06	9.962534E-06	-2.188978E-05	
-3.427480E-11	1.015594E-05	-2.231225E-05	
-2.387168E-06	9.962556E-06	-2.188978E-05	
-3.217224E-06	9.701983E-06	-2.146286E-05	
-3.503021E-06	9.567636E-06	-2.127619E-05	
-3.975274E-06	9.258248E-06	-2.087246E-05	
-4.968858E-06	8.112189E-06	-1.952649E-05	
-5.035263E-06	5.197804E-06	-1.658721E-05	
-2.277709E-06	2.277701E-06	-1.342405E-05	
5.197805E-06	5.035247E-06	-1.658719E-05	
1.505936E-05	1.505938E-05	-2.294977E-05	
1.997174E-05	3.311348E-05	-2.862447E-05	
1.905464E-05	4.632640E-05	-3.113692E-05	
1.780468E-05	5.108485E-05	-3.186658E-05	
1.674339E-05	5.346660E-05	-3.219939E-05	
1.310721E-05	5.933377E-05	-3.295810E-05	
-2.110782E-11	6.565681E-05	-3.367623E-05	
-1.310724E-05	5.933379E-05	-3.295810E-05	
-1.674340E-05	5.346664E-05	-3.219940E-05	
-1.780469E-05	5.108485E-05	-3.186656E-05	
-1.905465E-05	4.632636E-05	-3.113695E-05	
-1.997176E-05	3.311346E-05	-2.862450E-05	
-1.505938E-05	1.505936E-05	-2.294980E-05	
-5.197812E-06	5.035243E-06	-1.658722E-05	
8.112201E-06	4.968825E-06	-1.952647E-05	
3.311347E-05	1.997177E-05	-2.862447E-05	
6.189614E-05	6.189617E-05	-3.114177E-05	
7.415860E-05	1.089232E-04	-2.447158E-05	
7.435891E-05	1.298924E-04	-2.079142E-05	
7.138514E-05	1.412253E-04	-1.867827E-05	
5.773991E-05	1.684531E-04	-1.317499E-05	
-1.399374E-11	1.961863E-04	-7.217430E-06	
-5.773994E-05	1.684531E-04	-1.317498E-05	
-7.138514E-05	1.412252E-04	-1.867825E-05	
-7.435890E-05	1.298923E-04	-2.079141E-05	
-7.415861E-05	1.089232E-04	-2.447165E-05	
-6.189617E-05	6.189615E-05	-3.114182E-05	
-3.311348E-05	1.997175E-05	-2.862451E-05	
-8.112198E-06	4.968830E-06	-1.952652E-05	
9.258276E-06	3.975222E-06	-2.087244E-05	
4.632637E-05	1.905468E-05	-3.113692E-05	
1.089232E-04	7.415859E-05	-2.447158E-05	
1.520846E-04	1.520848E-04	2.008640E-05	
1.603499E-04	1.879265E-04	5.228622E-05	
1.554600E-04	2.080050E-04	7.190802E-05	
1.244062E-04	2.589636E-04	1.135710E-04	
3.759588E-12	3.078192E-04	1.435030E-04	
-1.244062E-04	2.589637E-04	1.135710E-04	
-1.554602E-04	2.080050E-04	7.190808E-05	
-1.603502E-04	1.879264E-04	5.228611E-05	
-1.520847E-04	1.520846E-04	2.008629E-05	
-1.089232E-04	7.415858E-05	-2.447164E-05	
-4.632638E-05	1.905465E-05	-3.113697E-05	
-9.258261E-06	3.975237E-06	-2.087250E-05	
9.567576E-06	3.502959E-06	-2.127615E-05	
5.108481E-05	1.780473E-05	-3.186659E-05	
1.298923E-04	7.435888E-05	-2.079141E-05	
1.879264E-04	1.603502E-04	5.228626E-05	
1.989528E-04	1.989529E-04	1.016926E-04	
1.958195E-04	2.208171E-04	1.250223E-04	
1.573079E-04	2.795354E-04	2.055443E-04	
-1.171836E-11	3.340421E-04	2.509171E-04	
-1.573078E-04	2.795356E-04	2.055442E-04	
-1.958193E-04	2.208173E-04	1.250224E-04	
-1.989529E-04	1.989529E-04	1.016924E-04	
-1.879264E-04	1.603500E-04	5.228618E-05	
-1.298923E-04	7.435888E-05	-2.079147E-05	
-5.108485E-05	1.780468E-05	-3.186665E-05	
-9.567588E-06	3.502979E-06	-2.127621E-05	
9.701926E-06	3.217169E-06	-2.146285E-05	
5.346659E-05	1.674343E-05	-3.219940E-05	
1.412252E-04	7.138513E-05	-1.867830E-05	
2.080050E-04	1.554603E-04	7.190805E-05	
2.208172E-04	1.958196E-04	1.250225E-04	
2.170105E-04	2.170104E-04	1.465164E-04	
1.745984E-04	2.655506E-04	2.667031E-04	
4.359234E-12	3.204659E-04	3.181701E-04	
-1.745983E-04	2.655506E-04	2.667033E-04	
-2.170104E-04	2.170105E-04	1.465163E-04	
-2.208170E-04	1.958193E-04	1.250222E-04	
-2.080049E-04	1.554601E-04	7.190803E-05	
-1.412253E-04	7.138512E-05	-1.867832E-05	
-5.346665E-05	1.674339E-05	-3.219940E-05	
-9.701964E-06	3.217183E-06	-2.146283E-05	
9.962532E-06	2.387128E-06	-2.188979E-05	
5.933376E-05	1.310724E-05	-3.295810E-05	
1.684531E-04	5.773993E-05	-1.317501E-05	
2.589637E-04	1.244062E-04	1.135709E-04	
2.795356E-04	1.573079E-04	2.055444E-04	
2.655506E-04	1.745983E-04	2.667035E-04	
2.120329E-04	2.120329E-04	3.398254E-04	
6.450556E-11	2.536196E-04	4.422151E-04	
-2.120328E-04	2.120329E-04	3.398255E-04	
-2.655506E-04	1.745983E-04	2.667034E-04	
-2.795356E-04	1.573077E-04	2.055445E-04	
-2.589637E-04	1.244062E-04	1.135709E-04	
-1.684531E-04	5.773992E-05	-1.317502E-05	
-5.933379E-05	1.310722E-05	-3.295810E-05	
-9.962547E-06	2.387131E-06	-2.188976E-05	
1.015594E-05	1.214186E-11	-2.231227E-05	
6.565681E-05	1.101015E-11	-3.367623E-05	
1.961863E-04	1.602158E-11	-7.217436E-06	
3.078192E-04	2.743337E-11	1.435030E-04	
3.340420E-04	-2.266415E-11	2.509171E-04	
3.204659E-04	4.133963E-11	3.181701E-04	
2.536196E-04	2.724132E-11	4.422151E-04	
4.015516E-13	-3.215473E-11	5.425808E-04	
-2.536196E-04	6.903288E-12	4.422152E-04	
-3.204660E-04	-7.751373E-11	3.181703E-04	
-3.340421E-04	1.298234E-11	2.509171E-04	
-3.078193E-04	-8.601684E-12	1.435029E-04	
-1.961863E-04	-2.432136E-12	-7.217463E-06	
-6.565682E-05	-3.861413E-12	-3.367625E-05	
-1.015594E-05	-2.651056E-12	-2.231225E-05	
9.962562E-06	-2.387110E-06	-2.188979E-05	
5.933380E-05	-1.310721E-05	-3.295810E-05	
1.684531E-04	-5.773990E-05	-1.317498E-05	
2.589637E-04	-1.244062E-04	1.135710E-04	
2.795356E-04	-1.573078E-04	2.055446E-04	
2.655506E-04	-1.745983E-04	2.667034E-04	
2.120329E-04	-2.120328E-04	3.398256E-04	
1.118206E-11	-2.536197E-04	4.422151E-04	
-2.120329E-04	-2.120328E-04	3.398257E-04	
-2.655507E-04	-1.745984E-04	2.667034E-04	
-2.795357E-04	-1.573079E-04	2.055443E-04	
-2.589638E-04	-1.244062E-04	1.135709E-04	
-1.684532E-04	-5.773993E-05	-1.317503E-05	
-5.933377E-05	-1.310723E-05	-3.295812E-05	
-9.962539E-06	-2.387136E-06	-2.188979E-05	
9.701994E-06	-3.217164E-06	-2.146287E-05	
5.346665E-05	-1.674338E-05	-3.219940E-05	
1.412252E-04	-7.138510E-05	-1.867825E-05	
2.080050E-04	-1.554602E-04	7.190810E-05	
2.208171E-04	-1.958192E-04	1.250223E-04	
2.170105E-04	-2.170104E-04	1.465164E-04	
1.745984E-04	-2.655505E-04	2.667034E-04	
-6.884338E-11	-3.204659E-04	3.181702E-04	
-1.745985E-04	-2.655505E-04	2.667035E-04	
-2.170105E-04	-2.170104E-04	1.465165E-04	
-2.208172E-04	-1.958194E-04	1.250220E-04	
-2.080050E-04	-1.554601E-04	7.190795E-05	
-1.412253E-04	-7.138515E-05	-1.867831E-05	
-5.346662E-05	-1.674341E-05	-3.219942E-05	
-9.701952E-06	-3.217189E-06	-2.146287E-05	
9.567643E-06	-3.502961E-06	-2.127621E-05	
5.108486E-05	-1.780466E-05	-3.186653E-05	
1.298923E-04	-7.435887E-05	-2.079138E-05	
1.879262E-04	-1.603501E-04	5.228608E-05	
1.989528E-04	-1.989525E-04	1.016924E-04	
1.958196E-04	-2.208171E-04	1.250222E-04	
1.573081E-04	-2.795355E-04	2.055442E-04	
-8.088154E-11	-3.340420E-04	2.509173E-04	
-1.573082E-04	-2.795355E-04	2.055445E-04	
-1.958197E-04	-2.208171E-04	1.250223E-04	
-1.989529E-04	-1.989528E-04	1.016925E-04	
-1.879264E-04	-1.603499E-04	5.228603E-05	
-1.298923E-04	-7.435891E-05	-2.079145E-05	
-5.108481E-05	-1.780470E-05	-3.186658E-05	
-9.567623E-06	-3.502985E-06	-2.127619E-05	
9.258269E-06	-3.975218E-06	-2.087247E-05	
4.632639E-05	-1.905462E-05	-3.113696E-05	
1.089232E-04	-7.415856E-05	-2.447167E-05	
1.520847E-04	-1.520847E-04	2.008625E-05	
1.603500E-04	-1.879263E-04	5.228607E-05	
1.554601E-04	-2.080050E-04	7.190801E-05	
1.244062E-04	-2.589637E-04	1.135710E-04	
3.650946E-11	-3.078192E-04	1.435029E-04	
-1.244061E-04	-2.589637E-04	1.135709E-04	
-1.554600E-04	-2.080050E-04	7.190802E-05	
-1.603499E-04	-1.879264E-04	5.228611E-05	
-1.520845E-04	-1.520846E-04	2.008640E-05	
-1.089232E-04	-7.415861E-05	-2.447158E-05	
-4.632636E-05	-1.905466E-05	-3.113689E-05	
-9.258254E-06	-3.975241E-06	-2.087240E-05	
8.112203E-06	-4.968812E-06	-1.952650E-05	
3.311349E-05	-1.997173E-05	-2.862451E-05	
6.189619E-05	-6.189612E-05	-3.114183E-05	
7.415865E-05	-1.089232E-04	-2.447166E-05	
7.435896E-05	-1.298923E-04	-2.079149E-05	
7.138519E-05	-1.412253E-04	-1.867832E-05	
5.773997E-05	-1.684531E-04	-1.317502E-05	
4.184502E-11	-1.961863E-04	-7.217474E-06	
-5.773988E-05	-1.684531E-04	-1.317501E-05	
-7.138510E-05	-1.412253E-04	-1.867829E-05	
-7.435888E-05	-1.298923E-04	-2.079140E-05	
-7.415857E-05	-1.089232E-04	-2.447158E-05	
-6.189612E-05	-6.189617E-05	-3.114177E-05	
-3.311344E-05	-1.997176E-05	-2.862445E-05	
-8.112187E-06	-4.968833E-06	-1.952644E-05	
5.197815E-06	-5.035232E-06	-1.658721E-05	
1.505939E-05	-1.505935E-05	-2.294980E-05	
1.997180E-05	-3.311345E-05	-2.862452E-05	
1.905471E-05	-4.632636E-05	-3.113698E-05	
1.780476E-05	-5.108486E-05	-3.186664E-05	
1.674346E-05	-5.346660E-05	-3.219940E-05	
1.310728E-05	-5.933376E-05	-3.295809E-05	
5.280582E-11	-6.565680E-05	-3.367624E-05	
-1.310718E-05	-5.933377E-05	-3.295811E-05	
-1.674336E-05	-5.346662E-05	-3.219941E-05	
-1.780465E-05	-5.108486E-05	-3.186655E-05	
-1.905461E-05	-4.632640E-05	-3.113690E-05	
-1.997171E-05	-3.311348E-05	-2.862445E-05	
-1.505934E-05	-1.505937E-05	-2.294975E-05	
-5.197797E-06	-5.035249E-06	-1.658716E-05	
2.277711E-06	-2.277698E-06	-1.342405E-05	
5.035271E-06	-5.197802E-06	-1.658722E-05	
4.968869E-06	-8.112194E-06	-1.952652E-05	
3.975281E-06	-9.258263E-06	-2.087250E-05	
3.503025E-06	-9.567592E-06	-2.127619E-05	
3.217232E-06	-9.701934E-06	-2.146283E-05	
2.387186E-06	-9.962530E-06	-2.188976E-05	
5.935705E-11	-1.015593E-05	-2.231225E-05	
-2.387072E-06	-9.962539E-06	-2.188979E-05	
-3.217128E-06	-9.701960E-06	-2.146286E-05	
-3.502926E-06	-9.567653E-06	-2.127620E-05	
-3.975183E-06	-9.258271E-06	-2.087240E-05	
-4.968779E-06	-8.112202E-06	-1.952644E-05	
-5.035210E-06	-5.197811E-06	-1.658717E-05	
-2.277691E-06	-2.277705E-06	-1.342402E-05	
1.592646E-06	1.592653E-06	-1.590809E-05	
3.498470E-06	3.720212E-06	-1.975708E-05	
3.426992E-06	5.731589E-06	-2.322344E-05	
2.726894E-06	6.631921E-06	-2.474281E-05	
2.394367E-06	6.841414E-06	-2.518546E-05	
2.200731E-06	6.934689E-06	-2.538717E-05	
1.628799E-06	7.234530E-06	-2.584284E-05	
-3.378105E-11	7.386208E-06	-2.628471E-05	
-1.628871E-06	7.234545E-06	-2.584284E-05	
-2.200812E-06	6.934719E-06	-2.538718E-05	
-2.394454E-06	6.841407E-06	-2.518554E-05	
-2.726972E-06	6.631893E-06	-2.474284E-05	
-3.427050E-06	5.731571E-06	-2.322347E-05	
-3.498504E-06	3.720202E-06	-1.975711E-05	
-1.592657E-06	1.592647E-06	-1.590812E-05	
3.720205E-06	3.498489E-06	-1.975708E-05	
1.130783E-05	1.130785E-05	-2.954723E-05	
1.548052E-05	2.667713E-05	-4.127377E-05	
1.494398E-05	3.740831E-05	-4.790469E-05	
1.403639E-05	4.141442E-05	-5.008967E-05	
1.318975E-05	4.340642E-05	-5.114499E-05	
1.035613E-05	4.786708E-05	-5.364097E-05	
-2.140800E-11	5.305684E-05	-5.618659E-05	
-1.035617E-05	4.786710E-05	-5.364098E-05	
-1.318979E-05	4.340644E-05	-5.114501E-05	
-1.403644E-05	4.141447E-05	-5.008966E-05	
-1.494402E-05	3.740827E-05	-4.790471E-05	
-1.548055E-05	2.667710E-05	-4.127380E-05	
-1.130785E-05	1.130783E-05	-2.954727E-05	
-3.720213E-06	3.498477E-06	-1.975712E-05	
5.731584E-06	3.427018E-06	-2.322344E-05	
2.667711E-05	1.548055E-05	-4.127377E-05	
5.688545E-05	5.688548E-05	-6.992337E-05	
7.306697E-05	1.184675E-04	-8.964077E-05	
7.414582E-05	1.454194E-04	-9.687913E-05	
7.191390E-05	1.601823E-04	-1.005254E-04	
5.881710E-05	1.992080E-04	-1.092040E-04	
-1.267372E-11	2.374853E-04	-1.182594E-04	
-5.881712E-05	1.992080E-04	-1.092040E-04	
-7.191394E-05	1.601824E-04	-1.005254E-04	
-7.414587E-05	1.454194E-04	-9.687904E-05	
-7.306699E-05	1.184675E-04	-8.964080E-05	
-5.688546E-05	5.688544E-05	-6.992341E-05	
-2.667713E-05	1.548052E-05	-4.127381E-05	
-5.731583E-06	3.427011E-06	-2.322349E-05	
6.631918E-06	2.726921E-06	-2.474281E-05	
3.740829E-05	1.494403E-05	-4.790469E-05	
1.184675E-04	7.306701E-05	-8.964075E-05	
2.238250E-04	2.238250E-04	-1.102970E-04	
2.723244E-04	3.650792E-04	-1.102211E-04	
2.560664E-04	4.534894E-04	-1.085753E-04	
1.795089E-04	6.110824E-04	-1.091711E-04	
-2.607443E-11	6.983461E-04	-1.189330E-04	
-1.795089E-04	6.110823E-04	-1.091712E-04	
-2.560662E-04	4.534894E-04	-1.085753E-04	
-2.723240E-04	3.650791E-04	-1.102212E-04	
-2.238248E-04	2.238250E-04	-1.102970E-04	
-1.184675E-04	7.306699E-05	-8.964080E-05	
-3.740830E-05	1.494398E-05	-4.790474E-05	
-6.631909E-06	2.726920E-06	-2.474287E-05	
6.841392E-06	2.394395E-06	-2.518546E-05	
4.141440E-05	1.403645E-05	-5.008966E-05	
1.454193E-04	7.414588E-05	-9.687910E-05	
3.650792E-04	2.723243E-04	-1.102213E-04	
5.106312E-04	5.106311E-04	2.705424E-05	
4.509314E-04	6.652022E-04	1.586616E-04	
2.691090E-04	9.164328E-04	1.772980E-04	
-8.799169E-11	1.024105E-03	1.699930E-04	
-2.691096E-04	9.164327E-04	1.772979E-04	
-4.509317E-04	6.652019E-04	1.586618E-04	
-5.106308E-04	5.106312E-04	2.705275E-05	
-3.650790E-04	2.723244E-04	-1.102213E-04	
-1.454194E-04	7.414588E-05	-9.687914E-05	
-4.141448E-05	1.403639E-05	-5.008971E-05	
-6.841400E-06	2.394396E-06	-2.518552E-05	
6.934665E-06	2.200762E-06	-2.538719E-05	
4.340637E-05	1.318979E-05	-5.114499E-05	
1.601823E-04	7.191395E-05	-1.005254E-04	
4.534895E-04	2.560663E-04	-1.085753E-04	
6.652022E-04	4.509316E-04	1.586630E-04	
6.100951E-04	6.100952E-04	4.178030E-04	
3.467221E-04	9.984231E-04	4.609635E-04	
9.381966E-11	1.063662E-03	4.530592E-04	
-3.467221E-04	9.984231E-04	4.609637E-04	
-6.100952E-04	6.100948E-04	4.178035E-04	
-6.652023E-04	4.509318E-04	1.586615E-04	
-4.534895E-04	2.560664E-04	-1.085753E-04	
-1.601823E-04	7.191394E-05	-1.005255E-04	
-4.340643E-05	1.318975E-05	-5.114503E-05	
-6.934710E-06	2.200759E-06	-2.538716E-05	
7.234515E-06	1.628836E-06	-2.584285E-05	
4.786705E-05	1.035616E-05	-5.364097E-05	
1.992080E-04	5.881712E-05	-1.092040E-04	
6.110823E-04	1.795089E-04	-1.091711E-04	
9.164325E-04	2.691093E-04	1.772989E-04	
9.984231E-04	3.467221E-04	4.609638E-04	
5.679698E-04	5.679697E-04	1.500918E-03	
5.863262E-11	5.849017E-04	1.193643E-03	
-5.679698E-04	5.679698E-04	1.500918E-03	
-9.984233E-04	3.467220E-04	4.609637E-04	
-9.164328E-04	2.691096E-04	1.772981E-04	
-6.110824E-04	1.795089E-04	-1.091711E-04	
-1.992081E-04	5.881710E-05	-1.092040E-04	
-4.786709E-05	1.035613E-05	-5.364099E-05	
-7.234539E-06	1.628823E-06	-2.584282E-05	
7.386197E-06	1.472573E-11	-2.628473E-05	
5.305682E-05	1.085496E-11	-5.618659E-05	
2.374853E-04	1.986922E-11	-1.182594E-04	
6.983461E-04	5.418741E-11	-1.189330E-04	
1.024105E-03	5.717013E-11	1.699933E-04	
1.063662E-03	-2.680659E-11	4.530591E-04	
5.849017E-04	-1.004082E-10	1.193643E-03	
-4.219767E-11	-6.822056E-12	8.611647E-04	
-5.849017E-04	3.716422E-12	1.193643E-03	
-1.063661E-03	5.631982E-11	4.530594E-04	
-1.024105E-03	1.465413E-10	1.699931E-04	
-6.983460E-04	-3.875750E-11	-1.189331E-04	
-2.374853E-04	-1.599173E-11	-1.182595E-04	
-5.305683E-05	-1.349266E-11	-5.618661E-05	
-7.386205E-06	-1.624761E-11	-2.628470E-05	
7.234546E-06	-1.628814E-06	-2.584286E-05	
4.786709E-05	-1.035614E-05	-5.364098E-05	
1.992080E-04	-5.881708E-05	-1.092040E-04	
6.110823E-04	-1.795089E-04	-1.091711E-04	
9.164327E-04	-2.691089E-04	1.772989E-04	
9.984231E-04	-3.467219E-04	4.609638E-04	
5.679698E-04	-5.679698E-04	1.500918E-03	
4.023430E-11	-5.849017E-04	1.193643E-03	
-5.679698E-04	-5.679698E-04	1.500918E-03	
-9.984230E-04	-3.467221E-04	4.609637E-04	
-9.164324E-04	-2.691091E-04	1.772981E-04	
-6.110822E-04	-1.795089E-04	-1.091712E-04	
-1.992080E-04	-5.881715E-05	-1.092040E-04	
-4.786708E-05	-1.035616E-05	-5.364100E-05	
-7.234531E-06	-1.628856E-06	-2.584285E-05	
6.934728E-06	-2.200754E-06	-2.538720E-05	
4.340646E-05	-1.318975E-05	-5.114502E-05	
1.601823E-04	-7.191387E-05	-1.005254E-04	
4.534894E-04	-2.560662E-04	-1.085753E-04	
6.652022E-04	-4.509312E-04	1.586617E-04	
6.100951E-04	-6.100949E-04	4.178030E-04	
3.467222E-04	-9.984230E-04	4.609638E-04	
1.441740E-12	-1.063662E-03	4.530593E-04	
-3.467223E-04	-9.984230E-04	4.609638E-04	
-6.100952E-04	-6.100952E-04	4.178032E-04	
-6.652023E-04	-4.509316E-04	1.586611E-04	
-4.534894E-04	-2.560664E-04	-1.085754E-04	
-1.601823E-04	-7.191399E-05	-1.005254E-04	
-4.340642E-05	-1.318979E-05	-5.114502E-05	
-6.934694E-06	-2.200795E-06	-2.538718E-05	
6.841426E-06	-2.394394E-06	-2.518557E-05	
4.141446E-05	-1.403638E-05	-5.008967E-05	
1.454194E-04	-7.414577E-05	-9.687905E-05	
3.650790E-04	-2.723241E-04	-1.102213E-04	
5.106309E-04	-5.106309E-04	2.705278E-05	
4.509312E-04	-6.652020E-04	1.586617E-04	
2.691093E-04	-9.164327E-04	1.772982E-04	
2.722984E-10	-1.024105E-03	1.699934E-04	
-2.691094E-04	-9.164325E-04	1.772983E-04	
-4.509315E-04	-6.652022E-04	1.586613E-04	
-5.106310E-04	-5.106313E-04	2.705269E-05	
-3.650790E-04	-2.723244E-04	-1.102214E-04	
-1.454193E-04	-7.414593E-05	-9.687908E-05	
-4.141444E-05	-1.403644E-05	-5.008969E-05	
-6.841405E-06	-2.394432E-06	-2.518554E-05	
6.631912E-06	-2.726914E-06	-2.474285E-05	
3.740829E-05	-1.494397E-05	-4.790473E-05	
1.184675E-04	-7.306691E-05	-8.964082E-05	
2.238249E-04	-2.238248E-04	-1.102971E-04	
2.723241E-04	-3.650790E-04	-1.102214E-04	
2.560663E-04	-4.534894E-04	-1.085753E-04	
1.795089E-04	-6.110824E-04	-1.091711E-04	
7.689113E-12	-6.983461E-04	-1.189331E-04	
-1.795088E-04	-6.110823E-04	-1.091711E-04	
-2.560663E-04	-4.534895E-04	-1.085753E-04	
-2.723243E-04	-3.650791E-04	-1.102213E-04	
-2.238249E-04	-2.238250E-04	-1.102969E-04	
-1.184675E-04	-7.306703E-05	-8.964074E-05	
-3.740826E-05	-1.494402E-05	-4.790467E-05	
-6.631896E-06	-2.726951E-06	-2.474278E-05	
5.731585E-06	-3.427003E-06	-2.322347E-05	
2.667713E-05	-1.548051E-05	-4.127381E-05	
5.688547E-05	-5.688541E-05	-6.992343E-05	
7.306704E-05	-1.184674E-04	-8.964083E-05	
7.414595E-05	-1.454194E-04	-9.687917E-05	
7.191400E-05	-1.601824E-04	-1.005255E-04	
5.881714E-05	-1.992080E-04	-1.092040E-04	
2.406813E-11	-2.374853E-04	-1.182595E-04	
-5.881709E-05	-1.992080E-04	-1.092040E-04	
-7.191393E-05	-1.601823E-04	-1.005254E-04	
-7.414586E-05	-1.454193E-04	-9.687906E-05	
-7.306696E-05	-1.184675E-04	-8.964075E-05	
-5.688541E-05	-5.688547E-05	-6.992336E-05	
-2.667708E-05	-1.548055E-05	-4.127374E-05	
-5.731569E-06	-3.427034E-06	-2.322340E-05	
3.720213E-06	-3.498473E-06	-1.975711E-05	
1.130786E-05	-1.130782E-05	-2.954727E-05	
1.548057E-05	-2.667710E-05	-4.127382E-05	
1.494405E-05	-3.740828E-05	-4.790476E-05	
1.403648E-05	-4.141445E-05	-5.008972E-05	
1.318983E-05	-4.340640E-05	-5.114501E-05	
1.035620E-05	-4.786706E-05	-5.364097E-05	
4.125873E-11	-5.305681E-05	-5.618660E-05	
-1.035611E-05	-4.786707E-05	-5.364098E-05	
-1.318973E-05	-4.340641E-05	-5.114502E-05	
-1.403638E-05	-4.141447E-05	-5.008967E-05	
-1.494396E-05	-3.740830E-05	-4.790467E-05	
-1.548049E-05	-2.667712E-05	-4.127374E-05	
-1.130781E-05	-1.130785E-05	-2.954721E-05	
-3.720197E-06	-3.498495E-06	-1.975706E-05	
1.592657E-06	-1.592646E-06	-1.590812E-05	
3.498505E-06	-3.720203E-06	-1.975712E-05	
3.427049E-06	-5.731577E-06	-2.322349E-05	
2.726965E-06	-6.631908E-06	-2.474288E-05	
2.394444E-06	-6.841405E-06	-2.518553E-05	
2.200809E-06	-6.934681E-06	-2.538715E-05	
1.628878E-06	-7.234523E-06	-2.584282E-05	
4.727577E-11	-7.386196E-06	-2.628470E-05	
-1.628787E-06	-7.234533E-06	-2.584284E-05	
-2.200725E-06	-6.934700E-06	-2.538718E-05	
-2.394365E-06	-6.841423E-06	-2.518553E-05	
-2.726887E-06	-6.631913E-06	-2.474279E-05	
-3.426977E-06	-5.731585E-06	-2.322341E-05	
-3.498454E-06	-3.720211E-06	-1.975706E-05	
-1.592640E-06	-1.592654E-06	-1.590807E-05	
-3.601255E-12	3.303519E-12	-1.655159E-05	
-1.208803E-11	5.331453E-12	-2.058693E-05	
-2.105388E-11	8.484291E-12	-2.418901E-05	
-2.773135E-11	1.142286E-11	-2.576715E-05	
-3.053387E-11	1.527343E-11	-2.622590E-05	
-3.071939E-11	8.496850E-12	-2.643502E-05	
-2.989092E-11	2.567111E-13	-2.690899E-05	
-3.304915E-11	7.141411E-12	-2.736572E-05	
-3.865360E-11	8.938553E-12	-2.690898E-05	
-4.108084E-11	9.240813E-12	-2.643501E-05	
-4.182057E-11	2.110756E-12	-2.622599E-05	
-3.931900E-11	-1.455269E-11	-2.576718E-05	
-3.258762E-11	-1.004682E-11	-2.418904E-05	
-2.204420E-11	-7.636404E-12	-2.058696E-05	
-7.890245E-12	-7.544116E-12	-1.655162E-05	
-1.278373E-12	7.204155E-12	-2.058693E-05	
-6.402956E-12	1.456887E-11	-3.148094E-05	
-1.307126E-11	2.221465E-11	-4.522989E-05	
-1.624374E-11	2.604845E-11	-5.309900E-05	
-1.680054E-11	3.527686E-11	-5.570707E-05	
-1.692427E-11	2.119069E-11	-5.696751E-05	
-1.914409E-11	1.446478E-11	-5.993774E-05	
-2.603310E-11	2.488487E-11	-6.298990E-05	
-2.807579E-11	1.790150E-11	-5.993775E-05	
-2.558786E-11	2.383865E-11	-5.696753E-05	
-2.561999E-11	1.258818E-11	-5.570710E-05	
-2.740162E-11	-1.911795E-11	-5.309903E-05	
-2.799029E-11	-1.909576E-11	-4.522993E-05	
-2.104297E-11	-1.991881E-11	-3.148098E-05	
-7.656180E-12	-2.031653E-11	-2.058697E-05	
3.193387E-12	6.228319E-12	-2.418901E-05	
1.643103E-12	2.104172E-11	-4.522989E-05	
-5.137281E-12	3.018727E-11	-8.491776E-05	
-1.202594E-11	4.103500E-11	-1.192853E-04	
-1.672491E-11	3.017217E-11	-1.328502E-04	
-1.309168E-11	1.677961E-11	-1.398975E-04	
-1.046276E-11	3.472111E-11	-1.572023E-04	
-2.299917E-11	4.683343E-11	-1.753835E-04	
-3.566277E-11	3.000195E-11	-1.572023E-04	
-3.906789E-11	3.902891E-11	-1.398975E-04	
-4.166875E-11	3.285524E-11	-1.328502E-04	
-4.078543E-11	-5.043936E-12	-1.192853E-04	
-3.642387E-11	-1.821545E-11	-8.491780E-05	
-2.324514E-11	-2.778618E-11	-4.522994E-05	
-6.685192E-12	-2.609660E-11	-2.418907E-05	
6.152421E-12	3.430516E-12	-2.576715E-05	
6.776642E-12	2.489621E-11	-5.309900E-05	
1.630049E-13	3.664112E-11	-1.192853E-04	
1.261801E-11	3.005470E-11	-2.071824E-04	
2.337840E-11	8.553647E-11	-2.547396E-04	
-1.085357E-13	6.014903E-11	-2.820145E-04	
-1.676167E-11	3.957811E-11	-3.428595E-04	
-1.930633E-11	6.268505E-11	-3.938944E-04	
-4.572997E-11	6.051647E-11	-3.428596E-04	
-4.889110E-11	1.866731E-11	-2.820145E-04	
-2.874460E-11	-2.255535E-11	-2.547395E-04	
-4.049338E-11	1.241547E-11	-2.071824E-04	
-4.764150E-11	-2.089062E-11	-1.192853E-04	
-2.465540E-11	-3.192052E-11	-5.309906E-05	
-4.876158E-12	-2.483325E-11	-2.576722E-05	
-1.183568E-11	2.211303E-12	-2.622590E-05	
-1.209376E-11	2.596819E-11	-5.570706E-05	
-1.094524E-11	4.085360E-11	-1.328502E-04	
-6.235064E-11	8.312479E-12	-2.547396E-04	
-9.527591E-11	2.211581E-11	-2.547396E-04	
-2.691977E-11	-2.368147E-11	-1.328503E-04	
-1.469266E-11	-3.280060E-11	-5.570712E-05	
-4.194509E-12	-2.289205E-11	-2.622598E-05	
-2.580301E-11	5.236666E-12	-2.643503E-05	
-3.672785E-11	2.497475E-11	-5.696751E-05	
-1.677238E-11	3.603946E-11	-1.398975E-04	
-3.385353E-11	1.588028E-11	-2.820145E-04	
5.830313E-12	4.022160E-11	6.608093E-04	
-1.151498E-11	3.837584E-11	5.224421E-04	
-4.199274E-12	7.478251E-11	4.440648E-04	
-1.366682E-11	9.414633E-11	5.224422E-04	
-6.441367E-11	4.228623E-11	6.608095E-04	
-5.657691E-11	-1.252724E-12	-2.820145E-04	
-8.106061E-12	-2.557784E-11	-1.398976E-04	
-9.041811E-12	-3.415578E-11	-5.696752E-05	
-7.367658E-12	-2.478565E-11	-2.643499E-05	
-1.687957E-11	1.195386E-11	-2.690900E-05	
-2.650784E-11	2.353846E-11	-5.993773E-05	
-1.915483E-11	2.627040E-11	-1.572023E-04	
-1.939174E-11	2.322354E-11	-3.428595E-04	
1.573394E-11	2.699877E-11	5.224421E-04	
-5.474545E-11	-2.011451E-12	5.224423E-04	
-2.699624E-11	-2.805194E-11	-3.428596E-04	
-9.954356E-12	-3.054917E-11	-1.572023E-04	
-9.570672E-12	-3.452390E-11	-5.993774E-05	
-9.233438E-12	-2.959224E-11	-2.690896E-05	
-1.049381E-11	1.983783E-11	-2.736574E-05	
-1.360555E-11	2.002967E-11	-6.298990E-05	
-7.516407E-12	2.050799E-11	-1.753835E-04	
-1.159168E-11	1.403050E-11	-3.938944E-04	
-1.925698E-11	2.024218E-11	4.440649E-04	
-1.430650E-11	-3.994009E-11	4.440648E-04	
-1.089780E-11	-4.450722E-11	-3.938944E-04	
-3.267756E-12	-2.839319E-11	-1.753835E-04	
-9.872036E-12	-2.953270E-11	-6.298992E-05	
-8.333212E-12	-3.647211E-11	-2.736571E-05	
-5.967451E-12	2.489722E-11	-2.690900E-05	
-2.414957E-12	1.545528E-11	-5.993774E-05	
-7.946708E-12	2.266466E-11	-1.572023E-04	
-3.122728E-11	1.066694E-11	-3.428596E-04	
-3.957949E-11	5.051220E-11	5.224422E-04	
2.490304E-11	-1.072816E-11	5.224423E-04	
1.228448E-11	-3.260184E-11	-3.428596E-04	
3.793829E-13	-2.368503E-11	-1.572023E-04	
-7.455674E-12	-2.237145E-11	-5.993775E-05	
-9.904305E-12	-4.144523E-11	-2.690899E-05	
-3.416241E-12	2.580238E-11	-2.643504E-05	
4.424455E-12	1.092622E-11	-5.696753E-05	
1.045702E-11	2.210227E-11	-1.398975E-04	
-4.632848E-11	4.184858E-11	-2.820146E-04	
-3.596025E-11	4.419843E-11	6.608092E-04	
7.808021E-11	1.489566E-10	5.224426E-04	
1.348473E-10	7.714089E-11	4.440649E-04	
1.183277E-10	4.759776E-11	5.224424E-04	
3.309865E-11	3.973143E-11	6.608092E-04	
-1.528723E-11	-1.408329E-11	-2.820146E-04	
9.950624E-12	-2.304888E-11	-1.398976E-04	
-3.035907E-12	-1.683796E-11	-5.696754E-05	
-8.815794E-12	-4.293458E-11	-2.643502E-05	
8.285152E-13	2.584568E-11	-2.622602E-05	
2.252296E-12	7.939983E-12	-5.570712E-05	
1.268553E-11	1.736758E-11	-1.328502E-04	
-1.093674E-10	7.287847E-11	-2.547395E-04	
-2.198508E-11	-1.703635E-11	-2.547395E-04	
7.042251E-12	-2.192443E-11	-1.328503E-04	
1.691878E-11	-1.409616E-11	-5.570713E-05	
1.243774E-12	-4.342356E-11	-2.622599E-05	
4.874314E-12	2.247629E-11	-2.576718E-05	
1.129855E-12	1.051398E-11	-5.309903E-05	
-1.194665E-11	2.258232E-11	-1.192853E-04	
-4.856536E-12	5.493043E-11	-2.071824E-04	
7.097261E-12	2.259412E-11	-2.547396E-04	
-1.648752E-12	1.659354E-11	-2.820146E-04	
-8.972053E-12	4.509912E-11	-3.428595E-04	
2.236225E-11	8.331856E-11	-3.938944E-04	
4.715909E-11	6.518815E-11	-3.428595E-04	
6.691555E-11	7.013210E-11	-2.820145E-04	
9.313308E-11	4.682546E-11	-2.547396E-04	
7.344410E-11	-1.114301E-11	-2.071824E-04	
4.217326E-11	-2.070453E-11	-1.192853E-04	
3.577718E-11	-1.663617E-11	-5.309897E-05	
1.960535E-11	-4.095254E-11	-2.576711E-05	
3.318578E-12	1.617647E-11	-2.418904E-05	
3.593749E-12	1.413381E-11	-4.522993E-05	
1.031443E-12	2.561879E-11	-8.491780E-05	
-1.527840E-12	3.202742E-11	-1.192853E-04	
-5.032983E-12	1.133892E-11	-1.328503E-04	
-2.049871E-12	2.790720E-11	-1.398976E-04	
4.057420E-12	3.662804E-11	-1.572023E-04	
2.007824E-11	5.067275E-11	-1.753835E-04	
4.030204E-11	4.683243E-11	-1.572023E-04	
4.747270E-11	3.146887E-11	-1.398975E-04	
4.747083E-11	8.463098E-12	-1.328502E-04	
4.663607E-11	-9.381164E-12	-1.192853E-04	
4.078839E-11	-1.676812E-11	-8.491773E-05	
3.241424E-11	-1.971373E-11	-4.522986E-05	
1.468157E-11	-3.410607E-11	-2.418897E-05	
2.867122E-12	1.008993E-11	-2.058696E-05	
7.885986E-12	1.127304E-11	-3.148098E-05	
1.179524E-11	1.462447E-11	-4.522995E-05	
1.448802E-11	1.841004E-11	-5.309906E-05	
1.547187E-11	1.475770E-11	-5.570712E-05	
1.552514E-11	2.058474E-11	-5.696752E-05	
1.827751E-11	2.492086E-11	-5.993773E-05	
2.821403E-11	2.588594E-11	-6.298991E-05	
3.802982E-11	1.977526E-11	-5.993774E-05	
4.211890E-11	1.752431E-11	-5.696753E-05	
4.381764E-11	-6.645861E-12	-5.570709E-05	
4.125996E-11	-9.141216E-12	-5.309897E-05	
3.521272E-11	-1.022998E-11	-4.522987E-05	
2.636025E-11	-1.538285E-11	-3.148091E-05	
1.038037E-11	-2.250747E-11	-2.058691E-05	
3.182046E-12	3.461402E-12	-1.655161E-05	
8.543659E-12	3.773829E-12	-2.058697E-05	
1.121078E-11	3.265688E-12	-2.418906E-05	
1.118303E-11	1.636259E-12	-2.576721E-05	
1.071317E-11	2.265193E-12	-2.622597E-05	
1.256669E-11	1.235809E-11	-2.643500E-05	
1.741030E-11	1.012386E-11	-2.690896E-05	
2.615739E-11	8.001352E-12	-2.736571E-05	
3.365381E-11	5.053051E-12	-2.690899E-05	
3.636202E-11	2.829128E-12	-2.643502E-05	
3.734876E-11	-1.084609E-11	-2.622597E-05	
3.462760E-11	-2.277823E-12	-2.576712E-05	
2.916471E-11	-3.070305E-12	-2.418898E-05	
2.134725E-11	-5.456370E-12	-2.058691E-05	
8.104055E-12	-7.702266E-12	-1.655157E-05	
-1.592652E-06	-1.592646E-06	-1.590809E-05	
-3.498492E-06	-3.720201E-06	-1.975708E-05	
-3.427033E-06	-5.731572E-06	-2.322343E-05	
-2.726947E-06	-6.631899E-06	-2.474281E-05	
-2.394425E-06	-6.841394E-06	-2.518545E-05	
-2.200789E-06	-6.934680E-06	-2.538719E-05	
-1.628857E-06	-7.234523E-06	-2.584285E-05	
-2.963305E-11	-7.386186E-06	-2.628471E-05	
1.628798E-06	-7.234520E-06	-2.584284E-05	
2.200728E-06	-6.934683E-06	-2.538717E-05	
2.394362E-06	-6.841410E-06	-2.518554E-05	
2.726889E-06	-6.631922E-06	-2.474284E-05	
3.426986E-06	-5.731591E-06	-2.322347E-05	
3.498461E-06	-3.720218E-06	-1.975711E-05	
1.592642E-06	-1.592662E-06	-1.590812E-05	
-3.720207E-06	-3.498473E-06	-1.975708E-05	
-1.130784E-05	-1.130782E-05	-2.954723E-05	
-1.548054E-05	-2.667709E-05	-4.127377E-05	
-1.494401E-05	-3.740826E-05	-4.790470E-05	
-1.403643E-05	-4.141439E-05	-5.008965E-05	
-1.318978E-05	-4.340638E-05	-5.114501E-05	
-1.035616E-05	-4.786705E-05	-5.364099E-05	
-2.063542E-11	-5.305679E-05	-5.618660E-05	
1.035611E-05	-4.786705E-05	-5.364100E-05	
1.318973E-05	-4.340639E-05	-5.114502E-05	
1.403637E-05	-4.141444E-05	-5.008968E-05	
1.494396E-05	-3.740831E-05	-4.790473E-05	
1.548050E-05	-2.667714E-05	-4.127381E-05	
1.130781E-05	-1.130787E-05	-2.954727E-05	
3.720198E-06	-3.498518E-06	-1.975712E-05	
-5.731577E-06	-3.427005E-06	-2.322344E-05	
-2.667711E-05	-1.548051E-05	-4.127377E-05	
-5.688545E-05	-5.688542E-05	-6.992338E-05	
-7.306699E-05	-1.184675E-04	-8.964078E-05	
-7.414586E-05	-1.454194E-04	-9.687912E-05	
-7.191394E-05	-1.601823E-04	-1.005254E-04	
-5.881712E-05	-1.992080E-04	-1.092040E-04	
-2.124809E-11	-2.374853E-04	-1.182594E-04	
5.881705E-05	-1.992080E-04	-1.092040E-04	
7.191388E-05	-1.601823E-04	-1.005254E-04	
7.414583E-05	-1.454193E-04	-9.687909E-05	
7.306694E-05	-1.184675E-04	-8.964082E-05	
5.688540E-05	-5.688548E-05	-6.992343E-05	
2.667708E-05	-1.548058E-05	-4.127382E-05	
5.731572E-06	-3.427071E-06	-2.322350E-05	
-6.631901E-06	-2.726913E-06	-2.474281E-05	
-3.740829E-05	-1.494396E-05	-4.790469E-05	
-1.184675E-04	-7.306700E-05	-8.964076E-05	
-2.238249E-04	-2.238248E-04	-1.102970E-04	
-2.723243E-04	-3.650791E-04	-1.102213E-04	
-2.560664E-04	-4.534894E-04	-1.085753E-04	
-1.795089E-04	-6.110823E-04	-1.091711E-04	
-2.125349E-11	-6.983460E-04	-1.189331E-04	
1.795088E-04	-6.110823E-04	-1.091712E-04	
2.560661E-04	-4.534893E-04	-1.085753E-04	
2.723240E-04	-3.650790E-04	-1.102213E-04	
2.238248E-04	-2.238249E-04	-1.102970E-04	
1.184674E-04	-7.306702E-05	-8.964083E-05	
3.740825E-05	-1.494407E-05	-4.790476E-05	
6.631902E-06	-2.726998E-06	-2.474289E-05	
-6.841425E-06	-2.394389E-06	-2.518545E-05	
-4.141444E-05	-1.403637E-05	-5.008965E-05	
-1.454194E-04	-7.414592E-05	-9.687910E-05	
-3.650792E-04	-2.723240E-04	-1.102213E-04	
-5.106313E-04	-5.106310E-04	2.705095E-05	
-4.509315E-04	-6.652022E-04	1.586617E-04	
-2.691091E-04	-9.164326E-04	1.772980E-04	
-1.456056E-10	-1.024105E-03	1.699929E-04	
2.691090E-04	-9.164326E-04	1.772978E-04	
4.509312E-04	-6.652019E-04	1.586615E-04	
5.106306E-04	-5.106309E-04	2.705283E-05	
3.650789E-04	-2.723242E-04	-1.102213E-04	
1.454193E-04	-7.414591E-05	-9.687917E-05	
4.141441E-05	-1.403650E-05	-5.008972E-05	
6.841403E-06	-2.394484E-06	-2.518554E-05	
-6.934711E-06	-2.200750E-06	-2.538720E-05	
-4.340641E-05	-1.318973E-05	-5.114501E-05	
-1.601823E-04	-7.191395E-05	-1.005254E-04	
-4.534893E-04	-2.560662E-04	-1.085753E-04	
-6.652019E-04	-4.509318E-04	1.586602E-04	
-6.100949E-04	-6.100951E-04	4.178033E-04	
-3.467220E-04	-9.984230E-04	4.609637E-04	
2.663682E-11	-1.063661E-03	4.530592E-04	
3.467220E-04	-9.984230E-04	4.609636E-04	
6.100947E-04	-6.100947E-04	4.178033E-04	
6.652017E-04	-4.509313E-04	1.586616E-04	
4.534892E-04	-2.560664E-04	-1.085754E-04	
1.601823E-04	-7.191397E-05	-1.005254E-04	
4.340641E-05	-1.318985E-05	-5.114500E-05	
6.934697E-06	-2.200843E-06	-2.538715E-05	
-7.234532E-06	-1.628814E-06	-2.584286E-05	
-4.786707E-05	-1.035612E-05	-5.364098E-05	
-1.992080E-04	-5.881709E-05	-1.092040E-04	
-6.110823E-04	-1.795089E-04	-1.091711E-04	
-9.164326E-04	-2.691097E-04	1.772973E-04	
-9.984231E-04	-3.467221E-04	4.609637E-04	
-5.679698E-04	-5.679697E-04	1.500918E-03	
-2.822922E-11	-5.849016E-04	1.193643E-03	
5.679698E-04	-5.679697E-04	1.500918E-03	
9.984232E-04	-3.467219E-04	4.609638E-04	
9.164330E-04	-2.691093E-04	1.772981E-04	
6.110825E-04	-1.795090E-04	-1.091711E-04	
1.992081E-04	-5.881714E-05	-1.092040E-04	
4.786708E-05	-1.035622E-05	-5.364098E-05	
7.234525E-06	-1.628902E-06	-2.584282E-05	
-7.386197E-06	1.872745E-11	-2.628472E-05	
-5.305681E-05	1.909401E-11	-5.618660E-05	
-2.374853E-04	1.502752E-11	-1.182594E-04	
-6.983460E-04	-2.348013E-11	-1.189330E-04	
-1.024105E-03	-2.587756E-10	1.699929E-04	
-1.063661E-03	-5.045924E-11	4.530593E-04	
-5.849017E-04	1.125073E-10	1.193643E-03	
1.352676E-11	3.118399E-11	8.611647E-04	
5.849018E-04	4.946112E-11	1.193643E-03	
1.063662E-03	-7.755904E-11	4.530592E-04	
1.024105E-03	-2.972414E-11	1.699932E-04	
6.983461E-04	-3.572616E-11	-1.189331E-04	
2.374853E-04	-3.073816E-11	-1.182595E-04	
5.305682E-05	-5.044916E-11	-5.618661E-05	
7.386196E-06	-6.549220E-11	-2.628470E-05	
-7.234524E-06	1.628849E-06	-2.584286E-05	
-4.786705E-05	1.035616E-05	-5.364098E-05	
-1.992080E-04	5.881713E-05	-1.092040E-04	
-6.110824E-04	1.795089E-04	-1.091711E-04	
-9.164327E-04	2.691091E-04	1.772976E-04	
-9.984232E-04	3.467221E-04	4.609637E-04	
-5.679699E-04	5.679699E-04	1.500918E-03	
-6.779305E-11	5.849017E-04	1.193643E-03	
5.679697E-04	5.679698E-04	1.500918E-03	
9.984231E-04	3.467221E-04	4.609638E-04	
9.164327E-04	2.691093E-04	1.772980E-04	
6.110824E-04	1.795088E-04	-1.091712E-04	
1.992080E-04	5.881708E-05	-1.092040E-04	
4.786707E-05	1.035611E-05	-5.364100E-05	
7.234524E-06	1.628765E-06	-2.584285E-05	
-6.934694E-06	2.200778E-06	-2.538719E-05	
-4.340637E-05	1.318977E-05	-5.114502E-05	
-1.601823E-04	7.191404E-05	-1.005254E-04	
-4.534893E-04	2.560661E-04	-1.085752E-04	
-6.652018E-04	4.509315E-04	1.586612E-04	
-6.100948E-04	6.100951E-04	4.178030E-04	
-3.467219E-04	9.984232E-04	4.609640E-04	
-1.247286E-11	1.063662E-03	4.530592E-04	
3.467220E-04	9.984231E-04	4.609638E-04	
6.100952E-04	6.100951E-04	4.178031E-04	
6.652023E-04	4.509314E-04	1.586612E-04	
4.534895E-04	2.560663E-04	-1.085754E-04	
1.601823E-04	7.191391E-05	-1.005255E-04	
4.340642E-05	1.318974E-05	-5.114503E-05	
6.934696E-06	2.200695E-06	-2.538718E-05	
-6.841399E-06	2.394412E-06	-2.518556E-05	
-4.141443E-05	1.403642E-05	-5.008968E-05	
-1.454194E-04	7.414604E-05	-9.687908E-05	
-3.650789E-04	2.723239E-04	-1.102211E-04	
-5.106306E-04	5.106309E-04	2.705288E-05	
-4.509309E-04	6.652022E-04	1.586613E-04	
-2.691083E-04	9.164329E-04	1.772985E-04	
1.231863E-09	1.024105E-03	1.699929E-04	
2.691101E-04	9.164327E-04	1.772984E-04	
4.509318E-04	6.652021E-04	1.586617E-04	
5.106311E-04	5.106309E-04	2.705264E-05	
3.650791E-04	2.723242E-04	-1.102213E-04	
1.454194E-04	7.414583E-05	-9.687910E-05	
4.141449E-05	1.403638E-05	-5.008970E-05	
6.841422E-06	2.394330E-06	-2.518555E-05	
-6.631901E-06	2.726937E-06	-2.474283E-05	
-3.740831E-05	1.494401E-05	-4.790472E-05	
-1.184674E-04	7.306708E-05	-8.964080E-05	
-2.238248E-04	2.238247E-04	-1.102971E-04	
-2.723241E-04	3.650790E-04	-1.102214E-04	
-2.560662E-04	4.534895E-04	-1.085753E-04	
-1.795088E-04	6.110825E-04	-1.091711E-04	
5.646303E-11	6.983461E-04	-1.189330E-04	
1.795089E-04	6.110824E-04	-1.091710E-04	
2.560663E-04	4.534895E-04	-1.085753E-04	
2.723241E-04	3.650790E-04	-1.102212E-04	
2.238249E-04	2.238249E-04	-1.102969E-04	
1.184675E-04	7.306695E-05	-8.964074E-05	
3.740833E-05	1.494397E-05	-4.790465E-05	
6.631933E-06	2.726861E-06	-2.474277E-05	
-5.731579E-06	3.427029E-06	-2.322346E-05	
-2.667712E-05	1.548054E-05	-4.127380E-05	
-5.688545E-05	5.688546E-05	-6.992342E-05	
-7.306704E-05	1.184675E-04	-8.964080E-05	
-7.414597E-05	1.454194E-04	-9.687912E-05	
-7.191401E-05	1.601824E-04	-1.005255E-04	
-5.881713E-05	1.992081E-04	-1.092040E-04	
1.559497E-11	2.374854E-04	-1.182594E-04	
5.881714E-05	1.992081E-04	-1.092040E-04	
7.191399E-05	1.601824E-04	-1.005254E-04	
7.414594E-05	1.454193E-04	-9.687907E-05	
7.306704E-05	1.184674E-04	-8.964074E-05	
5.688549E-05	5.688543E-05	-6.992335E-05	
2.667715E-05	1.548050E-05	-4.127373E-05	
5.731597E-06	3.426966E-06	-2.322340E-05	
-3.720207E-06	3.498493E-06	-1.975711E-05	
-1.130784E-05	1.130784E-05	-2.954727E-05	
-1.548054E-05	2.667712E-05	-4.127381E-05	
-1.494400E-05	3.740831E-05	-4.790474E-05	
-1.403641E-05	4.141446E-05	-5.008970E-05	
-1.318976E-05	4.340644E-05	-5.114502E-05	
-1.035615E-05	4.786709E-05	-5.364098E-05	
1.370197E-11	5.305685E-05	-5.618660E-05	
1.035618E-05	4.786708E-05	-5.364098E-05	
1.318980E-05	4.340642E-05	-5.114501E-05	
1.403645E-05	4.141440E-05	-5.008968E-05	
1.494403E-05	3.740829E-05	-4.790466E-05	
1.548056E-05	2.667710E-05	-4.127374E-05	
1.130786E-05	1.130781E-05	-2.954720E-05	
3.720217E-06	3.498451E-06	-1.975705E-05	
-1.592651E-06	1.592654E-06	-1.590812E-05	
-3.498486E-06	3.720210E-06	-1.975712E-05	
-3.427024E-06	5.731582E-06	-2.322349E-05	
-2.726937E-06	6.631905E-06	-2.474287E-05	
-2.394414E-06	6.841408E-06	-2.518552E-05	
-2.200776E-06	6.934714E-06	-2.538716E-05	
-1.628838E-06	7.234540E-06	-2.584283E-05	
5.505695E-12	7.386205E-06	-2.628470E-05	
1.628844E-06	7.234526E-06	-2.584285E-05	
2.200774E-06	6.934693E-06	-2.538718E-05	
2.394408E-06	6.841380E-06	-2.518554E-05	
2.726936E-06	6.631908E-06	-2.474277E-05	
3.427033E-06	5.731578E-06	-2.322341E-05	
3.498499E-06	3.720200E-06	-1.975706E-05	
1.592657E-06	1.592639E-06	-1.590807E-05	
-2.277704E-06	-2.277698E-06	-1.342403E-05	
-5.035248E-06	-5.197802E-06	-1.658719E-05	
-4.968833E-06	-8.112191E-06	-1.952647E-05	
-3.975241E-06	-9.258261E-06	-2.087243E-05	
-3.502983E-06	-9.567604E-06	-2.127613E-05	
-3.217190E-06	-9.701936E-06	-2.146287E-05	
-2.387144E-06	-9.962530E-06	-2.188979E-05	
-2.484870E-11	-1.015593E-05	-2.231226E-05	
2.387094E-06	-9.962527E-06	-2.188979E-05	
3.217143E-06	-9.701940E-06	-2.146286E-05	
3.502938E-06	-9.567608E-06	-2.127618E-05	
3.975196E-06	-9.258279E-06	-2.087246E-05	
4.968793E-06	-8.112210E-06	-1.952649E-05	
5.035219E-06	-5.197820E-06	-1.658721E-05	
2.277693E-06	-2.277716E-06	-1.342405E-05	
-5.197807E-06	-5.035232E-06	-1.658719E-05	
-1.505937E-05	-1.505935E-05	-2.294977E-05	
-1.997176E-05	-3.311345E-05	-2.862447E-05	
-1.905467E-05	-4.632636E-05	-3.113693E-05	
-1.780471E-05	-5.108482E-05	-3.186660E-05	
-1.674342E-05	-5.346658E-05	-3.219941E-05	
-1.310725E-05	-5.933375E-05	-3.295812E-05	
-2.788752E-11	-6.565677E-05	-3.367624E-05	
1.310719E-05	-5.933374E-05	-3.295812E-05	
1.674336E-05	-5.346660E-05	-3.219941E-05	
1.780466E-05	-5.108483E-05	-3.186656E-05	
1.905462E-05	-4.632641E-05	-3.113696E-05	
1.997171E-05	-3.311350E-05	-2.862451E-05	
1.505934E-05	-1.505940E-05	-2.294980E-05	
5.197797E-06	-5.035286E-06	-1.658722E-05	
-8.112193E-06	-4.968808E-06	-1.952647E-05	
-3.311347E-05	-1.997172E-05	-2.862447E-05	
-6.189616E-05	-6.189613E-05	-3.114178E-05	
-7.415860E-05	-1.089232E-04	-2.447159E-05	
-7.435890E-05	-1.298923E-04	-2.079143E-05	
-7.138514E-05	-1.412252E-04	-1.867830E-05	
-5.773994E-05	-1.684531E-04	-1.317502E-05	
-2.670070E-11	-1.961863E-04	-7.217446E-06	
5.773989E-05	-1.684531E-04	-1.317502E-05	
7.138508E-05	-1.412252E-04	-1.867831E-05	
7.435884E-05	-1.298923E-04	-2.079144E-05	
7.415855E-05	-1.089233E-04	-2.447166E-05	
6.189611E-05	-6.189619E-05	-3.114183E-05	
3.311344E-05	-1.997181E-05	-2.862452E-05	
8.112186E-06	-4.968894E-06	-1.952652E-05	
-9.258262E-06	-3.975208E-06	-2.087245E-05	
-4.632637E-05	-1.905462E-05	-3.113693E-05	
-1.089233E-04	-7.415854E-05	-2.447158E-05	
-1.520847E-04	-1.520848E-04	2.008636E-05	
-1.603500E-04	-1.879264E-04	5.228616E-05	
-1.554601E-04	-2.080049E-04	7.190803E-05	
-1.244062E-04	-2.589636E-04	1.135709E-04	
-2.341604E-11	-3.078192E-04	1.435029E-04	
1.244062E-04	-2.589636E-04	1.135709E-04	
1.554601E-04	-2.080050E-04	7.190801E-05	
1.603501E-04	-1.879264E-04	5.228605E-05	
1.520847E-04	-1.520847E-04	2.008625E-05	
1.089232E-04	-7.415863E-05	-2.447166E-05	
4.632634E-05	-1.905472E-05	-3.113698E-05	
9.258254E-06	-3.975315E-06	-2.087250E-05	
-9.567622E-06	-3.502946E-06	-2.127614E-05	
-5.108484E-05	-1.780465E-05	-3.186660E-05	
-1.298923E-04	-7.435880E-05	-2.079140E-05	
-1.879264E-04	-1.603502E-04	5.228614E-05	
-1.989527E-04	-1.989529E-04	1.016921E-04	
-1.958193E-04	-2.208170E-04	1.250221E-04	
-1.573079E-04	-2.795354E-04	2.055442E-04	
7.134374E-11	-3.340421E-04	2.509171E-04	
1.573080E-04	-2.795355E-04	2.055442E-04	
1.958194E-04	-2.208172E-04	1.250220E-04	
1.989529E-04	-1.989529E-04	1.016922E-04	
1.879264E-04	-1.603501E-04	5.228609E-05	
1.298923E-04	-7.435893E-05	-2.079152E-05	
5.108483E-05	-1.780477E-05	-3.186665E-05	
9.567604E-06	-3.503061E-06	-2.127620E-05	
-9.701967E-06	-3.217152E-06	-2.146286E-05	
-5.346665E-05	-1.674336E-05	-3.219939E-05	
-1.412252E-04	-7.138506E-05	-1.867827E-05	
-2.080049E-04	-1.554602E-04	7.190806E-05	
-2.208172E-04	-1.958197E-04	1.250221E-04	
-2.170105E-04	-2.170103E-04	1.465164E-04	
-1.745983E-04	-2.655505E-04	2.667033E-04	
1.075301E-10	-3.204659E-04	3.181702E-04	
1.745984E-04	-2.655505E-04	2.667034E-04	
2.170105E-04	-2.170105E-04	1.465164E-04	
2.208171E-04	-1.958194E-04	1.250223E-04	
2.080050E-04	-1.554602E-04	7.190801E-05	
1.412253E-04	-7.138517E-05	-1.867830E-05	
5.346663E-05	-1.674348E-05	-3.219941E-05	
9.701957E-06	-3.217266E-06	-2.146283E-05	
-9.962551E-06	-2.387106E-06	-2.188979E-05	
-5.933378E-05	-1.310719E-05	-3.295810E-05	
-1.684531E-04	-5.773989E-05	-1.317498E-05	
-2.589637E-04	-1.244062E-04	1.135709E-04	
-2.795356E-04	-1.573082E-04	2.055441E-04	
-2.655506E-04	-1.745983E-04	2.667034E-04	
-2.120328E-04	-2.120328E-04	3.398256E-04	
2.135107E-11	-2.536196E-04	4.422151E-04	
2.120329E-04	-2.120328E-04	3.398257E-04	
2.655507E-04	-1.745983E-04	2.667033E-04	
2.795356E-04	-1.573079E-04	2.055442E-04	
2.589637E-04	-1.244062E-04	1.135710E-04	
1.684531E-04	-5.773997E-05	-1.317501E-05	
5.933378E-05	-1.310730E-05	-3.295810E-05	
9.962536E-06	-2.387215E-06	-2.188977E-05	
-1.015595E-05	1.593009E-11	-2.231227E-05	
-6.565681E-05	1.734993E-11	-3.367624E-05	
-1.961863E-04	2.148154E-11	-7.217420E-06	
-3.078192E-04	2.994763E-11	1.435029E-04	
-3.340421E-04	-3.069993E-11	2.509171E-04	
-3.204660E-04	-3.077975E-11	3.181702E-04	
-2.536196E-04	8.363082E-11	4.422152E-04	
3.675322E-11	5.748786E-11	5.425808E-04	
2.536197E-04	2.619815E-11	4.422151E-04	
3.204660E-04	8.313440E-12	3.181702E-04	
3.340421E-04	-9.109569E-12	2.509171E-04	
3.078192E-04	-2.504593E-11	1.435029E-04	
1.961863E-04	-4.289661E-11	-7.217469E-06	
6.565680E-05	-6.413809E-11	-3.367625E-05	
1.015593E-05	-8.570748E-11	-2.231226E-05	
-9.962543E-06	2.387138E-06	-2.188979E-05	
-5.933377E-05	1.310723E-05	-3.295810E-05	
-1.684531E-04	5.773993E-05	-1.317497E-05	
-2.589636E-04	1.244062E-04	1.135710E-04	
-2.795355E-04	1.573080E-04	2.055442E-04	
-2.655506E-04	1.745984E-04	2.667033E-04	
-2.120328E-04	2.120329E-04	3.398255E-04	
2.278631E-11	2.536197E-04	4.422152E-04	
2.120329E-04	2.120328E-04	3.398255E-04	
2.655506E-04	1.745984E-04	2.667034E-04	
2.795355E-04	1.573079E-04	2.055443E-04	
2.589637E-04	1.244062E-04	1.135709E-04	
1.684531E-04	5.773988E-05	-1.317503E-05	
5.933376E-05	1.310717E-05	-3.295813E-05	
9.962526E-06	2.387044E-06	-2.188980E-05	
-9.701958E-06	3.217185E-06	-2.146286E-05	
-5.346663E-05	1.674340E-05	-3.219940E-05	
-1.412252E-04	7.138510E-05	-1.867829E-05	
-2.080050E-04	1.554602E-04	7.190810E-05	
-2.208172E-04	1.958196E-04	1.250221E-04	
-2.170106E-04	2.170105E-04	1.465164E-04	
-1.745984E-04	2.655506E-04	2.667034E-04	
5.546013E-11	3.204660E-04	3.181702E-04	
1.745984E-04	2.655506E-04	2.667034E-04	
2.170105E-04	2.170104E-04	1.465164E-04	
2.208172E-04	1.958195E-04	1.250222E-04	
2.080050E-04	1.554601E-04	7.190802E-05	
1.412253E-04	7.138508E-05	-1.867832E-05	
5.346661E-05	1.674336E-05	-3.219942E-05	
9.701943E-06	3.217099E-06	-2.146287E-05	
-9.567604E-06	3.502979E-06	-2.127620E-05	
-5.108487E-05	1.780468E-05	-3.186657E-05	
-1.298923E-04	7.435884E-05	-2.079146E-05	
-1.879265E-04	1.603503E-04	5.228617E-05	
-1.989531E-04	1.989531E-04	1.016923E-04	
-1.958197E-04	2.208171E-04	1.250224E-04	
-1.573080E-04	2.795355E-04	2.055445E-04	
7.723422E-11	3.340421E-04	2.509171E-04	
1.573079E-04	2.795355E-04	2.055444E-04	
1.958195E-04	2.208171E-04	1.250223E-04	
1.989529E-04	1.989529E-04	1.016924E-04	
1.879265E-04	1.603500E-04	5.228608E-05	
1.298924E-04	7.435884E-05	-2.079144E-05	
5.108486E-05	1.780466E-05	-3.186658E-05	
9.567613E-06	3.502898E-06	-2.127621E-05	
-9.258266E-06	3.975239E-06	-2.087246E-05	
-4.632638E-05	1.905465E-05	-3.113695E-05	
-1.089233E-04	7.415857E-05	-2.447163E-05	
-1.520847E-04	1.520848E-04	2.008623E-05	
-1.603501E-04	1.879265E-04	5.228602E-05	
-1.554601E-04	2.080050E-04	7.190807E-05	
-1.244062E-04	2.589637E-04	1.135710E-04	
1.950576E-11	3.078193E-04	1.435029E-04	
1.244062E-04	2.589637E-04	1.135710E-04	
1.554602E-04	2.080050E-04	7.190807E-05	
1.603501E-04	1.879264E-04	5.228611E-05	
1.520847E-04	1.520847E-04	2.008635E-05	
1.089233E-04	7.415855E-05	-2.447158E-05	
4.632642E-05	1.905461E-05	-3.113688E-05	
9.258289E-06	3.975158E-06	-2.087239E-05	
-8.112198E-06	4.968835E-06	-1.952650E-05	
-3.311348E-05	1.997176E-05	-2.862450E-05	
-6.189617E-05	6.189616E-05	-3.114182E-05	
-7.415860E-05	1.089232E-04	-2.447164E-05	
-7.435889E-05	1.298923E-04	-2.079146E-05	
-7.138513E-05	1.412253E-04	-1.867831E-05	
-5.773993E-05	1.684532E-04	-1.317500E-05	
1.182857E-11	1.961864E-04	-7.217442E-06	
5.773995E-05	1.684532E-04	-1.317499E-05	
7.138517E-05	1.412253E-04	-1.867828E-05	
7.435893E-05	1.298923E-04	-2.079140E-05	
7.415864E-05	1.089232E-04	-2.447158E-05	
6.189619E-05	6.189613E-05	-3.114176E-05	
3.311351E-05	1.997171E-05	-2.862444E-05	
8.112215E-06	4.968761E-06	-1.952643E-05	
-5.197809E-06	5.035251E-06	-1.658721E-05	
-1.505937E-05	1.505937E-05	-2.294980E-05	
-1.997176E-05	3.311348E-05	-2.862451E-05	
-1.905465E-05	4.632639E-05	-3.113697E-05	
-1.780469E-05	5.108485E-05	-3.186662E-05	
-1.674340E-05	5.346665E-05	-3.219940E-05	
-1.310723E-05	5.933380E-05	-3.295810E-05	
4.835767E-12	6.565684E-05	-3.367624E-05	
1.310724E-05	5.933379E-05	-3.295811E-05	
1.674343E-05	5.346663E-05	-3.219941E-05	
1.780472E-05	5.108483E-05	-3.186656E-05	
1.905468E-05	4.632638E-05	-3.113689E-05	
1.997177E-05	3.311346E-05	-2.862444E-05	
1.505939E-05	1.505934E-05	-2.294975E-05	
5.197817E-06	5.035202E-06	-1.658716E-05	
-2.277704E-06	2.277705E-06	-1.342405E-05	
-5.035251E-06	5.197810E-06	-1.658722E-05	
-4.968841E-06	8.112198E-06	-1.952651E-05	
-3.975253E-06	9.258262E-06	-2.087249E-05	
-3.502997E-06	9.567616E-06	-2.127618E-05	
-3.217201E-06	9.701971E-06	-2.146283E-05	
-2.387148E-06	9.962551E-06	-2.188977E-05	
-1.101072E-11	1.015595E-05	-2.231225E-05	
2.387125E-06	9.962540E-06	-2.188979E-05	
3.217180E-06	9.701954E-06	-2.146286E-05	
3.502977E-06	9.567603E-06	-2.127619E-05	
3.975235E-06	9.258268E-06	-2.087240E-05	
4.968830E-06	8.112196E-06	-1.952644E-05	
5.035251E-06	5.197800E-06	-1.658716E-05	
2.277707E-06	2.277689E-06	-1.342401E-05	
-3.185456E-06	-3.185450E-06	-5.791733E-06	
-7.124944E-06	-6.902814E-06	-7.123571E-06	
-7.189688E-06	-1.094328E-05	-8.397534E-06	
-5.881012E-06	-1.298049E-05	-9.013199E-06	
-5.226412E-06	-1.360987E-05	-9.203629E-06	
-4.819310E-06	-1.390424E-05	-9.293193E-06	
-3.612311E-06	-1.458536E-05	-9.501438E-06	
-2.244693E-11	-1.526380E-05	-9.710411E-06	
3.612267E-06	-1.458537E-05	-9.501437E-06	
4.819268E-06	-1.390425E-05	-9.293190E-06	
5.226372E-06	-1.360983E-05	-9.203645E-06	
5.880971E-06	-1.298051E-05	-9.013210E-06	
7.189651E-06	-1.094329E-05	-8.397546E-06	
7.124916E-06	-6.902834E-06	-7.123582E-06	
3.185446E-06	-3.185471E-06	-5.791743E-06	
-6.902818E-06	-7.124930E-06	-7.123573E-06	
-1.786920E-05	-1.786918E-05	-9.143010E-06	
-2.123684E-05	-3.213675E-05	-9.965649E-06	
-1.904555E-05	-4.063732E-05	-9.781731E-06	
-1.745360E-05	-4.350697E-05	-9.630471E-06	
-1.627968E-05	-4.490550E-05	-9.538155E-06	
-1.250581E-05	-4.821107E-05	-9.285996E-06	
-2.729401E-11	-5.159291E-05	-8.984592E-06	
1.250576E-05	-4.821107E-05	-9.285995E-06	
1.627962E-05	-4.490551E-05	-9.538157E-06	
1.745354E-05	-4.350701E-05	-9.630438E-06	
1.904550E-05	-4.063739E-05	-9.781748E-06	
2.123680E-05	-3.213682E-05	-9.965666E-06	
1.786917E-05	-1.786925E-05	-9.143026E-06	
6.902808E-06	-7.124993E-06	-7.123587E-06	
-1.094327E-05	-7.189674E-06	-8.397539E-06	
-3.213677E-05	-2.123681E-05	-9.965651E-06	
-4.320417E-05	-4.320413E-05	-3.677279E-06	
-4.161293E-05	-5.767425E-05	5.526537E-06	
-3.902397E-05	-6.272149E-05	9.662580E-06	
-3.671811E-05	-6.521565E-05	1.189835E-05	
-2.873278E-05	-7.122572E-05	1.742784E-05	
-1.820398E-11	-7.752884E-05	2.335024E-05	
2.873275E-05	-7.122571E-05	1.742785E-05	
3.671808E-05	-6.521567E-05	1.189836E-05	
3.902395E-05	-6.272164E-05	9.662519E-06	
4.161290E-05	-5.767436E-05	5.526494E-06	
4.320413E-05	-4.320423E-05	-3.677308E-06	
3.213674E-05	-2.123691E-05	-9.965671E-06	
1.094327E-05	-7.189771E-06	-8.397559E-06	
-1.298048E-05	-5.881004E-06	-9.013209E-06	
-4.063733E-05	-1.904550E-05	-9.781735E-06	
-5.767428E-05	-4.161289E-05	5.526530E-06	
-5.705797E-05	-5.705793E-05	2.679216E-05	
-5.384614E-05	-6.253884E-05	3.513762E-05	
-5.082185E-05	-6.523508E-05	3.947605E-05	
-4.018637E-05	-7.164338E-05	5.131226E-05	
-2.288902E-11	-7.862649E-05	6.548878E-05	
4.018633E-05	-7.164338E-05	5.131228E-05	
5.082181E-05	-6.523512E-05	3.947608E-05	
5.384612E-05	-6.253893E-05	3.513760E-05	
5.705795E-05	-5.705807E-05	2.679209E-05	
5.767426E-05	-4.161301E-05	5.526494E-06	
4.063731E-05	-1.904562E-05	-9.781757E-06	
1.298048E-05	-5.881120E-06	-9.013229E-06	
-1.360986E-05	-5.226409E-06	-9.203640E-06	
-4.350699E-05	-1.745355E-05	-9.630477E-06	
-6.272153E-05	-3.902393E-05	9.662576E-06	
-6.253887E-05	-5.384610E-05	3.513769E-05	
-5.917969E-05	-5.917974E-05	4.485521E-05	
-5.575950E-05	-6.179056E-05	5.111182E-05	
-4.418343E-05	-6.781051E-05	6.268410E-05	
-3.908044E-12	-7.455698E-05	8.035528E-05	
4.418343E-05	-6.781051E-05	6.268418E-05	
5.575951E-05	-6.179063E-05	5.111172E-05	
5.917965E-05	-5.917973E-05	4.485509E-05	
6.253886E-05	-5.384626E-05	3.513761E-05	
6.272155E-05	-3.902405E-05	9.662535E-06	
4.350697E-05	-1.745367E-05	-9.630501E-06	
1.360986E-05	-5.226531E-06	-9.203664E-06	
-1.390427E-05	-4.819302E-06	-9.293182E-06	
-4.490555E-05	-1.627963E-05	-9.538144E-06	
-6.521568E-05	-3.671806E-05	1.189838E-05	
-6.523511E-05	-5.082180E-05	3.947607E-05	
-6.179060E-05	-5.575957E-05	5.111184E-05	
-5.825544E-05	-5.825545E-05	5.911790E-05	
-4.620816E-05	-6.447566E-05	6.696074E-05	
-6.250920E-12	-7.081872E-05	8.714338E-05	
4.620822E-05	-6.447568E-05	6.696079E-05	
5.825554E-05	-5.825550E-05	5.911780E-05	
6.179069E-05	-5.575962E-05	5.111191E-05	
6.523518E-05	-5.082195E-05	3.947609E-05	
6.521571E-05	-3.671819E-05	1.189836E-05	
4.490555E-05	-1.627975E-05	-9.538151E-06	
1.390426E-05	-4.819424E-06	-9.293173E-06	
-1.458539E-05	-3.612293E-06	-9.501433E-06	
-4.821111E-05	-1.250576E-05	-9.285986E-06	
-7.122574E-05	-2.873274E-05	1.742786E-05	
-7.164339E-05	-4.018633E-05	5.131229E-05	
-6.781053E-05	-4.418337E-05	6.268413E-05	
-6.447571E-05	-4.620815E-05	6.696075E-05	
-5.137364E-05	-5.137359E-05	9.039119E-05	
4.369957E-11	-5.666754E-05	1.101879E-04	
5.137372E-05	-5.137362E-05	9.039123E-05	
6.447578E-05	-4.620821E-05	6.696076E-05	
6.781060E-05	-4.418348E-05	6.268407E-05	
7.164346E-05	-4.018645E-05	5.131229E-05	
7.122578E-05	-2.873285E-05	1.742785E-05	
4.821112E-05	-1.250588E-05	-9.285990E-06	
1.458538E-05	-3.612415E-06	-9.501426E-06	
-1.526382E-05	1.448494E-11	-9.710409E-06	
-5.159295E-05	2.249040E-11	-8.984588E-06	
-7.752887E-05	3.615101E-11	2.335026E-05	
-7.862652E-05	4.119167E-11	6.548880E-05	
-7.455702E-05	6.768975E-11	8.035524E-05	
-7.081876E-05	5.044114E-11	8.714336E-05	
-5.666757E-05	5.878371E-11	1.101879E-04	
4.014774E-11	6.497970E-11	1.378744E-04	
5.666765E-05	4.357055E-11	1.101879E-04	
7.081884E-05	8.320914E-12	8.714340E-05	
7.455710E-05	2.263587E-11	8.035523E-05	
7.862659E-05	-3.970910E-11	6.548877E-05	
7.752890E-05	-5.648536E-11	2.335024E-05	
5.159294E-05	-8.613499E-11	-8.984596E-06	
1.526381E-05	-1.138057E-10	-9.710409E-06	
-1.458538E-05	3.612321E-06	-9.501434E-06	
-4.821110E-05	1.250581E-05	-9.285986E-06	
-7.122573E-05	2.873281E-05	1.742787E-05	
-7.164339E-05	4.018641E-05	5.131230E-05	
-6.781052E-05	4.418357E-05	6.268406E-05	
-6.447570E-05	4.620824E-05	6.696073E-05	
-5.137364E-05	5.137371E-05	9.039120E-05	
3.278819E-11	5.666768E-05	1.101879E-04	
5.137369E-05	5.137371E-05	9.039117E-05	
6.447574E-05	4.620822E-05	6.696082E-05	
6.781057E-05	4.418350E-05	6.268411E-05	
7.164343E-05	4.018637E-05	5.131227E-05	
7.122575E-05	2.873274E-05	1.742784E-05	
4.821109E-05	1.250571E-05	-9.286007E-06	
1.458537E-05	3.612180E-06	-9.501447E-06	
-1.390427E-05	4.819328E-06	-9.293189E-06	
-4.490554E-05	1.627967E-05	-9.538146E-06	
-6.521567E-05	3.671815E-05	1.189838E-05	
-6.523511E-05	5.082188E-05	3.947607E-05	
-6.179059E-05	5.575967E-05	5.111179E-05	
-5.825544E-05	5.825555E-05	5.911790E-05	
-4.620815E-05	6.447578E-05	6.696077E-05	
2.519249E-11	7.081888E-05	8.714341E-05	
4.620820E-05	6.447578E-05	6.696075E-05	
5.825550E-05	5.825554E-05	5.911792E-05	
6.179065E-05	5.575964E-05	5.111182E-05	
6.523514E-05	5.082185E-05	3.947607E-05	
6.521568E-05	3.671807E-05	1.189835E-05	
4.490552E-05	1.627957E-05	-9.538170E-06	
1.390425E-05	4.819178E-06	-9.293203E-06	
-1.360985E-05	5.226434E-06	-9.203647E-06	
-4.350702E-05	1.745359E-05	-9.630435E-06	
-6.272164E-05	3.902402E-05	9.662528E-06	
-6.253890E-05	5.384618E-05	3.513757E-05	
-5.917968E-05	5.917974E-05	4.485501E-05	
-5.575953E-05	6.179069E-05	5.111173E-05	
-4.418342E-05	6.781061E-05	6.268412E-05	
7.694948E-12	7.455714E-05	8.035525E-05	
4.418347E-05	6.781062E-05	6.268415E-05	
5.575959E-05	6.179068E-05	5.111185E-05	
5.917974E-05	5.917978E-05	4.485512E-05	
6.253893E-05	5.384616E-05	3.513757E-05	
6.272165E-05	3.902394E-05	9.662506E-06	
4.350704E-05	1.745348E-05	-9.630453E-06	
1.360985E-05	5.226279E-06	-9.203660E-06	
-1.298049E-05	5.881030E-06	-9.013215E-06	
-4.063737E-05	1.904555E-05	-9.781751E-06	
-5.767433E-05	4.161296E-05	5.526493E-06	
-5.705801E-05	5.705800E-05	2.679213E-05	
-5.384618E-05	6.253892E-05	3.513763E-05	
-5.082188E-05	6.523519E-05	3.947607E-05	
-4.018640E-05	7.164348E-05	5.131227E-05	
1.131191E-11	7.862663E-05	6.548877E-05	
4.018643E-05	7.164347E-05	5.131227E-05	
5.082193E-05	6.523517E-05	3.947607E-05	
5.384623E-05	6.253894E-05	3.513757E-05	
5.705806E-05	5.705798E-05	2.679212E-05	
5.767437E-05	4.161290E-05	5.526534E-06	
4.063741E-05	1.904545E-05	-9.781707E-06	
1.298052E-05	5.880889E-06	-9.013171E-06	
-1.094328E-05	7.189699E-06	-8.397548E-06	
-3.213679E-05	2.123685E-05	-9.965666E-06	
-4.320419E-05	4.320419E-05	-3.677305E-06	
-4.161297E-05	5.767432E-05	5.526498E-06	
-3.902403E-05	6.272158E-05	9.662519E-06	
-3.671815E-05	6.521573E-05	1.189837E-05	
-2.873281E-05	7.122579E-05	1.742786E-05	
5.399323E-12	7.752893E-05	2.335025E-05	
2.873282E-05	7.122578E-05	1.742785E-05	
3.671816E-05	6.521570E-05	1.189836E-05	
3.902403E-05	6.272164E-05	9.662557E-06	
4.161298E-05	5.767430E-05	5.526533E-06	
4.320422E-05	4.320414E-05	-3.677273E-06	
3.213682E-05	2.123677E-05	-9.965633E-06	
1.094330E-05	7.189595E-06	-8.397515E-06	
-6.902823E-06	7.124949E-06	-7.123582E-06	
-1.786921E-05	1.786921E-05	-9.143024E-06	
-2.123685E-05	3.213678E-05	-9.965669E-06	
-1.904555E-05	4.063736E-05	-9.781754E-06	
-1.745359E-05	4.350700E-05	-9.630485E-06	
-1.627968E-05	4.490557E-05	-9.538144E-06	
-1.250581E-05	4.821113E-05	-9.285986E-06	
-8.049397E-12	5.159296E-05	-8.984589E-06	
1.250579E-05	4.821111E-05	-9.285995E-06	
1.627966E-05	4.490554E-05	-9.538155E-06	
1.745358E-05	4.350702E-05	-9.630427E-06	
1.904554E-05	4.063736E-05	-9.781716E-06	
2.123685E-05	3.213677E-05	-9.965637E-06	
1.786922E-05	1.786917E-05	-9.142999E-06	
6.902828E-06	7.124890E-06	-7.123560E-06	
-3.185459E-06	3.185457E-06	-5.791742E-06	
-7.124957E-06	6.902821E-06	-7.123586E-06	
-7.189716E-06	1.094328E-05	-8.397556E-06	
-5.881055E-06	1.298049E-05	-9.013224E-06	
-5.226462E-06	1.360986E-05	-9.203641E-06	
-4.819354E-06	1.390428E-05	-9.293174E-06	
-3.612341E-06	1.458539E-05	-9.501428E-06	
-3.017722E-11	1.526382E-05	-9.710407E-06	
3.612275E-06	1.458538E-05	-9.501440E-06	
4.819279E-06	1.390426E-05	-9.293195E-06	
5.226382E-06	1.360983E-05	-9.203650E-06	
5.880986E-06	1.298050E-05	-9.013181E-06	
7.189674E-06	1.094328E-05	-8.397522E-06	
7.124942E-06	6.902810E-06	-7.123562E-06	
3.185458E-06	3.185440E-06	-5.791725E-06	
