flux
3
1575
-1.434233E-11	8.969836E-11	1.694579E-04	
-2.123454E-11	-4.154788E-11	6.881791E-05	
-3.059061E-12	-4.771735E-11	-1.219848E-06	
1.199484E-11	3.173213E-11	6.881751E-05	
2.682987E-11	5.031994E-11	1.694571E-04	
-2.630048E-11	4.533421E-11	1.694569E-04	
-1.502731E-10	4.306798E-11	6.881804E-05	
-1.902650E-10	6.078136E-11	-1.219790E-06	
-5.157323E-11	8.842757E-11	6.881771E-05	
-2.008060E-12	5.301242E-11	1.694571E-04	
4.573852E-11	1.349665E-11	1.694566E-04	
3.519613E-11	-2.218659E-11	6.881757E-05	
-1.159518E-11	-3.130172E-11	-1.219399E-06	
-7.479458E-11	-1.209554E-11	6.881781E-05	
-3.195749E-11	5.160108E-12	1.694570E-04	
8.322433E-12	2.714313E-11	1.694571E-04	
6.798214E-11	4.980813E-11	6.881766E-05	
5.656038E-11	7.737665E-11	-1.219517E-06	
-7.048637E-11	6.441216E-11	6.881754E-05	
-1.775813E-11	4.811122E-11	1.694571E-04	
4.432927E-12	4.420114E-11	-5.961081E-05	
-3.084465E-11	1.228236E-11	-5.961044E-05	
4.226017E-11	2.282616E-11	-5.961093E-05	
2.694070E-11	9.803635E-11	-5.960989E-05	
6.282470E-10	-4.654600E-10	2.502541E-03	
1.859516E-09	-1.473756E-10	1.723107E-03	
1.229554E-09	1.412313E-09	2.502541E-03	
-1.703871E-11	-9.354956E-10	1.723107E-03	
-4.550820E-10	6.782406E-11	9.142838E-04	
-4.418326E-10	1.317793E-09	1.723107E-03	
-5.357900E-10	-4.118595E-10	2.502541E-03	
-3.668893E-10	2.886771E-10	1.723107E-03	
1.533165E-10	1.420177E-11	2.502541E-03	
3.186109E-06	3.186106E-06	-5.792923E-06	
7.126408E-06	6.904231E-06	-7.125038E-06	
7.191174E-06	1.094551E-05	-8.399260E-06	
5.882238E-06	1.298313E-05	-9.015043E-06	
5.227510E-06	1.361265E-05	-9.205512E-06	
4.820319E-06	1.390713E-05	-9.295091E-06	
3.613060E-06	1.458838E-05	-9.503376E-06	
1.164524E-11	1.526694E-05	-9.712389E-06	
-3.613038E-06	1.458839E-05	-9.503380E-06	
-4.820298E-06	1.390715E-05	-9.295097E-06	
-5.227489E-06	1.361263E-05	-9.205531E-06	
-5.882218E-06	1.298310E-05	-9.015025E-06	
-7.191154E-06	1.094550E-05	-8.399244E-06	
-7.126394E-06	6.904222E-06	-7.125026E-06	
-3.186104E-06	3.186100E-06	-5.792913E-06	
6.904234E-06	7.126401E-06	-7.125038E-06	
1.787290E-05	1.787289E-05	-9.144968E-06	
2.124128E-05	3.214353E-05	-9.967942E-06	
1.904953E-05	4.064600E-05	-9.784088E-06	
1.745722E-05	4.351631E-05	-9.632827E-06	
1.628308E-05	4.491508E-05	-9.540551E-06	
1.250845E-05	4.822143E-05	-9.288380E-06	
2.446715E-11	5.160408E-05	-8.986961E-06	
-1.250840E-05	4.822144E-05	-9.288385E-06	
-1.628302E-05	4.491509E-05	-9.540560E-06	
-1.745716E-05	4.351625E-05	-9.632832E-06	
-1.904947E-05	4.064596E-05	-9.784063E-06	
-2.124124E-05	3.214350E-05	-9.967921E-06	
-1.787288E-05	1.787287E-05	-9.144952E-06	
-6.904226E-06	7.126384E-06	-7.125026E-06	
1.094552E-05	7.191163E-06	-8.399260E-06	
3.214353E-05	2.124127E-05	-9.967941E-06	
4.321363E-05	4.321362E-05	-3.679172E-06	
4.162245E-05	5.768740E-05	5.525763E-06	
3.903309E-05	6.273602E-05	9.662406E-06	
3.672675E-05	6.523071E-05	1.189861E-05	
2.873965E-05	7.124250E-05	1.742908E-05	
2.436831E-11	7.754750E-05	2.335270E-05	
-2.873960E-05	7.124249E-05	1.742906E-05	
-3.672668E-05	6.523070E-05	1.189859E-05	
-3.903302E-05	6.273597E-05	9.662409E-06	
-4.162239E-05	5.768737E-05	5.525800E-06	
-4.321358E-05	4.321359E-05	-3.679145E-06	
-3.214350E-05	2.124123E-05	-9.967923E-06	
-1.094551E-05	7.191139E-06	-8.399245E-06	
1.298313E-05	5.882226E-06	-9.015043E-06	
4.064601E-05	1.904951E-05	-9.784086E-06	
5.768742E-05	4.162244E-05	5.525763E-06	
5.707188E-05	5.707187E-05	2.679477E-05	
5.385972E-05	6.255449E-05	3.514221E-05	
5.083481E-05	6.525164E-05	3.948192E-05	
4.019686E-05	7.166213E-05	5.132150E-05	
1.907947E-11	7.864762E-05	6.550222E-05	
-4.019681E-05	7.166211E-05	5.132148E-05	
-5.083475E-05	6.525162E-05	3.948188E-05	
-5.385965E-05	6.255450E-05	3.514222E-05	
-5.707181E-05	5.707182E-05	2.679482E-05	
-5.768737E-05	4.162240E-05	5.525791E-06	
-4.064597E-05	1.904948E-05	-9.784068E-06	
-1.298311E-05	5.882198E-06	-9.015025E-06	
1.361265E-05	5.227497E-06	-9.205511E-06	
4.351632E-05	1.745721E-05	-9.632822E-06	
6.273604E-05	3.903308E-05	9.662408E-06	
6.255452E-05	5.385972E-05	3.514220E-05	
5.919505E-05	5.919504E-05	4.486251E-05	
5.577426E-05	6.180691E-05	5.112103E-05	
4.419534E-05	6.782909E-05	6.269838E-05	
1.843335E-11	7.457791E-05	8.037534E-05	
-4.419530E-05	6.782907E-05	6.269833E-05	
-5.577421E-05	6.180689E-05	5.112099E-05	
-5.919498E-05	5.919505E-05	4.486251E-05	
-6.255443E-05	5.385967E-05	3.514225E-05	
-6.273597E-05	3.903305E-05	9.662432E-06	
-4.351629E-05	1.745717E-05	-9.632805E-06	
-1.361264E-05	5.227467E-06	-9.205493E-06	
1.390712E-05	4.820307E-06	-9.295090E-06	
4.491505E-05	1.628306E-05	-9.540552E-06	
6.523066E-05	3.672674E-05	1.189860E-05	
6.525159E-05	5.083482E-05	3.948191E-05	
6.180686E-05	5.577427E-05	5.112103E-05	
5.827103E-05	5.827109E-05	5.912951E-05	
4.622078E-05	6.449336E-05	6.697885E-05	
5.219439E-11	7.083858E-05	8.716783E-05	
-4.622070E-05	6.449334E-05	6.697889E-05	
-5.827095E-05	5.827105E-05	5.912944E-05	
-6.180677E-05	5.577425E-05	5.112111E-05	
-6.525152E-05	5.083477E-05	3.948197E-05	
-6.523062E-05	3.672670E-05	1.189863E-05	
-4.491504E-05	1.628303E-05	-9.540550E-06	
-1.390713E-05	4.820277E-06	-9.295093E-06	
1.458837E-05	3.613051E-06	-9.503376E-06	
4.822140E-05	1.250844E-05	-9.288379E-06	
7.124246E-05	2.873965E-05	1.742908E-05	
7.166208E-05	4.019686E-05	5.132150E-05	
6.782904E-05	4.419535E-05	6.269840E-05	
6.449331E-05	4.622080E-05	6.697890E-05	
5.138778E-05	5.138783E-05	9.041470E-05	
3.497175E-11	5.668333E-05	1.102188E-04	
-5.138770E-05	5.138781E-05	9.041470E-05	
-6.449323E-05	4.622078E-05	6.697883E-05	
-6.782896E-05	4.419535E-05	6.269839E-05	
-7.166202E-05	4.019681E-05	5.132155E-05	
-7.124241E-05	2.873961E-05	1.742910E-05	
-4.822138E-05	1.250841E-05	-9.288374E-06	
-1.458837E-05	3.613021E-06	-9.503376E-06	
1.526693E-05	8.583448E-12	-9.712391E-06	
5.160406E-05	2.163376E-11	-8.986961E-06	
7.754747E-05	3.021400E-11	2.335270E-05	
7.864758E-05	3.660798E-11	6.550222E-05	
7.457787E-05	3.415050E-11	8.037536E-05	
7.083853E-05	6.500819E-11	8.716784E-05	
5.668329E-05	7.693782E-11	1.102188E-04	
3.727544E-11	6.676717E-11	1.379123E-04	
-5.668321E-05	5.574715E-11	1.102187E-04	
-7.083844E-05	6.008369E-11	8.716779E-05	
-7.457777E-05	9.233927E-11	8.037540E-05	
-7.864749E-05	8.053930E-12	6.550226E-05	
-7.754742E-05	6.065873E-12	2.335272E-05	
-5.160403E-05	-4.887404E-12	-8.986953E-06	
-1.526693E-05	-2.052929E-11	-9.712386E-06	
1.458838E-05	-3.613036E-06	-9.503381E-06	
4.822143E-05	-1.250840E-05	-9.288385E-06	
7.124248E-05	-2.873958E-05	1.742907E-05	
7.166210E-05	-4.019678E-05	5.132149E-05	
6.782905E-05	-4.419526E-05	6.269837E-05	
6.449332E-05	-4.622065E-05	6.697884E-05	
5.138780E-05	-5.138769E-05	9.041470E-05	
3.855670E-11	-5.668318E-05	1.102187E-04	
-5.138773E-05	-5.138770E-05	9.041467E-05	
-6.449324E-05	-4.622068E-05	6.697883E-05	
-6.782896E-05	-4.419521E-05	6.269838E-05	
-7.166202E-05	-4.019679E-05	5.132151E-05	
-7.124242E-05	-2.873959E-05	1.742908E-05	
-4.822140E-05	-1.250842E-05	-9.288374E-06	
-1.458837E-05	-3.613064E-06	-9.503374E-06	
1.390715E-05	-4.820295E-06	-9.295099E-06	
4.491509E-05	-1.628301E-05	-9.540562E-06	
6.523069E-05	-3.672667E-05	1.189859E-05	
6.525161E-05	-5.083473E-05	3.948190E-05	
6.180688E-05	-5.577416E-05	5.112104E-05	
5.827106E-05	-5.827092E-05	5.912945E-05	
4.622079E-05	-6.449321E-05	6.697883E-05	
3.256750E-11	-7.083841E-05	8.716778E-05	
-4.622070E-05	-6.449322E-05	6.697884E-05	
-5.827096E-05	-5.827095E-05	5.912947E-05	
-6.180680E-05	-5.577415E-05	5.112109E-05	
-6.525154E-05	-5.083472E-05	3.948192E-05	
-6.523063E-05	-3.672668E-05	1.189860E-05	
-4.491505E-05	-1.628303E-05	-9.540549E-06	
-1.390713E-05	-4.820322E-06	-9.295089E-06	
1.361264E-05	-5.227486E-06	-9.205532E-06	
4.351625E-05	-1.745716E-05	-9.632844E-06	
6.273596E-05	-3.903301E-05	9.662389E-06	
6.255449E-05	-5.385963E-05	3.514220E-05	
5.919503E-05	-5.919495E-05	4.486252E-05	
5.577425E-05	-6.180676E-05	5.112102E-05	
4.419536E-05	-6.782893E-05	6.269838E-05	
3.755525E-11	-7.457773E-05	8.037538E-05	
-4.419528E-05	-6.782895E-05	6.269842E-05	
-5.577418E-05	-6.180678E-05	5.112110E-05	
-5.919496E-05	-5.919493E-05	4.486258E-05	
-6.255442E-05	-5.385962E-05	3.514222E-05	
-6.273591E-05	-3.903302E-05	9.662399E-06	
-4.351620E-05	-1.745718E-05	-9.632832E-06	
-1.361261E-05	-5.227512E-06	-9.205523E-06	
1.298310E-05	-5.882214E-06	-9.015027E-06	
4.064596E-05	-1.904946E-05	-9.784064E-06	
5.768737E-05	-4.162237E-05	5.525791E-06	
5.707183E-05	-5.707179E-05	2.679480E-05	
5.385968E-05	-6.255441E-05	3.514223E-05	
5.083478E-05	-6.525149E-05	3.948195E-05	
4.019682E-05	-7.166198E-05	5.132153E-05	
2.765333E-11	-7.864746E-05	6.550227E-05	
-4.019676E-05	-7.166201E-05	5.132152E-05	
-5.083471E-05	-6.525152E-05	3.948194E-05	
-5.385961E-05	-6.255440E-05	3.514224E-05	
-5.707177E-05	-5.707178E-05	2.679482E-05	
-5.768732E-05	-4.162238E-05	5.525801E-06	
-4.064593E-05	-1.904948E-05	-9.784064E-06	
-1.298309E-05	-5.882238E-06	-9.015027E-06	
1.094550E-05	-7.191150E-06	-8.399245E-06	
3.214350E-05	-2.124123E-05	-9.967923E-06	
4.321359E-05	-4.321357E-05	-3.679151E-06	
4.162241E-05	-5.768735E-05	5.525786E-06	
3.903305E-05	-6.273595E-05	9.662434E-06	
3.672671E-05	-6.523059E-05	1.189863E-05	
2.873963E-05	-7.124238E-05	1.742910E-05	
2.738264E-11	-7.754739E-05	2.335272E-05	
-2.873957E-05	-7.124240E-05	1.742909E-05	
-3.672666E-05	-6.523061E-05	1.189862E-05	
-3.903301E-05	-6.273589E-05	9.662423E-06	
-4.162236E-05	-5.768734E-05	5.525794E-06	
-4.321355E-05	-4.321357E-05	-3.679143E-06	
-3.214347E-05	-2.124124E-05	-9.967921E-06	
-1.094549E-05	-7.191169E-06	-8.399245E-06	
6.904224E-06	-7.126390E-06	-7.125027E-06	
1.787288E-05	-1.787287E-05	-9.144954E-06	
2.124125E-05	-3.214349E-05	-9.967926E-06	
1.904949E-05	-4.064596E-05	-9.784070E-06	
1.745719E-05	-4.351627E-05	-9.632812E-06	
1.628304E-05	-4.491503E-05	-9.540547E-06	
1.250843E-05	-4.822137E-05	-9.288371E-06	
1.751015E-11	-5.160401E-05	-8.986951E-06	
-1.250839E-05	-4.822138E-05	-9.288372E-06	
-1.628301E-05	-4.491504E-05	-9.540543E-06	
-1.745715E-05	-4.351619E-05	-9.632821E-06	
-1.904946E-05	-4.064595E-05	-9.784066E-06	
-2.124122E-05	-3.214349E-05	-9.967921E-06	
-1.787286E-05	-1.787287E-05	-9.144951E-06	
-6.904217E-06	-7.126401E-06	-7.125025E-06	
3.186103E-06	-3.186102E-06	-5.792914E-06	
7.126393E-06	-6.904224E-06	-7.125028E-06	
7.191155E-06	-1.094550E-05	-8.399247E-06	
5.882219E-06	-1.298311E-05	-9.015029E-06	
5.227491E-06	-1.361264E-05	-9.205502E-06	
4.820301E-06	-1.390712E-05	-9.295091E-06	
3.613046E-06	-1.458836E-05	-9.503374E-06	
8.776200E-12	-1.526692E-05	-9.712385E-06	
-3.613030E-06	-1.458837E-05	-9.503373E-06	
-4.820287E-06	-1.390713E-05	-9.295089E-06	
-5.227478E-06	-1.361261E-05	-9.205518E-06	
-5.882205E-06	-1.298310E-05	-9.015027E-06	
-7.191140E-06	-1.094550E-05	-8.399245E-06	
-7.126381E-06	-6.904224E-06	-7.125025E-06	
-3.186098E-06	-3.186105E-06	-5.792912E-06	
2.278167E-06	2.278165E-06	-1.342679E-05	
5.036282E-06	5.198848E-06	-1.659059E-05	
4.969871E-06	8.113843E-06	-1.953048E-05	
3.976092E-06	9.260167E-06	-2.087673E-05	
3.503747E-06	9.569577E-06	-2.128051E-05	
3.217887E-06	9.703956E-06	-2.146724E-05	
2.387654E-06	9.964600E-06	-2.189425E-05	
7.830907E-12	1.015806E-05	-2.231681E-05	
-2.387640E-06	9.964610E-06	-2.189426E-05	
-3.217877E-06	9.703970E-06	-2.146725E-05	
-3.503739E-06	9.569568E-06	-2.128054E-05	
-3.976083E-06	9.260149E-06	-2.087669E-05	
-4.969861E-06	8.113832E-06	-1.953044E-05	
-5.036274E-06	5.198841E-06	-1.659057E-05	
-2.278164E-06	2.278160E-06	-1.342676E-05	
5.198850E-06	5.036276E-06	-1.659059E-05	
1.506232E-05	1.506231E-05	-2.295455E-05	
1.997564E-05	3.311966E-05	-2.863057E-05	
1.905841E-05	4.633496E-05	-3.114362E-05	
1.780823E-05	5.109430E-05	-3.187346E-05	
1.674673E-05	5.347653E-05	-3.220637E-05	
1.310982E-05	5.934479E-05	-3.296526E-05	
1.717697E-11	6.566897E-05	-3.368358E-05	
-1.310978E-05	5.934479E-05	-3.296527E-05	
-1.674668E-05	5.347654E-05	-3.220638E-05	
-1.780819E-05	5.109427E-05	-3.187345E-05	
-1.905837E-05	4.633493E-05	-3.114356E-05	
-1.997562E-05	3.311964E-05	-2.863053E-05	
-1.506230E-05	1.506229E-05	-2.295452E-05	
-5.198845E-06	5.036262E-06	-1.659057E-05	
8.113847E-06	4.969861E-06	-1.953048E-05	
3.311966E-05	1.997564E-05	-2.863057E-05	
6.190723E-05	6.190723E-05	-3.114954E-05	
7.417215E-05	1.089420E-04	-2.447953E-05	
7.437293E-05	1.299147E-04	-2.079918E-05	
7.139899E-05	1.412498E-04	-1.868582E-05	
5.775200E-05	1.684837E-04	-1.318199E-05	
9.587125E-12	1.962245E-04	-7.223626E-06	
-5.775198E-05	1.684836E-04	-1.318201E-05	
-7.139896E-05	1.412498E-04	-1.868585E-05	
-7.437290E-05	1.299147E-04	-2.079913E-05	
-7.417212E-05	1.089420E-04	-2.447945E-05	
-6.190721E-05	6.190720E-05	-3.114948E-05	
-3.311964E-05	1.997561E-05	-2.863053E-05	
-8.113837E-06	4.969843E-06	-1.953045E-05	
9.260170E-06	3.976079E-06	-2.087673E-05	
4.633496E-05	1.905840E-05	-3.114361E-05	
1.089420E-04	7.417213E-05	-2.447952E-05	
1.521119E-04	1.521119E-04	2.007957E-05	
1.603805E-04	1.879611E-04	5.228041E-05	
1.554917E-04	2.080445E-04	7.190327E-05	
1.244371E-04	2.590182E-04	1.135699E-04	
4.781575E-12	3.078953E-04	1.435096E-04	
-1.244371E-04	2.590181E-04	1.135699E-04	
-1.554917E-04	2.080444E-04	7.190323E-05	
-1.603805E-04	1.879611E-04	5.228049E-05	
-1.521120E-04	1.521119E-04	2.007967E-05	
-1.089420E-04	7.417209E-05	-2.447946E-05	
-4.633494E-05	1.905837E-05	-3.114357E-05	
-9.260159E-06	3.976063E-06	-2.087669E-05	
9.569563E-06	3.503734E-06	-2.128051E-05	
5.109427E-05	1.780822E-05	-3.187345E-05	
1.299147E-04	7.437291E-05	-2.079918E-05	
1.879611E-04	1.603805E-04	5.228039E-05	
1.989928E-04	1.989927E-04	1.016878E-04	
1.958617E-04	2.208633E-04	1.250187E-04	
1.573513E-04	2.796021E-04	2.055470E-04	
9.403150E-11	3.341393E-04	2.509362E-04	
-1.573513E-04	2.796020E-04	2.055472E-04	
-1.958617E-04	2.208632E-04	1.250186E-04	
-1.989928E-04	1.989927E-04	1.016879E-04	
-1.879611E-04	1.603804E-04	5.228049E-05	
-1.299147E-04	7.437286E-05	-2.079911E-05	
-5.109427E-05	1.780818E-05	-3.187341E-05	
-9.569568E-06	3.503719E-06	-2.128047E-05	
9.703942E-06	3.217876E-06	-2.146724E-05	
5.347650E-05	1.674672E-05	-3.220637E-05	
1.412498E-04	7.139897E-05	-1.868583E-05	
2.080445E-04	1.554916E-04	7.190326E-05	
2.208632E-04	1.958616E-04	1.250188E-04	
2.170602E-04	2.170602E-04	1.465137E-04	
1.746510E-04	2.656260E-04	2.667077E-04	
7.800488E-11	3.205775E-04	3.182015E-04	
-1.746509E-04	2.656259E-04	2.667079E-04	
-2.170602E-04	2.170601E-04	1.465137E-04	
-2.208634E-04	1.958616E-04	1.250190E-04	
-2.080445E-04	1.554916E-04	7.190328E-05	
-1.412498E-04	7.139892E-05	-1.868581E-05	
-5.347650E-05	1.674668E-05	-3.220637E-05	
-9.703955E-06	3.217858E-06	-2.146723E-05	
9.964594E-06	2.387646E-06	-2.189426E-05	
5.934477E-05	1.310981E-05	-3.296526E-05	
1.684836E-04	5.775199E-05	-1.318199E-05	
2.590181E-04	1.244371E-04	1.135700E-04	
2.796021E-04	1.573513E-04	2.055473E-04	
2.656259E-04	1.746509E-04	2.667079E-04	
2.121160E-04	2.121160E-04	3.398741E-04	
2.282270E-11	2.537459E-04	4.423288E-04	
-2.121159E-04	2.121160E-04	3.398741E-04	
-2.656259E-04	1.746509E-04	2.667079E-04	
-2.796021E-04	1.573513E-04	2.055473E-04	
-2.590182E-04	1.244370E-04	1.135700E-04	
-1.684836E-04	5.775196E-05	-1.318196E-05	
-5.934475E-05	1.310978E-05	-3.296524E-05	
-9.964594E-06	2.387623E-06	-2.189425E-05	
1.015806E-05	6.772744E-12	-2.231682E-05	
6.566896E-05	1.441566E-11	-3.368358E-05	
1.962244E-04	1.177794E-11	-7.223626E-06	
3.078953E-04	9.401371E-12	1.435096E-04	
3.341392E-04	-1.156061E-11	2.509362E-04	
3.205774E-04	5.041463E-11	3.182015E-04	
2.537459E-04	5.843476E-11	4.423288E-04	
2.615254E-11	2.693634E-11	5.428269E-04	
-2.537458E-04	1.849099E-11	4.423288E-04	
-3.205774E-04	2.511382E-11	3.182014E-04	
-3.341393E-04	7.071332E-11	2.509363E-04	
-3.078953E-04	-2.173517E-11	1.435096E-04	
-1.962244E-04	-9.379818E-12	-7.223600E-06	
-6.566894E-05	-8.000413E-12	-3.368356E-05	
-1.015805E-05	-1.933526E-11	-2.231681E-05	
9.964611E-06	-2.387635E-06	-2.189427E-05	
5.934479E-05	-1.310978E-05	-3.296527E-05	
1.684836E-04	-5.775197E-05	-1.318200E-05	
2.590181E-04	-1.244370E-04	1.135699E-04	
2.796020E-04	-1.573512E-04	2.055472E-04	
2.656259E-04	-1.746508E-04	2.667078E-04	
2.121159E-04	-2.121159E-04	3.398741E-04	
1.925144E-11	-2.537458E-04	4.423287E-04	
-2.121159E-04	-2.121159E-04	3.398740E-04	
-2.656259E-04	-1.746509E-04	2.667077E-04	
-2.796020E-04	-1.573512E-04	2.055471E-04	
-2.590181E-04	-1.244370E-04	1.135700E-04	
-1.684836E-04	-5.775198E-05	-1.318198E-05	
-5.934475E-05	-1.310979E-05	-3.296525E-05	
-9.964596E-06	-2.387661E-06	-2.189425E-05	
9.703975E-06	-3.217872E-06	-2.146725E-05	
5.347654E-05	-1.674669E-05	-3.220638E-05	
1.412498E-04	-7.139895E-05	-1.868585E-05	
2.080445E-04	-1.554916E-04	7.190325E-05	
2.208632E-04	-1.958615E-04	1.250186E-04	
2.170601E-04	-2.170601E-04	1.465135E-04	
1.746509E-04	-2.656259E-04	2.667078E-04	
1.833761E-11	-3.205774E-04	3.182014E-04	
-1.746508E-04	-2.656258E-04	2.667078E-04	
-2.170601E-04	-2.170601E-04	1.465137E-04	
-2.208632E-04	-1.958615E-04	1.250186E-04	
-2.080444E-04	-1.554916E-04	7.190329E-05	
-1.412497E-04	-7.139896E-05	-1.868582E-05	
-5.347649E-05	-1.674669E-05	-3.220637E-05	
-9.703954E-06	-3.217895E-06	-2.146723E-05	
9.569583E-06	-3.503733E-06	-2.128055E-05	
5.109430E-05	-1.780819E-05	-3.187346E-05	
1.299147E-04	-7.437289E-05	-2.079915E-05	
1.879611E-04	-1.603804E-04	5.228047E-05	
1.989927E-04	-1.989926E-04	1.016879E-04	
1.958616E-04	-2.208632E-04	1.250188E-04	
1.573513E-04	-2.796020E-04	2.055471E-04	
4.208962E-11	-3.341392E-04	2.509362E-04	
-1.573512E-04	-2.796020E-04	2.055471E-04	
-1.958615E-04	-2.208632E-04	1.250188E-04	
-1.989927E-04	-1.989927E-04	1.016879E-04	
-1.879611E-04	-1.603805E-04	5.228049E-05	
-1.299147E-04	-7.437290E-05	-2.079912E-05	
-5.109426E-05	-1.780819E-05	-3.187344E-05	
-9.569566E-06	-3.503754E-06	-2.128052E-05	
9.260152E-06	-3.976078E-06	-2.087669E-05	
4.633493E-05	-1.905837E-05	-3.114357E-05	
1.089420E-04	-7.417211E-05	-2.447947E-05	
1.521119E-04	-1.521119E-04	2.007963E-05	
1.603804E-04	-1.879610E-04	5.228045E-05	
1.554916E-04	-2.080444E-04	7.190333E-05	
1.244370E-04	-2.590181E-04	1.135700E-04	
5.281477E-12	-3.078953E-04	1.435096E-04	
-1.244370E-04	-2.590181E-04	1.135700E-04	
-1.554915E-04	-2.080444E-04	7.190329E-05	
-1.603803E-04	-1.879611E-04	5.228051E-05	
-1.521118E-04	-1.521119E-04	2.007967E-05	
-1.089419E-04	-7.417211E-05	-2.447945E-05	
-4.633491E-05	-1.905838E-05	-3.114356E-05	
-9.260141E-06	-3.976097E-06	-2.087669E-05	
8.113833E-06	-4.969855E-06	-1.953045E-05	
3.311964E-05	-1.997561E-05	-2.863053E-05	
6.190720E-05	-6.190719E-05	-3.114949E-05	
7.417211E-05	-1.089420E-04	-2.447947E-05	
7.437289E-05	-1.299146E-04	-2.079910E-05	
7.139896E-05	-1.412497E-04	-1.868578E-05	
5.775198E-05	-1.684836E-04	-1.318195E-05	
2.405549E-11	-1.962244E-04	-7.223595E-06	
-5.775194E-05	-1.684836E-04	-1.318197E-05	
-7.139891E-05	-1.412498E-04	-1.868580E-05	
-7.437284E-05	-1.299147E-04	-2.079910E-05	
-7.417207E-05	-1.089420E-04	-2.447945E-05	
-6.190717E-05	-6.190720E-05	-3.114947E-05	
-3.311961E-05	-1.997562E-05	-2.863052E-05	
-8.113824E-06	-4.969871E-06	-1.953045E-05	
5.198842E-06	-5.036269E-06	-1.659057E-05	
1.506230E-05	-1.506230E-05	-2.295452E-05	
1.997562E-05	-3.311963E-05	-2.863054E-05	
1.905839E-05	-4.633493E-05	-3.114357E-05	
1.780820E-05	-5.109424E-05	-3.187342E-05	
1.674670E-05	-5.347649E-05	-3.220636E-05	
1.310980E-05	-5.934473E-05	-3.296524E-05	
1.874476E-11	-6.566892E-05	-3.368356E-05	
-1.310976E-05	-5.934475E-05	-3.296524E-05	
-1.674666E-05	-5.347650E-05	-3.220635E-05	
-1.780816E-05	-5.109429E-05	-3.187342E-05	
-1.905835E-05	-4.633492E-05	-3.114356E-05	
-1.997559E-05	-3.311963E-05	-2.863053E-05	
-1.506228E-05	-1.506230E-05	-2.295452E-05	
-5.198836E-06	-5.036279E-06	-1.659056E-05	
2.278163E-06	-2.278162E-06	-1.342677E-05	
5.036270E-06	-5.198842E-06	-1.659057E-05	
4.969856E-06	-8.113834E-06	-1.953045E-05	
3.976078E-06	-9.260154E-06	-2.087670E-05	
3.503734E-06	-9.569551E-06	-2.128049E-05	
3.217875E-06	-9.703946E-06	-2.146723E-05	
2.387644E-06	-9.964587E-06	-2.189425E-05	
9.347670E-12	-1.015804E-05	-2.231680E-05	
-2.387627E-06	-9.964594E-06	-2.189425E-05	
-3.217860E-06	-9.703958E-06	-2.146723E-05	
-3.503719E-06	-9.569583E-06	-2.128052E-05	
-3.976064E-06	-9.260149E-06	-2.087669E-05	
-4.969843E-06	-8.113831E-06	-1.953045E-05	
-5.036259E-06	-5.198843E-06	-1.659056E-05	
-2.278158E-06	-2.278165E-06	-1.342676E-05	
1.592975E-06	1.592973E-06	-1.591136E-05	
3.499208E-06	3.720945E-06	-1.976113E-05	
3.427741E-06	5.732749E-06	-2.322821E-05	
2.727512E-06	6.633239E-06	-2.474792E-05	
2.394922E-06	6.842770E-06	-2.519066E-05	
2.201244E-06	6.936079E-06	-2.539233E-05	
1.629189E-06	7.235954E-06	-2.584810E-05	
1.832605E-12	7.387673E-06	-2.629007E-05	
-1.629187E-06	7.235962E-06	-2.584811E-05	
-2.201244E-06	6.936091E-06	-2.539235E-05	
-2.394922E-06	6.842767E-06	-2.519066E-05	
-2.727511E-06	6.633223E-06	-2.474787E-05	
-3.427737E-06	5.732739E-06	-2.322817E-05	
-3.499204E-06	3.720939E-06	-1.976110E-05	
-1.592973E-06	1.592969E-06	-1.591133E-05	
3.720948E-06	3.499202E-06	-1.976113E-05	
1.131001E-05	1.131000E-05	-2.955323E-05	
1.548350E-05	2.668190E-05	-4.128205E-05	
1.494692E-05	3.741513E-05	-4.791426E-05	
1.403918E-05	4.142202E-05	-5.009964E-05	
1.319237E-05	4.341438E-05	-5.115514E-05	
1.035818E-05	4.787596E-05	-5.365160E-05	
9.167309E-12	5.306663E-05	-5.619772E-05	
-1.035815E-05	4.787596E-05	-5.365161E-05	
-1.319234E-05	4.341438E-05	-5.115515E-05	
-1.403915E-05	4.142203E-05	-5.009961E-05	
-1.494690E-05	3.741511E-05	-4.791420E-05	
-1.548348E-05	2.668188E-05	-4.128200E-05	
-1.131000E-05	1.130999E-05	-2.955319E-05	
-3.720944E-06	3.499191E-06	-1.976110E-05	
5.732753E-06	3.427732E-06	-2.322821E-05	
2.668191E-05	1.548349E-05	-4.128205E-05	
5.689466E-05	5.689465E-05	-6.993709E-05	
7.307892E-05	1.184837E-04	-8.965847E-05	
7.415856E-05	1.454391E-04	-9.689830E-05	
7.192660E-05	1.602044E-04	-1.005454E-04	
5.882839E-05	1.992367E-04	-1.092259E-04	
2.145929E-12	2.375224E-04	-1.182836E-04	
-5.882839E-05	1.992366E-04	-1.092260E-04	
-7.192661E-05	1.602044E-04	-1.005454E-04	
-7.415857E-05	1.454392E-04	-9.689822E-05	
-7.307892E-05	1.184837E-04	-8.965838E-05	
-5.689465E-05	5.689463E-05	-6.993702E-05	
-2.668189E-05	1.548347E-05	-4.128200E-05	
-5.732744E-06	3.427719E-06	-2.322817E-05	
6.633243E-06	2.727501E-06	-2.474791E-05	
3.741514E-05	1.494692E-05	-4.791426E-05	
1.184837E-04	7.307891E-05	-8.965846E-05	
2.238495E-04	2.238495E-04	-1.103220E-04	
2.723521E-04	3.651098E-04	-1.102495E-04	
2.560969E-04	4.535243E-04	-1.086053E-04	
1.795444E-04	6.111357E-04	-1.092052E-04	
1.187522E-11	6.984401E-04	-1.189705E-04	
-1.795444E-04	6.111358E-04	-1.092052E-04	
-2.560969E-04	4.535243E-04	-1.086053E-04	
-2.723522E-04	3.651099E-04	-1.102494E-04	
-2.238496E-04	2.238495E-04	-1.103220E-04	
-1.184837E-04	7.307889E-05	-8.965839E-05	
-3.741512E-05	1.494688E-05	-4.791421E-05	
-6.633230E-06	2.727490E-06	-2.474787E-05	
6.842765E-06	2.394909E-06	-2.519066E-05	
4.142202E-05	1.403917E-05	-5.009964E-05	
1.454391E-04	7.415856E-05	-9.689832E-05	
3.651098E-04	2.723521E-04	-1.102496E-04	
5.106657E-04	5.106656E-04	2.701992E-05	
4.509711E-04	6.652409E-04	1.586262E-04	
2.691653E-04	9.164973E-04	1.772575E-04	
2.142350E-10	1.024239E-03	1.699511E-04	
-2.691650E-04	9.164975E-04	1.772576E-04	
-4.509710E-04	6.652410E-04	1.586261E-04	
-5.106656E-04	5.106656E-04	2.702147E-05	
-3.651098E-04	2.723521E-04	-1.102495E-04	
-1.454392E-04	7.415854E-05	-9.689825E-05	
-4.142201E-05	1.403914E-05	-5.009959E-05	
-6.842764E-06	2.394899E-06	-2.519061E-05	
6.936064E-06	2.201234E-06	-2.539234E-05	
4.341435E-05	1.319236E-05	-5.115514E-05	
1.602044E-04	7.192660E-05	-1.005454E-04	
4.535243E-04	2.560969E-04	-1.086053E-04	
6.652409E-04	4.509710E-04	1.586262E-04	
6.101364E-04	6.101363E-04	4.177645E-04	
3.467945E-04	9.984829E-04	4.609180E-04	
-8.699923E-12	1.063843E-03	4.530168E-04	
-3.467945E-04	9.984831E-04	4.609182E-04	
-6.101362E-04	6.101364E-04	4.177644E-04	
-6.652408E-04	4.509710E-04	1.586276E-04	
-4.535243E-04	2.560968E-04	-1.086053E-04	
-1.602044E-04	7.192657E-05	-1.005454E-04	
-4.341436E-05	1.319233E-05	-5.115513E-05	
-6.936078E-06	2.201221E-06	-2.539233E-05	
7.235943E-06	1.629183E-06	-2.584810E-05	
4.787593E-05	1.035817E-05	-5.365160E-05	
1.992366E-04	5.882838E-05	-1.092259E-04	
6.111358E-04	1.795444E-04	-1.092052E-04	
9.164975E-04	2.691651E-04	1.772577E-04	
9.984831E-04	3.467945E-04	4.609181E-04	
5.681438E-04	5.681437E-04	1.500730E-03	
7.694927E-11	5.853715E-04	1.193663E-03	
-5.681436E-04	5.681439E-04	1.500730E-03	
-9.984829E-04	3.467945E-04	4.609183E-04	
-9.164973E-04	2.691654E-04	1.772584E-04	
-6.111357E-04	1.795444E-04	-1.092052E-04	
-1.992366E-04	5.882836E-05	-1.092259E-04	
-4.787594E-05	1.035814E-05	-5.365159E-05	
-7.235951E-06	1.629165E-06	-2.584810E-05	
7.387666E-06	1.828620E-12	-2.629007E-05	
5.306661E-05	7.349758E-12	-5.619772E-05	
2.375224E-04	3.455615E-12	-1.182836E-04	
6.984401E-04	9.137380E-13	-1.189705E-04	
1.024239E-03	-4.909949E-11	1.699512E-04	
1.063843E-03	-1.205590E-11	4.530168E-04	
5.853714E-04	-2.166043E-11	1.193663E-03	
-4.510018E-11	-1.209897E-11	8.620566E-04	
-5.853714E-04	7.071716E-11	1.193663E-03	
-1.063843E-03	4.833111E-11	4.530167E-04	
-1.024239E-03	1.653979E-10	1.699511E-04	
-6.984400E-04	-1.777446E-12	-1.189705E-04	
-2.375224E-04	-1.375753E-11	-1.182836E-04	
-5.306661E-05	-1.251460E-11	-5.619770E-05	
-7.387666E-06	-2.057785E-11	-2.629006E-05	
7.235958E-06	-1.629182E-06	-2.584812E-05	
4.787595E-05	-1.035815E-05	-5.365161E-05	
1.992366E-04	-5.882837E-05	-1.092260E-04	
6.111358E-04	-1.795444E-04	-1.092052E-04	
9.164975E-04	-2.691651E-04	1.772578E-04	
9.984830E-04	-3.467946E-04	4.609182E-04	
5.681438E-04	-5.681437E-04	1.500730E-03	
6.697202E-12	-5.853713E-04	1.193663E-03	
-5.681439E-04	-5.681438E-04	1.500730E-03	
-9.984831E-04	-3.467945E-04	4.609181E-04	
-9.164975E-04	-2.691651E-04	1.772576E-04	
-6.111358E-04	-1.795444E-04	-1.092052E-04	
-1.992366E-04	-5.882838E-05	-1.092259E-04	
-4.787593E-05	-1.035816E-05	-5.365160E-05	
-7.235952E-06	-1.629205E-06	-2.584810E-05	
6.936092E-06	-2.201239E-06	-2.539235E-05	
4.341439E-05	-1.319234E-05	-5.115515E-05	
1.602044E-04	-7.192658E-05	-1.005454E-04	
4.535243E-04	-2.560968E-04	-1.086053E-04	
6.652409E-04	-4.509710E-04	1.586262E-04	
6.101363E-04	-6.101364E-04	4.177643E-04	
3.467944E-04	-9.984830E-04	4.609182E-04	
6.286954E-11	-1.063843E-03	4.530167E-04	
-3.467944E-04	-9.984831E-04	4.609181E-04	
-6.101364E-04	-6.101364E-04	4.177643E-04	
-6.652409E-04	-4.509709E-04	1.586260E-04	
-4.535243E-04	-2.560969E-04	-1.086053E-04	
-1.602044E-04	-7.192658E-05	-1.005454E-04	
-4.341436E-05	-1.319234E-05	-5.115514E-05	
-6.936078E-06	-2.201258E-06	-2.539233E-05	
6.842772E-06	-2.394918E-06	-2.519067E-05	
4.142204E-05	-1.403914E-05	-5.009961E-05	
1.454391E-04	-7.415853E-05	-9.689824E-05	
3.651097E-04	-2.723520E-04	-1.102495E-04	
5.106655E-04	-5.106656E-04	2.702010E-05	
4.509707E-04	-6.652408E-04	1.586263E-04	
2.691648E-04	-9.164975E-04	1.772577E-04	
7.530504E-11	-1.024239E-03	1.699509E-04	
-2.691648E-04	-9.164974E-04	1.772576E-04	
-4.509709E-04	-6.652408E-04	1.586263E-04	
-5.106655E-04	-5.106655E-04	2.701995E-05	
-3.651097E-04	-2.723521E-04	-1.102495E-04	
-1.454391E-04	-7.415854E-05	-9.689821E-05	
-4.142202E-05	-1.403915E-05	-5.009960E-05	
-6.842759E-06	-2.394935E-06	-2.519065E-05	
6.633224E-06	-2.727506E-06	-2.474787E-05	
3.741510E-05	-1.494689E-05	-4.791421E-05	
1.184837E-04	-7.307888E-05	-8.965841E-05	
2.238494E-04	-2.238494E-04	-1.103220E-04	
2.723521E-04	-3.651098E-04	-1.102495E-04	
2.560968E-04	-4.535242E-04	-1.086052E-04	
1.795444E-04	-6.111358E-04	-1.092051E-04	
-4.973471E-12	-6.984400E-04	-1.189705E-04	
-1.795443E-04	-6.111357E-04	-1.092052E-04	
-2.560968E-04	-4.535242E-04	-1.086053E-04	
-2.723521E-04	-3.651097E-04	-1.102495E-04	
-2.238494E-04	-2.238495E-04	-1.103220E-04	
-1.184837E-04	-7.307889E-05	-8.965838E-05	
-3.741508E-05	-1.494690E-05	-4.791419E-05	
-6.633215E-06	-2.727523E-06	-2.474787E-05	
5.732740E-06	-3.427730E-06	-2.322817E-05	
2.668188E-05	-1.548347E-05	-4.128201E-05	
5.689463E-05	-5.689462E-05	-6.993703E-05	
7.307889E-05	-1.184837E-04	-8.965840E-05	
7.415854E-05	-1.454391E-04	-9.689823E-05	
7.192659E-05	-1.602044E-04	-1.005453E-04	
5.882838E-05	-1.992366E-04	-1.092259E-04	
1.826252E-11	-2.375224E-04	-1.182836E-04	
-5.882834E-05	-1.992366E-04	-1.092259E-04	
-7.192655E-05	-1.602043E-04	-1.005453E-04	
-7.415851E-05	-1.454391E-04	-9.689820E-05	
-7.307886E-05	-1.184837E-04	-8.965838E-05	
-5.689460E-05	-5.689463E-05	-6.993701E-05	
-2.668186E-05	-1.548348E-05	-4.128199E-05	
-5.732732E-06	-3.427746E-06	-2.322817E-05	
3.720941E-06	-3.499199E-06	-1.976110E-05	
1.130999E-05	-1.130999E-05	-2.955319E-05	
1.548348E-05	-2.668188E-05	-4.128201E-05	
1.494690E-05	-3.741510E-05	-4.791421E-05	
1.403916E-05	-4.142200E-05	-5.009959E-05	
1.319235E-05	-4.341435E-05	-5.115513E-05	
1.035817E-05	-4.787591E-05	-5.365158E-05	
1.516013E-11	-5.306659E-05	-5.619770E-05	
-1.035813E-05	-4.787592E-05	-5.365159E-05	
-1.319232E-05	-4.341435E-05	-5.115513E-05	
-1.403912E-05	-4.142202E-05	-5.009959E-05	
-1.494687E-05	-3.741510E-05	-4.791420E-05	
-1.548345E-05	-2.668188E-05	-4.128200E-05	
-1.130997E-05	-1.130999E-05	-2.955318E-05	
-3.720935E-06	-3.499208E-06	-1.976110E-05	
1.592971E-06	-1.592971E-06	-1.591133E-05	
3.499199E-06	-3.720941E-06	-1.976110E-05	
3.427731E-06	-5.732742E-06	-2.322818E-05	
2.727502E-06	-6.633228E-06	-2.474788E-05	
2.394913E-06	-6.842758E-06	-2.519062E-05	
2.201237E-06	-6.936071E-06	-2.539233E-05	
1.629185E-06	-7.235942E-06	-2.584810E-05	
7.684893E-12	-7.387658E-06	-2.629006E-05	
-1.629171E-06	-7.235948E-06	-2.584810E-05	
-2.201224E-06	-6.936080E-06	-2.539233E-05	
-2.394903E-06	-6.842770E-06	-2.519065E-05	
-2.727491E-06	-6.633222E-06	-2.474787E-05	
-3.427718E-06	-5.732739E-06	-2.322817E-05	
-3.499189E-06	-3.720942E-06	-1.976110E-05	
-1.592967E-06	-1.592974E-06	-1.591133E-05	
1.370819E-12	-1.101772E-12	-1.655498E-05	
2.557058E-12	4.914085E-13	-2.059115E-05	
1.049801E-12	2.765549E-12	-2.419398E-05	
-1.740654E-12	5.199810E-12	-2.577246E-05	
-3.249222E-12	8.830088E-13	-2.623131E-05	
-2.930372E-12	-3.088235E-13	-2.644038E-05	
-2.773203E-12	3.411822E-12	-2.691445E-05	
-5.731262E-12	5.546266E-12	-2.737129E-05	
-1.011036E-11	7.801944E-12	-2.691446E-05	
-1.281733E-11	9.489186E-12	-2.644039E-05	
-1.388451E-11	2.992788E-12	-2.623132E-05	
-1.281865E-11	-4.264702E-12	-2.577241E-05	
-1.052573E-11	-2.281283E-12	-2.419394E-05	
-7.338482E-12	-2.173550E-12	-2.059112E-05	
-2.697277E-12	-2.652898E-12	-1.655495E-05	
3.302842E-12	-4.312701E-12	-2.059115E-05	
7.173373E-12	1.183619E-12	-3.148728E-05	
7.967444E-12	5.018363E-12	-4.523884E-05	
9.127537E-12	5.673095E-12	-5.310947E-05	
1.018140E-11	-4.039675E-12	-5.571803E-05	
8.620028E-12	1.379865E-11	-5.697865E-05	
3.947883E-12	2.069571E-11	-5.994945E-05	
-3.236423E-12	1.808561E-11	-6.300221E-05	
-6.995812E-12	1.477744E-11	-5.994946E-05	
-5.994188E-12	1.567137E-11	-5.697866E-05	
-5.446652E-12	1.502778E-11	-5.571799E-05	
-7.360512E-12	9.799271E-13	-5.310940E-05	
-9.505378E-12	-2.885807E-12	-4.523879E-05	
-7.616625E-12	-6.424587E-12	-3.148724E-05	
-2.738535E-12	-7.500420E-12	-2.059112E-05	
6.740518E-12	-8.703939E-12	-2.419398E-05	
1.217982E-11	2.676959E-12	-4.523884E-05	
9.740021E-12	5.751653E-12	-8.493344E-05	
4.183854E-12	9.605764E-12	-1.193063E-04	
-4.287536E-13	4.451844E-12	-1.328734E-04	
1.448729E-12	2.364249E-11	-1.399219E-04	
5.410546E-12	3.345639E-11	-1.572298E-04	
-6.646508E-12	3.856678E-11	-1.754146E-04	
-2.487296E-11	3.041810E-11	-1.572298E-04	
-3.234451E-11	2.951974E-11	-1.399219E-04	
-3.576741E-11	3.605881E-11	-1.328734E-04	
-2.995422E-11	2.952978E-12	-1.193063E-04	
-1.794116E-11	-6.366463E-12	-8.493337E-05	
-8.477221E-12	-1.071157E-11	-4.523879E-05	
-2.490858E-12	-1.086226E-11	-2.419394E-05	
1.019903E-11	-1.288118E-11	-2.577246E-05	
1.525298E-11	5.617740E-12	-5.310947E-05	
1.312335E-11	5.479076E-12	-1.193063E-04	
2.215370E-11	1.549084E-11	-2.072137E-04	
2.847438E-11	1.958241E-11	-2.547755E-04	
2.969843E-11	2.142166E-11	-2.820533E-04	
2.712700E-11	4.289384E-11	-3.429072E-04	
1.719781E-12	6.378319E-11	-3.939556E-04	
-2.472944E-11	5.517235E-11	-3.429073E-04	
-3.246038E-11	5.169714E-11	-2.820533E-04	
-3.513930E-11	4.797077E-11	-2.547754E-04	
-3.446821E-11	-3.066326E-12	-2.072136E-04	
-2.160449E-11	-1.813243E-11	-1.193063E-04	
-7.075038E-12	-1.404845E-11	-5.310941E-05	
-2.629274E-12	-1.289937E-11	-2.577241E-05	
1.134691E-12	-1.479354E-11	-2.623131E-05	
3.239910E-12	7.317414E-12	-5.571804E-05	
1.632589E-11	3.779448E-12	-1.328735E-04	
3.534220E-11	1.273636E-11	-2.547755E-04	
-1.713085E-11	-8.060573E-13	-2.547755E-04	
-1.697964E-11	-2.506197E-11	-1.328734E-04	
-4.027398E-12	-1.518986E-11	-5.571798E-05	
-2.629038E-12	-1.382158E-11	-2.623126E-05	
-1.533690E-11	-1.307055E-11	-2.644038E-05	
-1.844047E-11	6.031957E-12	-5.697865E-05	
2.065036E-12	2.285274E-12	-1.399219E-04	
2.595380E-11	6.747176E-12	-2.820533E-04	
5.506311E-11	3.335739E-11	6.607605E-04	
3.398144E-11	6.165567E-11	5.223783E-04	
1.609509E-11	7.578081E-11	4.439663E-04	
2.766979E-13	8.505676E-11	5.223783E-04	
-3.025216E-11	4.112935E-11	6.607605E-04	
7.855532E-12	-2.267530E-12	-2.820532E-04	
-5.299122E-12	-2.257069E-11	-1.399218E-04	
-1.540862E-11	-1.518377E-11	-5.697864E-05	
-6.217044E-12	-1.392109E-11	-2.644038E-05	
-1.090556E-11	-8.934174E-12	-2.691445E-05	
-1.488976E-11	3.195232E-12	-5.994944E-05	
1.736518E-12	-2.949710E-12	-1.572298E-04	
2.202392E-11	-8.653923E-12	-3.429072E-04	
5.467002E-11	9.469306E-12	5.223783E-04	
-5.529519E-11	2.824902E-11	5.223784E-04	
-6.103766E-12	-1.132276E-11	-3.429072E-04	
-9.473877E-12	-1.862136E-11	-1.572297E-04	
-1.183052E-11	-1.491698E-11	-5.994944E-05	
-5.028568E-12	-1.438808E-11	-2.691444E-05	
-5.040430E-12	-3.695922E-12	-2.737129E-05	
-1.024020E-11	2.068874E-12	-6.300221E-05	
-1.115271E-11	-5.084063E-12	-1.754146E-04	
-1.204538E-11	-1.632225E-11	-3.939556E-04	
-1.069979E-11	-2.154187E-12	4.439663E-04	
-7.781892E-13	-6.084913E-12	4.439662E-04	
-2.550381E-12	-1.686211E-11	-3.939556E-04	
-6.386943E-12	-1.593777E-11	-1.754146E-04	
-9.581996E-12	-1.421135E-11	-6.300219E-05	
-4.872294E-12	-1.732650E-11	-2.737128E-05	
1.721458E-12	-8.937183E-13	-2.691446E-05	
-4.156122E-12	5.513847E-12	-5.994946E-05	
-2.073459E-11	1.764386E-12	-1.572298E-04	
-5.268973E-11	5.551532E-12	-3.429073E-04	
-7.093435E-11	2.386117E-11	5.223783E-04	
2.376454E-11	1.456305E-11	5.223783E-04	
5.676015E-12	-1.602925E-11	-3.429072E-04	
-3.792217E-12	-1.455544E-11	-1.572298E-04	
-7.428450E-12	-1.385834E-11	-5.994944E-05	
-4.578764E-12	-2.093265E-11	-2.691444E-05	
6.376987E-12	-1.287809E-12	-2.644040E-05	
7.206852E-13	1.070197E-11	-5.697866E-05	
-2.235232E-11	1.022876E-11	-1.399219E-04	
-3.306733E-11	2.290277E-11	-2.820533E-04	
-3.286602E-11	3.940026E-11	6.607603E-04	
-4.115872E-11	3.836652E-11	5.223786E-04	
-2.982551E-11	6.904935E-11	4.439661E-04	
9.631729E-12	1.013185E-10	5.223783E-04	
2.973155E-11	5.356045E-11	6.607603E-04	
1.358035E-11	-1.117245E-11	-2.820533E-04	
4.739031E-13	-1.520517E-11	-1.399219E-04	
-3.758065E-12	-1.428549E-11	-5.697865E-05	
-3.328309E-12	-2.274644E-11	-2.644037E-05	
4.078219E-12	-1.598000E-12	-2.623133E-05	
3.527041E-12	1.293100E-11	-5.571801E-05	
-2.239761E-11	1.420413E-11	-1.328734E-04	
-4.000730E-11	1.978583E-11	-2.547755E-04	
1.260524E-11	-5.603369E-12	-2.547755E-04	
5.507392E-12	-1.568448E-11	-1.328734E-04	
1.628870E-12	-1.462561E-11	-5.571799E-05	
2.504363E-13	-2.347092E-11	-2.623130E-05	
-5.184918E-12	-1.963943E-12	-2.577241E-05	
-7.684785E-12	1.018447E-11	-5.310941E-05	
-9.638392E-12	1.418229E-11	-1.193063E-04	
-1.688873E-11	2.187426E-11	-2.072136E-04	
-1.990581E-11	1.096656E-11	-2.547754E-04	
-1.658748E-11	3.623412E-11	-2.820532E-04	
-1.466449E-11	4.286673E-11	-3.429072E-04	
2.585341E-13	5.222747E-11	-3.939556E-04	
3.430772E-11	6.289858E-11	-3.429072E-04	
5.185786E-11	4.629390E-11	-2.820532E-04	
5.138924E-11	3.895072E-11	-2.547754E-04	
4.482952E-11	-3.143773E-12	-2.072136E-04	
3.034401E-11	-1.174513E-11	-1.193063E-04	
1.869583E-11	-1.336695E-11	-5.310940E-05	
7.833389E-12	-2.137914E-11	-2.577241E-05	
-3.144300E-12	-2.361354E-12	-2.419394E-05	
-5.150531E-12	5.066317E-12	-4.523879E-05	
-3.020233E-12	1.069803E-11	-8.493337E-05	
4.661386E-13	1.770623E-11	-1.193063E-04	
2.936085E-12	1.548231E-11	-1.328734E-04	
3.997973E-12	2.003185E-11	-1.399218E-04	
5.266634E-12	2.944954E-11	-1.572297E-04	
1.497263E-11	3.614988E-11	-1.754146E-04	
2.884529E-11	3.027443E-11	-1.572297E-04	
3.611582E-11	2.856825E-11	-1.399218E-04	
3.948872E-11	2.666299E-11	-1.328734E-04	
3.595265E-11	1.111816E-15	-1.193063E-04	
2.700572E-11	-4.915683E-12	-8.493335E-05	
1.742507E-11	-9.976042E-12	-4.523878E-05	
6.401845E-12	-1.633169E-11	-2.419394E-05	
-1.521994E-12	-1.961170E-12	-2.059112E-05	
-2.078506E-12	1.076157E-12	-3.148724E-05	
9.633658E-13	3.294515E-12	-4.523880E-05	
4.828334E-12	4.160757E-12	-5.310941E-05	
6.720782E-12	1.131372E-11	-5.571798E-05	
6.690797E-12	1.289959E-11	-5.697864E-05	
7.250726E-12	1.696744E-11	-5.994942E-05	
1.326351E-11	1.799447E-11	-6.300218E-05	
2.181710E-11	1.259583E-11	-5.994944E-05	
2.690090E-11	8.331936E-12	-5.697864E-05	
2.882102E-11	9.770515E-13	-5.571798E-05	
2.588180E-11	4.541521E-12	-5.310939E-05	
1.978622E-11	4.958339E-13	-4.523878E-05	
1.289913E-11	-5.166076E-12	-3.148723E-05	
4.548746E-12	-9.648556E-12	-2.059112E-05	
-8.394742E-13	-7.867869E-13	-1.655496E-05	
-1.651667E-12	-3.273958E-13	-2.059112E-05	
-1.385520E-12	-6.092777E-13	-2.419395E-05	
-1.042292E-12	-1.404960E-12	-2.577242E-05	
-9.098736E-13	3.534506E-12	-2.623128E-05	
-3.207345E-13	5.784151E-12	-2.644038E-05	
1.552832E-12	6.075911E-12	-2.691444E-05	
6.130263E-12	5.022521E-12	-2.737128E-05	
1.005068E-11	1.763044E-12	-2.691444E-05	
1.078637E-11	-9.136405E-13	-2.644037E-05	
1.087612E-11	-2.909044E-12	-2.623129E-05	
1.078551E-11	4.081310E-12	-2.577241E-05	
1.030932E-11	1.505524E-12	-2.419393E-05	
8.104348E-12	-1.234704E-12	-2.059112E-05	
3.137710E-12	-2.961451E-12	-1.655495E-05	
-1.592972E-06	-1.592975E-06	-1.591136E-05	
-3.499203E-06	-3.720945E-06	-1.976113E-05	
-3.427737E-06	-5.732745E-06	-2.322821E-05	
-2.727511E-06	-6.633230E-06	-2.474791E-05	
-2.394922E-06	-6.842773E-06	-2.519065E-05	
-2.201245E-06	-6.936077E-06	-2.539234E-05	
-1.629192E-06	-7.235947E-06	-2.584811E-05	
-1.133615E-11	-7.387662E-06	-2.629007E-05	
1.629168E-06	-7.235947E-06	-2.584811E-05	
2.201220E-06	-6.936076E-06	-2.539234E-05	
2.394897E-06	-6.842775E-06	-2.519066E-05	
2.727487E-06	-6.633230E-06	-2.474787E-05	
3.427718E-06	-5.732744E-06	-2.322817E-05	
3.499191E-06	-3.720944E-06	-1.976110E-05	
1.592969E-06	-1.592974E-06	-1.591133E-05	
-3.720942E-06	-3.499210E-06	-1.976114E-05	
-1.130999E-05	-1.131000E-05	-2.955323E-05	
-1.548348E-05	-2.668189E-05	-4.128206E-05	
-1.494690E-05	-3.741512E-05	-4.791426E-05	
-1.403916E-05	-4.142204E-05	-5.009965E-05	
-1.319235E-05	-4.341435E-05	-5.115515E-05	
-1.035816E-05	-4.787592E-05	-5.365160E-05	
-1.071414E-11	-5.306659E-05	-5.619772E-05	
1.035814E-05	-4.787593E-05	-5.365161E-05	
1.319233E-05	-4.341435E-05	-5.115515E-05	
1.403913E-05	-4.142202E-05	-5.009961E-05	
1.494688E-05	-3.741512E-05	-4.791420E-05	
1.548347E-05	-2.668189E-05	-4.128200E-05	
1.130998E-05	-1.131000E-05	-2.955319E-05	
3.720939E-06	-3.499206E-06	-1.976110E-05	
-5.732740E-06	-3.427748E-06	-2.322821E-05	
-2.668188E-05	-1.548349E-05	-4.128206E-05	
-5.689464E-05	-5.689464E-05	-6.993709E-05	
-7.307890E-05	-1.184837E-04	-8.965846E-05	
-7.415855E-05	-1.454392E-04	-9.689832E-05	
-7.192659E-05	-1.602044E-04	-1.005454E-04	
-5.882838E-05	-1.992366E-04	-1.092260E-04	
-1.006816E-11	-2.375224E-04	-1.182836E-04	
5.882836E-05	-1.992366E-04	-1.092260E-04	
7.192657E-05	-1.602043E-04	-1.005454E-04	
7.415854E-05	-1.454391E-04	-9.689824E-05	
7.307888E-05	-1.184837E-04	-8.965840E-05	
5.689462E-05	-5.689465E-05	-6.993702E-05	
2.668188E-05	-1.548349E-05	-4.128200E-05	
5.732740E-06	-3.427740E-06	-2.322817E-05	
-6.633225E-06	-2.727525E-06	-2.474791E-05	
-3.741511E-05	-1.494691E-05	-4.791426E-05	
-1.184837E-04	-7.307890E-05	-8.965846E-05	
-2.238495E-04	-2.238495E-04	-1.103221E-04	
-2.723521E-04	-3.651098E-04	-1.102496E-04	
-2.560968E-04	-4.535243E-04	-1.086053E-04	
-1.795444E-04	-6.111357E-04	-1.092052E-04	
-5.585366E-12	-6.984400E-04	-1.189705E-04	
1.795444E-04	-6.111357E-04	-1.092053E-04	
2.560968E-04	-4.535243E-04	-1.086053E-04	
2.723521E-04	-3.651098E-04	-1.102495E-04	
2.238495E-04	-2.238495E-04	-1.103220E-04	
1.184837E-04	-7.307892E-05	-8.965839E-05	
3.741510E-05	-1.494691E-05	-4.791420E-05	
6.633226E-06	-2.727512E-06	-2.474787E-05	
-6.842775E-06	-2.394937E-06	-2.519066E-05	
-4.142203E-05	-1.403916E-05	-5.009965E-05	
-1.454391E-04	-7.415855E-05	-9.689834E-05	
-3.651098E-04	-2.723521E-04	-1.102496E-04	
-5.106656E-04	-5.106657E-04	2.701964E-05	
-4.509710E-04	-6.652409E-04	1.586262E-04	
-2.691651E-04	-9.164973E-04	1.772574E-04	
-5.732827E-11	-1.024239E-03	1.699511E-04	
2.691648E-04	-9.164974E-04	1.772575E-04	
4.509707E-04	-6.652409E-04	1.586262E-04	
5.106655E-04	-5.106657E-04	2.701916E-05	
3.651098E-04	-2.723521E-04	-1.102495E-04	
1.454391E-04	-7.415857E-05	-9.689825E-05	
4.142201E-05	-1.403916E-05	-5.009959E-05	
6.842762E-06	-2.394921E-06	-2.519061E-05	
-6.936090E-06	-2.201258E-06	-2.539234E-05	
-4.341438E-05	-1.319235E-05	-5.115514E-05	
-1.602044E-04	-7.192660E-05	-1.005454E-04	
-4.535242E-04	-2.560969E-04	-1.086053E-04	
-6.652408E-04	-4.509711E-04	1.586258E-04	
-6.101364E-04	-6.101364E-04	4.177644E-04	
-3.467946E-04	-9.984829E-04	4.609180E-04	
-7.775696E-11	-1.063843E-03	4.530168E-04	
3.467945E-04	-9.984830E-04	4.609181E-04	
6.101363E-04	-6.101364E-04	4.177646E-04	
6.652407E-04	-4.509712E-04	1.586259E-04	
4.535241E-04	-2.560969E-04	-1.086053E-04	
1.602044E-04	-7.192661E-05	-1.005454E-04	
4.341435E-05	-1.319236E-05	-5.115514E-05	
6.936072E-06	-2.201246E-06	-2.539233E-05	
-7.235957E-06	-1.629202E-06	-2.584811E-05	
-4.787595E-05	-1.035817E-05	-5.365160E-05	
-1.992366E-04	-5.882839E-05	-1.092260E-04	
-6.111357E-04	-1.795444E-04	-1.092052E-04	
-9.164974E-04	-2.691652E-04	1.772574E-04	
-9.984830E-04	-3.467945E-04	4.609181E-04	
-5.681438E-04	-5.681437E-04	1.500730E-03	
-6.686217E-11	-5.853714E-04	1.193663E-03	
5.681438E-04	-5.681438E-04	1.500730E-03	
9.984830E-04	-3.467945E-04	4.609182E-04	
9.164973E-04	-2.691655E-04	1.772572E-04	
6.111356E-04	-1.795444E-04	-1.092052E-04	
1.992366E-04	-5.882839E-05	-1.092259E-04	
4.787593E-05	-1.035817E-05	-5.365159E-05	
7.235945E-06	-1.629195E-06	-2.584810E-05	
-7.387668E-06	-1.330743E-11	-2.629008E-05	
-5.306662E-05	-1.234667E-11	-5.619772E-05	
-2.375224E-04	-2.080160E-11	-1.182836E-04	
-6.984401E-04	-4.492104E-11	-1.189705E-04	
-1.024239E-03	-1.921407E-11	1.699511E-04	
-1.063843E-03	-3.632532E-11	4.530167E-04	
-5.853714E-04	4.425280E-11	1.193663E-03	
-1.568384E-11	1.235982E-11	8.620566E-04	
5.853715E-04	-4.107782E-11	1.193663E-03	
1.063843E-03	-6.056548E-12	4.530169E-04	
1.024239E-03	-1.191479E-10	1.699509E-04	
6.984400E-04	-2.874623E-11	-1.189705E-04	
2.375224E-04	-1.230512E-11	-1.182836E-04	
5.306660E-05	-1.431841E-11	-5.619771E-05	
7.387661E-06	-1.608739E-11	-2.629006E-05	
-7.235946E-06	1.629173E-06	-2.584812E-05	
-4.787594E-05	1.035815E-05	-5.365161E-05	
-1.992366E-04	5.882835E-05	-1.092260E-04	
-6.111358E-04	1.795444E-04	-1.092052E-04	
-9.164976E-04	2.691651E-04	1.772575E-04	
-9.984831E-04	3.467945E-04	4.609180E-04	
-5.681438E-04	5.681437E-04	1.500730E-03	
3.024046E-11	5.853714E-04	1.193663E-03	
5.681438E-04	5.681438E-04	1.500730E-03	
9.984831E-04	3.467945E-04	4.609181E-04	
9.164974E-04	2.691652E-04	1.772574E-04	
6.111357E-04	1.795444E-04	-1.092051E-04	
1.992366E-04	5.882836E-05	-1.092259E-04	
4.787593E-05	1.035814E-05	-5.365159E-05	
7.235950E-06	1.629164E-06	-2.584810E-05	
-6.936070E-06	2.201224E-06	-2.539235E-05	
-4.341437E-05	1.319233E-05	-5.115516E-05	
-1.602044E-04	7.192655E-05	-1.005454E-04	
-4.535243E-04	2.560968E-04	-1.086053E-04	
-6.652409E-04	4.509710E-04	1.586260E-04	
-6.101364E-04	6.101365E-04	4.177642E-04	
-3.467945E-04	9.984830E-04	4.609182E-04	
-8.342316E-12	1.063843E-03	4.530166E-04	
3.467945E-04	9.984830E-04	4.609182E-04	
6.101365E-04	6.101363E-04	4.177644E-04	
6.652410E-04	4.509709E-04	1.586262E-04	
4.535243E-04	2.560968E-04	-1.086052E-04	
1.602044E-04	7.192657E-05	-1.005454E-04	
4.341436E-05	1.319233E-05	-5.115514E-05	
6.936079E-06	2.201218E-06	-2.539233E-05	
-6.842767E-06	2.394899E-06	-2.519067E-05	
-4.142202E-05	1.403914E-05	-5.009961E-05	
-1.454392E-04	7.415851E-05	-9.689824E-05	
-3.651098E-04	2.723521E-04	-1.102495E-04	
-5.106655E-04	5.106657E-04	2.702004E-05	
-4.509707E-04	6.652410E-04	1.586260E-04	
-2.691650E-04	9.164975E-04	1.772577E-04	
-4.567248E-10	1.024239E-03	1.699509E-04	
2.691647E-04	9.164973E-04	1.772576E-04	
4.509708E-04	6.652408E-04	1.586262E-04	
5.106656E-04	5.106655E-04	2.701979E-05	
3.651098E-04	2.723521E-04	-1.102494E-04	
1.454392E-04	7.415854E-05	-9.689821E-05	
4.142203E-05	1.403914E-05	-5.009960E-05	
6.842772E-06	2.394896E-06	-2.519065E-05	
-6.633234E-06	2.727491E-06	-2.474786E-05	
-3.741511E-05	1.494689E-05	-4.791420E-05	
-1.184837E-04	7.307887E-05	-8.965838E-05	
-2.238495E-04	2.238495E-04	-1.103220E-04	
-2.723521E-04	3.651098E-04	-1.102495E-04	
-2.560968E-04	4.535243E-04	-1.086052E-04	
-1.795444E-04	6.111358E-04	-1.092050E-04	
1.941013E-11	6.984401E-04	-1.189704E-04	
1.795444E-04	6.111357E-04	-1.092052E-04	
2.560968E-04	4.535242E-04	-1.086053E-04	
2.723521E-04	3.651097E-04	-1.102494E-04	
2.238495E-04	2.238495E-04	-1.103219E-04	
1.184837E-04	7.307888E-05	-8.965837E-05	
3.741512E-05	1.494688E-05	-4.791419E-05	
6.633232E-06	2.727486E-06	-2.474787E-05	
-5.732746E-06	3.427724E-06	-2.322817E-05	
-2.668189E-05	1.548348E-05	-4.128200E-05	
-5.689463E-05	5.689463E-05	-6.993702E-05	
-7.307889E-05	1.184837E-04	-8.965839E-05	
-7.415854E-05	1.454391E-04	-9.689823E-05	
-7.192659E-05	1.602044E-04	-1.005453E-04	
-5.882836E-05	1.992366E-04	-1.092259E-04	
1.238066E-11	2.375224E-04	-1.182836E-04	
5.882837E-05	1.992366E-04	-1.092259E-04	
7.192658E-05	1.602044E-04	-1.005453E-04	
7.415853E-05	1.454391E-04	-9.689820E-05	
7.307889E-05	1.184837E-04	-8.965836E-05	
5.689464E-05	5.689462E-05	-6.993700E-05	
2.668189E-05	1.548346E-05	-4.128199E-05	
5.732745E-06	3.427716E-06	-2.322817E-05	
-3.720944E-06	3.499195E-06	-1.976110E-05	
-1.131000E-05	1.130999E-05	-2.955319E-05	
-1.548348E-05	2.668188E-05	-4.128201E-05	
-1.494690E-05	3.741511E-05	-4.791421E-05	
-1.403915E-05	4.142204E-05	-5.009959E-05	
-1.319234E-05	4.341438E-05	-5.115513E-05	
-1.035815E-05	4.787594E-05	-5.365158E-05	
7.626767E-12	5.306662E-05	-5.619770E-05	
1.035817E-05	4.787594E-05	-5.365159E-05	
1.319235E-05	4.341436E-05	-5.115513E-05	
1.403916E-05	4.142201E-05	-5.009959E-05	
1.494691E-05	3.741510E-05	-4.791418E-05	
1.548349E-05	2.668188E-05	-4.128199E-05	
1.131000E-05	1.130998E-05	-2.955318E-05	
3.720944E-06	3.499190E-06	-1.976110E-05	
-1.592973E-06	1.592970E-06	-1.591133E-05	
-3.499203E-06	3.720941E-06	-1.976110E-05	
-3.427735E-06	5.732741E-06	-2.322818E-05	
-2.727507E-06	6.633226E-06	-2.474788E-05	
-2.394917E-06	6.842772E-06	-2.519062E-05	
-2.201240E-06	6.936085E-06	-2.539233E-05	
-1.629185E-06	7.235950E-06	-2.584810E-05	
2.511057E-12	7.387667E-06	-2.629006E-05	
1.629188E-06	7.235950E-06	-2.584810E-05	
2.201241E-06	6.936075E-06	-2.539233E-05	
2.394917E-06	6.842761E-06	-2.519065E-05	
2.727508E-06	6.633228E-06	-2.474786E-05	
3.427738E-06	5.732741E-06	-2.322816E-05	
3.499205E-06	3.720939E-06	-1.976110E-05	
1.592974E-06	1.592969E-06	-1.591133E-05	
-2.278165E-06	-2.278168E-06	-1.342679E-05	
-5.036277E-06	-5.198848E-06	-1.659060E-05	
-4.969866E-06	-8.113841E-06	-1.953048E-05	
-3.976088E-06	-9.260161E-06	-2.087673E-05	
-3.503743E-06	-9.569577E-06	-2.128051E-05	
-3.217884E-06	-9.703956E-06	-2.146724E-05	
-2.387653E-06	-9.964595E-06	-2.189426E-05	
-1.559556E-11	-1.015805E-05	-2.231682E-05	
2.387623E-06	-9.964596E-06	-2.189426E-05	
3.217856E-06	-9.703955E-06	-2.146724E-05	
3.503716E-06	-9.569578E-06	-2.128053E-05	
3.976061E-06	-9.260157E-06	-2.087669E-05	
4.969842E-06	-8.113837E-06	-1.953045E-05	
5.036261E-06	-5.198845E-06	-1.659057E-05	
2.278159E-06	-2.278165E-06	-1.342676E-05	
-5.198845E-06	-5.036286E-06	-1.659060E-05	
-1.506231E-05	-1.506232E-05	-2.295456E-05	
-1.997563E-05	-3.311965E-05	-2.863058E-05	
-1.905839E-05	-4.633495E-05	-3.114362E-05	
-1.780821E-05	-5.109430E-05	-3.187346E-05	
-1.674671E-05	-5.347650E-05	-3.220637E-05	
-1.310981E-05	-5.934476E-05	-3.296526E-05	
-1.780028E-11	-6.566894E-05	-3.368358E-05	
1.310977E-05	-5.934476E-05	-3.296527E-05	
1.674668E-05	-5.347650E-05	-3.220639E-05	
1.780818E-05	-5.109429E-05	-3.187344E-05	
1.905836E-05	-4.633494E-05	-3.114356E-05	
1.997560E-05	-3.311965E-05	-2.863053E-05	
1.506229E-05	-1.506231E-05	-2.295452E-05	
5.198840E-06	-5.036276E-06	-1.659057E-05	
-8.113836E-06	-4.969879E-06	-1.953048E-05	
-3.311965E-05	-1.997564E-05	-2.863058E-05	
-6.190722E-05	-6.190722E-05	-3.114954E-05	
-7.417214E-05	-1.089420E-04	-2.447953E-05	
-7.437292E-05	-1.299147E-04	-2.079920E-05	
-7.139898E-05	-1.412498E-04	-1.868583E-05	
-5.775200E-05	-1.684836E-04	-1.318199E-05	
-1.574097E-11	-1.962244E-04	-7.223639E-06	
5.775196E-05	-1.684836E-04	-1.318203E-05	
7.139894E-05	-1.412498E-04	-1.868588E-05	
7.437288E-05	-1.299147E-04	-2.079914E-05	
7.417210E-05	-1.089420E-04	-2.447945E-05	
6.190719E-05	-6.190721E-05	-3.114948E-05	
3.311963E-05	-1.997563E-05	-2.863053E-05	
8.113832E-06	-4.969863E-06	-1.953045E-05	
-9.260155E-06	-3.976104E-06	-2.087673E-05	
-4.633494E-05	-1.905840E-05	-3.114362E-05	
-1.089420E-04	-7.417213E-05	-2.447953E-05	
-1.521119E-04	-1.521119E-04	2.007958E-05	
-1.603805E-04	-1.879611E-04	5.228042E-05	
-1.554916E-04	-2.080445E-04	7.190326E-05	
-1.244371E-04	-2.590182E-04	1.135699E-04	
-5.766060E-13	-3.078953E-04	1.435095E-04	
1.244370E-04	-2.590181E-04	1.135699E-04	
1.554916E-04	-2.080445E-04	7.190319E-05	
1.603804E-04	-1.879611E-04	5.228044E-05	
1.521119E-04	-1.521119E-04	2.007966E-05	
1.089420E-04	-7.417211E-05	-2.447945E-05	
4.633493E-05	-1.905839E-05	-3.114356E-05	
9.260154E-06	-3.976085E-06	-2.087669E-05	
-9.569580E-06	-3.503760E-06	-2.128052E-05	
-5.109430E-05	-1.780821E-05	-3.187346E-05	
-1.299147E-04	-7.437290E-05	-2.079919E-05	
-1.879611E-04	-1.603804E-04	5.228039E-05	
-1.989928E-04	-1.989927E-04	1.016877E-04	
-1.958616E-04	-2.208633E-04	1.250187E-04	
-1.573513E-04	-2.796021E-04	2.055470E-04	
-5.658159E-11	-3.341392E-04	2.509362E-04	
1.573513E-04	-2.796020E-04	2.055470E-04	
1.958616E-04	-2.208632E-04	1.250186E-04	
1.989927E-04	-1.989927E-04	1.016877E-04	
1.879611E-04	-1.603805E-04	5.228048E-05	
1.299147E-04	-7.437288E-05	-2.079911E-05	
5.109427E-05	-1.780821E-05	-3.187340E-05	
9.569567E-06	-3.503740E-06	-2.128047E-05	
-9.703969E-06	-3.217900E-06	-2.146724E-05	
-5.347653E-05	-1.674671E-05	-3.220637E-05	
-1.412498E-04	-7.139897E-05	-1.868583E-05	
-2.080445E-04	-1.554916E-04	7.190324E-05	
-2.208632E-04	-1.958616E-04	1.250187E-04	
-2.170602E-04	-2.170602E-04	1.465137E-04	
-1.746510E-04	-2.656259E-04	2.667078E-04	
-1.107501E-10	-3.205774E-04	3.182015E-04	
1.746508E-04	-2.656259E-04	2.667078E-04	
2.170602E-04	-2.170601E-04	1.465138E-04	
2.208633E-04	-1.958615E-04	1.250188E-04	
2.080445E-04	-1.554917E-04	7.190325E-05	
1.412498E-04	-7.139895E-05	-1.868582E-05	
5.347649E-05	-1.674670E-05	-3.220636E-05	
9.703946E-06	-3.217881E-06	-2.146723E-05	
-9.964608E-06	-2.387665E-06	-2.189426E-05	
-5.934479E-05	-1.310981E-05	-3.296525E-05	
-1.684836E-04	-5.775200E-05	-1.318199E-05	
-2.590182E-04	-1.244371E-04	1.135699E-04	
-2.796021E-04	-1.573513E-04	2.055471E-04	
-2.656259E-04	-1.746509E-04	2.667078E-04	
-2.121160E-04	-2.121159E-04	3.398741E-04	
-1.125448E-10	-2.537458E-04	4.423288E-04	
2.121159E-04	-2.121160E-04	3.398741E-04	
2.656260E-04	-1.746509E-04	2.667079E-04	
2.796022E-04	-1.573512E-04	2.055472E-04	
2.590182E-04	-1.244371E-04	1.135699E-04	
1.684836E-04	-5.775198E-05	-1.318197E-05	
5.934475E-05	-1.310980E-05	-3.296525E-05	
9.964588E-06	-2.387650E-06	-2.189425E-05	
-1.015806E-05	-2.021470E-11	-2.231682E-05	
-6.566897E-05	-1.878566E-11	-3.368358E-05	
-1.962244E-04	-2.409664E-11	-7.223624E-06	
-3.078953E-04	-2.500567E-11	1.435096E-04	
-3.341392E-04	3.600678E-12	2.509362E-04	
-3.205774E-04	-7.696969E-11	3.182013E-04	
-2.537459E-04	3.397099E-11	4.423287E-04	
-7.580477E-11	4.999113E-12	5.428269E-04	
2.537458E-04	-2.030635E-11	4.423288E-04	
3.205774E-04	-7.414180E-11	3.182016E-04	
3.341392E-04	5.063411E-11	2.509363E-04	
3.078953E-04	1.103562E-11	1.435096E-04	
1.962244E-04	-1.136930E-11	-7.223601E-06	
6.566893E-05	-1.516175E-11	-3.368356E-05	
1.015805E-05	-1.356159E-11	-2.231681E-05	
-9.964602E-06	2.387624E-06	-2.189427E-05	
-5.934478E-05	1.310978E-05	-3.296527E-05	
-1.684836E-04	5.775195E-05	-1.318199E-05	
-2.590181E-04	1.244370E-04	1.135699E-04	
-2.796020E-04	1.573513E-04	2.055470E-04	
-2.656259E-04	1.746508E-04	2.667076E-04	
-2.121160E-04	2.121159E-04	3.398740E-04	
-6.930963E-11	2.537459E-04	4.423287E-04	
2.121158E-04	2.121159E-04	3.398741E-04	
2.656259E-04	1.746509E-04	2.667078E-04	
2.796020E-04	1.573513E-04	2.055471E-04	
2.590181E-04	1.244370E-04	1.135700E-04	
1.684836E-04	5.775196E-05	-1.318197E-05	
5.934475E-05	1.310977E-05	-3.296525E-05	
9.964591E-06	2.387624E-06	-2.189425E-05	
-9.703958E-06	3.217858E-06	-2.146725E-05	
-5.347653E-05	1.674669E-05	-3.220639E-05	
-1.412498E-04	7.139893E-05	-1.868584E-05	
-2.080445E-04	1.554916E-04	7.190326E-05	
-2.208632E-04	1.958616E-04	1.250186E-04	
-2.170601E-04	2.170601E-04	1.465135E-04	
-1.746509E-04	2.656259E-04	2.667077E-04	
-5.175625E-11	3.205774E-04	3.182014E-04	
1.746508E-04	2.656259E-04	2.667079E-04	
2.170601E-04	2.170602E-04	1.465137E-04	
2.208632E-04	1.958616E-04	1.250187E-04	
2.080444E-04	1.554916E-04	7.190330E-05	
1.412497E-04	7.139893E-05	-1.868582E-05	
5.347650E-05	1.674667E-05	-3.220637E-05	
9.703952E-06	3.217856E-06	-2.146723E-05	
-9.569579E-06	3.503718E-06	-2.128055E-05	
-5.109429E-05	1.780819E-05	-3.187346E-05	
-1.299147E-04	7.437287E-05	-2.079914E-05	
-1.879611E-04	1.603804E-04	5.228047E-05	
-1.989927E-04	1.989927E-04	1.016878E-04	
-1.958615E-04	2.208632E-04	1.250187E-04	
-1.573512E-04	2.796020E-04	2.055471E-04	
-5.690511E-11	3.341392E-04	2.509361E-04	
1.573512E-04	2.796021E-04	2.055471E-04	
1.958615E-04	2.208633E-04	1.250187E-04	
1.989926E-04	1.989928E-04	1.016878E-04	
1.879611E-04	1.603805E-04	5.228052E-05	
1.299147E-04	7.437287E-05	-2.079912E-05	
5.109428E-05	1.780818E-05	-3.187344E-05	
9.569573E-06	3.503716E-06	-2.128052E-05	
-9.260162E-06	3.976064E-06	-2.087668E-05	
-4.633494E-05	1.905837E-05	-3.114356E-05	
-1.089420E-04	7.417209E-05	-2.447946E-05	
-1.521119E-04	1.521119E-04	2.007964E-05	
-1.603805E-04	1.879611E-04	5.228047E-05	
-1.554916E-04	2.080444E-04	7.190335E-05	
-1.244371E-04	2.590181E-04	1.135700E-04	
-1.571643E-11	3.078953E-04	1.435096E-04	
1.244370E-04	2.590182E-04	1.135700E-04	
1.554916E-04	2.080445E-04	7.190327E-05	
1.603804E-04	1.879611E-04	5.228049E-05	
1.521119E-04	1.521119E-04	2.007968E-05	
1.089420E-04	7.417209E-05	-2.447943E-05	
4.633494E-05	1.905836E-05	-3.114356E-05	
9.260156E-06	3.976062E-06	-2.087669E-05	
-8.113839E-06	4.969845E-06	-1.953044E-05	
-3.311964E-05	1.997561E-05	-2.863053E-05	
-6.190721E-05	6.190719E-05	-3.114949E-05	
-7.417212E-05	1.089420E-04	-2.447947E-05	
-7.437290E-05	1.299147E-04	-2.079911E-05	
-7.139896E-05	1.412498E-04	-1.868579E-05	
-5.775198E-05	1.684836E-04	-1.318192E-05	
-3.180939E-12	1.962244E-04	-7.223579E-06	
5.775197E-05	1.684836E-04	-1.318196E-05	
7.139894E-05	1.412498E-04	-1.868581E-05	
7.437288E-05	1.299147E-04	-2.079910E-05	
7.417211E-05	1.089420E-04	-2.447943E-05	
6.190720E-05	6.190719E-05	-3.114946E-05	
3.311964E-05	1.997560E-05	-2.863052E-05	
8.113836E-06	4.969843E-06	-1.953045E-05	
-5.198845E-06	5.036263E-06	-1.659057E-05	
-1.506231E-05	1.506230E-05	-2.295452E-05	
-1.997562E-05	3.311963E-05	-2.863053E-05	
-1.905838E-05	4.633493E-05	-3.114357E-05	
-1.780820E-05	5.109428E-05	-3.187341E-05	
-1.674670E-05	5.347652E-05	-3.220635E-05	
-1.310980E-05	5.934476E-05	-3.296524E-05	
-3.147740E-13	6.566895E-05	-3.368355E-05	
1.310980E-05	5.934477E-05	-3.296525E-05	
1.674670E-05	5.347651E-05	-3.220636E-05	
1.780820E-05	5.109427E-05	-3.187342E-05	
1.905839E-05	4.633492E-05	-3.114355E-05	
1.997562E-05	3.311963E-05	-2.863052E-05	
1.506230E-05	1.506229E-05	-2.295451E-05	
5.198844E-06	5.036261E-06	-1.659056E-05	
-2.278164E-06	2.278161E-06	-1.342677E-05	
-5.036275E-06	5.198842E-06	-1.659057E-05	
-4.969862E-06	8.113833E-06	-1.953045E-05	
-3.976084E-06	9.260153E-06	-2.087670E-05	
-3.503739E-06	9.569574E-06	-2.128049E-05	
-3.217879E-06	9.703959E-06	-2.146723E-05	
-2.387645E-06	9.964598E-06	-2.189425E-05	
-1.686794E-12	1.015805E-05	-2.231681E-05	
2.387642E-06	9.964597E-06	-2.189425E-05	
3.217877E-06	9.703956E-06	-2.146723E-05	
3.503737E-06	9.569571E-06	-2.128051E-05	
3.976081E-06	9.260154E-06	-2.087668E-05	
4.969860E-06	8.113832E-06	-1.953044E-05	
5.036274E-06	5.198840E-06	-1.659056E-05	
2.278164E-06	2.278160E-06	-1.342676E-05	
-3.186106E-06	-3.186109E-06	-5.792923E-06	
-7.126402E-06	-6.904232E-06	-7.125039E-06	
-7.191168E-06	-1.094551E-05	-8.399260E-06	
-5.882234E-06	-1.298312E-05	-9.015044E-06	
-5.227507E-06	-1.361263E-05	-9.205511E-06	
-4.820316E-06	-1.390713E-05	-9.295091E-06	
-3.613060E-06	-1.458837E-05	-9.503378E-06	
-1.945272E-11	-1.526693E-05	-9.712391E-06	
3.613021E-06	-1.458837E-05	-9.503380E-06	
4.820278E-06	-1.390713E-05	-9.295095E-06	
5.227468E-06	-1.361263E-05	-9.205531E-06	
5.882197E-06	-1.298311E-05	-9.015026E-06	
7.191136E-06	-1.094550E-05	-8.399244E-06	
7.126381E-06	-6.904227E-06	-7.125026E-06	
3.186099E-06	-3.186105E-06	-5.792913E-06	
-6.904229E-06	-7.126412E-06	-7.125039E-06	
-1.787289E-05	-1.787290E-05	-9.144969E-06	
-2.124126E-05	-3.214353E-05	-9.967943E-06	
-1.904951E-05	-4.064600E-05	-9.784089E-06	
-1.745721E-05	-4.351626E-05	-9.632833E-06	
-1.628306E-05	-4.491506E-05	-9.540553E-06	
-1.250844E-05	-4.822140E-05	-9.288381E-06	
-2.661936E-11	-5.160405E-05	-8.986964E-06	
1.250839E-05	-4.822141E-05	-9.288388E-06	
1.628301E-05	-4.491507E-05	-9.540561E-06	
1.745715E-05	-4.351626E-05	-9.632831E-06	
1.904946E-05	-4.064597E-05	-9.784063E-06	
2.124122E-05	-3.214350E-05	-9.967921E-06	
1.787286E-05	-1.787288E-05	-9.144952E-06	
6.904221E-06	-7.126397E-06	-7.125026E-06	
-1.094551E-05	-7.191184E-06	-8.399262E-06	
-3.214352E-05	-2.124127E-05	-9.967944E-06	
-4.321362E-05	-4.321362E-05	-3.679174E-06	
-4.162244E-05	-5.768741E-05	5.525764E-06	
-3.903309E-05	-6.273599E-05	9.662392E-06	
-3.672674E-05	-6.523066E-05	1.189860E-05	
-2.873965E-05	-7.124246E-05	1.742908E-05	
-3.336064E-11	-7.754746E-05	2.335269E-05	
2.873957E-05	-7.124246E-05	1.742906E-05	
3.672666E-05	-6.523067E-05	1.189858E-05	
3.903300E-05	-6.273597E-05	9.662417E-06	
4.162236E-05	-5.768737E-05	5.525801E-06	
4.321356E-05	-4.321359E-05	-3.679144E-06	
3.214349E-05	-2.124125E-05	-9.967922E-06	
1.094550E-05	-7.191159E-06	-8.399245E-06	
-1.298311E-05	-5.882254E-06	-9.015046E-06	
-4.064599E-05	-1.904952E-05	-9.784091E-06	
-5.768740E-05	-4.162244E-05	5.525760E-06	
-5.707186E-05	-5.707186E-05	2.679478E-05	
-5.385971E-05	-6.255449E-05	3.514221E-05	
-5.083481E-05	-6.525159E-05	3.948192E-05	
-4.019685E-05	-7.166209E-05	5.132150E-05	
-3.399815E-11	-7.864756E-05	6.550222E-05	
4.019678E-05	-7.166209E-05	5.132147E-05	
5.083472E-05	-6.525160E-05	3.948188E-05	
5.385962E-05	-6.255449E-05	3.514223E-05	
5.707178E-05	-5.707182E-05	2.679482E-05	
5.768734E-05	-4.162241E-05	5.525795E-06	
4.064595E-05	-1.904949E-05	-9.784066E-06	
1.298311E-05	-5.882222E-06	-9.015027E-06	
-1.361263E-05	-5.227529E-06	-9.205515E-06	
-4.351627E-05	-1.745722E-05	-9.632832E-06	
-6.273599E-05	-3.903309E-05	9.662398E-06	
-6.255450E-05	-5.385971E-05	3.514220E-05	
-5.919505E-05	-5.919503E-05	4.486251E-05	
-5.577422E-05	-6.180686E-05	5.112104E-05	
-4.419530E-05	-6.782904E-05	6.269837E-05	
-6.208875E-11	-7.457785E-05	8.037534E-05	
4.419523E-05	-6.782905E-05	6.269832E-05	
5.577418E-05	-6.180687E-05	5.112101E-05	
5.919496E-05	-5.919504E-05	4.486254E-05	
6.255441E-05	-5.385966E-05	3.514226E-05	
6.273592E-05	-3.903305E-05	9.662439E-06	
4.351622E-05	-1.745719E-05	-9.632803E-06	
1.361262E-05	-5.227494E-06	-9.205494E-06	
-1.390714E-05	-4.820337E-06	-9.295091E-06	
-4.491508E-05	-1.628307E-05	-9.540549E-06	
-6.523069E-05	-3.672674E-05	1.189860E-05	
-6.525162E-05	-5.083481E-05	3.948192E-05	
-6.180689E-05	-5.577426E-05	5.112105E-05	
-5.827104E-05	-5.827106E-05	5.912950E-05	
-4.622077E-05	-6.449330E-05	6.697884E-05	
-3.684690E-11	-7.083852E-05	8.716783E-05	
4.622070E-05	-6.449332E-05	6.697884E-05	
5.827095E-05	-5.827104E-05	5.912944E-05	
6.180677E-05	-5.577425E-05	5.112108E-05	
6.525152E-05	-5.083477E-05	3.948194E-05	
6.523061E-05	-3.672671E-05	1.189862E-05	
4.491503E-05	-1.628304E-05	-9.540546E-06	
1.390712E-05	-4.820304E-06	-9.295090E-06	
-1.458838E-05	-3.613078E-06	-9.503377E-06	
-4.822142E-05	-1.250845E-05	-9.288376E-06	
-7.124248E-05	-2.873965E-05	1.742908E-05	
-7.166211E-05	-4.019685E-05	5.132150E-05	
-6.782906E-05	-4.419537E-05	6.269838E-05	
-6.449333E-05	-4.622080E-05	6.697886E-05	
-5.138782E-05	-5.138776E-05	9.041473E-05	
-4.818715E-11	-5.668328E-05	1.102188E-04	
5.138772E-05	-5.138778E-05	9.041470E-05	
6.449324E-05	-4.622078E-05	6.697879E-05	
6.782897E-05	-4.419534E-05	6.269841E-05	
7.166202E-05	-4.019682E-05	5.132153E-05	
7.124241E-05	-2.873962E-05	1.742909E-05	
4.822138E-05	-1.250843E-05	-9.288374E-06	
1.458836E-05	-3.613049E-06	-9.503376E-06	
-1.526694E-05	-3.065708E-11	-9.712392E-06	
-5.160407E-05	-2.912397E-11	-8.986960E-06	
-7.754748E-05	-2.831119E-11	2.335270E-05	
-7.864759E-05	-2.464767E-11	6.550222E-05	
-7.457789E-05	-5.995577E-11	8.037535E-05	
-7.083856E-05	-5.110292E-11	8.716777E-05	
-5.668332E-05	-1.465799E-11	1.102188E-04	
-5.478326E-11	-3.065756E-11	1.379123E-04	
5.668320E-05	-1.903989E-11	1.102188E-04	
7.083843E-05	-3.928302E-11	8.716780E-05	
7.457776E-05	-3.317902E-11	8.037539E-05	
7.864748E-05	-1.559624E-11	6.550225E-05	
7.754741E-05	-1.818254E-11	2.335271E-05	
5.160402E-05	-1.511666E-11	-8.986955E-06	
1.526692E-05	-9.801493E-12	-9.712386E-06	
-1.458838E-05	3.613014E-06	-9.503384E-06	
-4.822142E-05	1.250839E-05	-9.288386E-06	
-7.124248E-05	2.873959E-05	1.742907E-05	
-7.166210E-05	4.019680E-05	5.132149E-05	
-6.782905E-05	4.419528E-05	6.269834E-05	
-6.449334E-05	4.622069E-05	6.697876E-05	
-5.138782E-05	5.138772E-05	9.041468E-05	
-5.303173E-11	5.668322E-05	1.102188E-04	
5.138771E-05	5.138774E-05	9.041468E-05	
6.449323E-05	4.622071E-05	6.697881E-05	
6.782895E-05	4.419527E-05	6.269837E-05	
7.166200E-05	4.019678E-05	5.132151E-05	
7.124241E-05	2.873958E-05	1.742908E-05	
4.822139E-05	1.250840E-05	-9.288376E-06	
1.458837E-05	3.613030E-06	-9.503373E-06	
-1.390714E-05	4.820271E-06	-9.295100E-06	
-4.491508E-05	1.628301E-05	-9.540563E-06	
-6.523068E-05	3.672668E-05	1.189860E-05	
-6.525161E-05	5.083474E-05	3.948190E-05	
-6.180688E-05	5.577419E-05	5.112105E-05	
-5.827105E-05	5.827095E-05	5.912943E-05	
-4.622079E-05	6.449323E-05	6.697881E-05	
-5.034391E-11	7.083845E-05	8.716780E-05	
4.622069E-05	6.449326E-05	6.697881E-05	
5.827095E-05	5.827098E-05	5.912943E-05	
6.180678E-05	5.577419E-05	5.112105E-05	
6.525152E-05	5.083472E-05	3.948191E-05	
6.523062E-05	3.672665E-05	1.189861E-05	
4.491505E-05	1.628301E-05	-9.540550E-06	
1.390713E-05	4.820287E-06	-9.295088E-06	
-1.361263E-05	5.227461E-06	-9.205538E-06	
-4.351625E-05	1.745715E-05	-9.632848E-06	
-6.273596E-05	3.903303E-05	9.662395E-06	
-6.255448E-05	5.385964E-05	3.514220E-05	
-5.919504E-05	5.919497E-05	4.486252E-05	
-5.577426E-05	6.180678E-05	5.112105E-05	
-4.419535E-05	6.782895E-05	6.269837E-05	
-4.049377E-11	7.457778E-05	8.037538E-05	
4.419526E-05	6.782898E-05	6.269837E-05	
5.577416E-05	6.180680E-05	5.112104E-05	
5.919494E-05	5.919496E-05	4.486255E-05	
6.255441E-05	5.385961E-05	3.514222E-05	
6.273593E-05	3.903299E-05	9.662403E-06	
4.351623E-05	1.745716E-05	-9.632835E-06	
1.361262E-05	5.227478E-06	-9.205524E-06	
-1.298311E-05	5.882192E-06	-9.015021E-06	
-4.064598E-05	1.904946E-05	-9.784060E-06	
-5.768738E-05	4.162238E-05	5.525791E-06	
-5.707184E-05	5.707180E-05	2.679481E-05	
-5.385968E-05	6.255443E-05	3.514224E-05	
-5.083478E-05	6.525152E-05	3.948195E-05	
-4.019683E-05	7.166201E-05	5.132153E-05	
-2.664350E-11	7.864750E-05	6.550226E-05	
4.019679E-05	7.166204E-05	5.132153E-05	
5.083474E-05	6.525154E-05	3.948195E-05	
5.385964E-05	6.255442E-05	3.514225E-05	
5.707180E-05	5.707177E-05	2.679483E-05	
5.768735E-05	4.162236E-05	5.525807E-06	
4.064595E-05	1.904946E-05	-9.784062E-06	
1.298311E-05	5.882206E-06	-9.015028E-06	
-1.094551E-05	7.191135E-06	-8.399242E-06	
-3.214351E-05	2.124123E-05	-9.967921E-06	
-4.321360E-05	4.321358E-05	-3.679149E-06	
-4.162241E-05	5.768736E-05	5.525790E-06	
-3.903305E-05	6.273595E-05	9.662431E-06	
-3.672671E-05	6.523062E-05	1.189863E-05	
-2.873962E-05	7.124241E-05	1.742911E-05	
-1.695897E-11	7.754742E-05	2.335272E-05	
2.873959E-05	7.124243E-05	1.742909E-05	
3.672668E-05	6.523064E-05	1.189862E-05	
3.903302E-05	6.273591E-05	9.662430E-06	
4.162238E-05	5.768733E-05	5.525807E-06	
4.321357E-05	4.321356E-05	-3.679136E-06	
3.214349E-05	2.124122E-05	-9.967918E-06	
1.094550E-05	7.191142E-06	-8.399245E-06	
-6.904228E-06	7.126383E-06	-7.125026E-06	
-1.787288E-05	1.787287E-05	-9.144953E-06	
-2.124125E-05	3.214349E-05	-9.967925E-06	
-1.904949E-05	4.064596E-05	-9.784070E-06	
-1.745719E-05	4.351625E-05	-9.632810E-06	
-1.628304E-05	4.491505E-05	-9.540543E-06	
-1.250842E-05	4.822139E-05	-9.288369E-06	
-8.062867E-12	5.160404E-05	-8.986951E-06	
1.250841E-05	4.822140E-05	-9.288375E-06	
1.628303E-05	4.491506E-05	-9.540550E-06	
1.745717E-05	4.351621E-05	-9.632822E-06	
1.904948E-05	4.064595E-05	-9.784057E-06	
2.124124E-05	3.214348E-05	-9.967916E-06	
1.787287E-05	1.787286E-05	-9.144949E-06	
6.904224E-06	7.126384E-06	-7.125025E-06	
-3.186105E-06	3.186100E-06	-5.792913E-06	
-7.126397E-06	6.904223E-06	-7.125028E-06	
-7.191161E-06	1.094550E-05	-8.399248E-06	
-5.882226E-06	1.298311E-05	-9.015032E-06	
-5.227499E-06	1.361263E-05	-9.205505E-06	
-4.820308E-06	1.390713E-05	-9.295090E-06	
-3.613050E-06	1.458837E-05	-9.503374E-06	
-6.173080E-12	1.526693E-05	-9.712387E-06	
3.613038E-06	1.458837E-05	-9.503376E-06	
4.820295E-06	1.390713E-05	-9.295090E-06	
5.227486E-06	1.361262E-05	-9.205515E-06	
5.882215E-06	1.298310E-05	-9.015022E-06	
7.191153E-06	1.094550E-05	-8.399242E-06	
7.126393E-06	6.904221E-06	-7.125024E-06	
3.186103E-06	3.186100E-06	-5.792912E-06	
