flux
3
1575
-2.551395E-11	1.129454E-11	1.694575E-04	
-3.087884E-11	-8.259074E-12	6.881771E-05	
-1.055582E-11	-3.204489E-11	-1.220308E-06	
1.598855E-11	-1.755172E-11	6.881687E-05	
1.648025E-11	5.361871E-12	1.694564E-04	
-4.714972E-12	2.780181E-11	1.694566E-04	
-5.434615E-13	3.785777E-11	6.881719E-05	
1.541953E-11	3.454180E-11	-1.220262E-06	
2.103455E-11	1.359518E-11	6.881723E-05	
1.450043E-11	8.616489E-12	1.694566E-04	
5.166490E-12	1.698266E-11	1.694567E-04	
5.245418E-12	7.799969E-12	6.881723E-05	
-6.650691E-12	7.657214E-12	-1.220123E-06	
-1.184756E-11	1.426223E-11	6.881737E-05	
-9.010315E-12	2.079064E-11	1.694568E-04	
8.349593E-12	2.871078E-11	1.694567E-04	
8.993610E-12	3.602999E-11	6.881719E-05	
-1.758094E-12	2.924837E-11	-1.220241E-06	
-1.123394E-11	2.568510E-11	6.881715E-05	
-1.865126E-11	1.788895E-11	1.694567E-04	
1.441811E-11	9.578933E-12	-5.961099E-05	
-7.346327E-12	2.471115E-11	-5.961089E-05	
-8.705877E-13	2.536111E-11	-5.961089E-05	
-1.933496E-11	1.486697E-11	-5.961014E-05	
-1.481294E-09	1.540006E-09	2.502537E-03	
-1.805882E-09	-3.517498E-10	1.723105E-03	
-3.442126E-10	-2.419441E-10	2.502537E-03	
1.772032E-10	2.456014E-09	1.723105E-03	
-8.472900E-11	-2.873524E-10	9.142956E-04	
-2.717544E-10	-1.289493E-09	1.723105E-03	
8.762449E-10	9.642217E-10	2.502537E-03	
1.941892E-09	9.660246E-11	1.723105E-03	
1.065918E-09	-1.015254E-09	2.502537E-03	
3.186110E-06	3.186109E-06	-5.792926E-06	
7.126413E-06	6.904233E-06	-7.125043E-06	
7.191185E-06	1.094551E-05	-8.399269E-06	
5.882257E-06	1.298312E-05	-9.015057E-06	
5.227532E-06	1.361265E-05	-9.205528E-06	
4.820338E-06	1.390717E-05	-9.295095E-06	
3.613071E-06	1.458841E-05	-9.503384E-06	
4.612693E-12	1.526697E-05	-9.712399E-06	
-3.613062E-06	1.458841E-05	-9.503386E-06	
-4.820327E-06	1.390717E-05	-9.295099E-06	
-5.227521E-06	1.361265E-05	-9.205533E-06	
-5.882247E-06	1.298312E-05	-9.015048E-06	
-7.191178E-06	1.094551E-05	-8.399262E-06	
-7.126408E-06	6.904229E-06	-7.125038E-06	
-3.186108E-06	3.186106E-06	-5.792922E-06	
6.904234E-06	7.126412E-06	-7.125043E-06	
1.787290E-05	1.787290E-05	-9.144974E-06	
2.124128E-05	3.214353E-05	-9.967949E-06	
1.904953E-05	4.064600E-05	-9.784100E-06	
1.745723E-05	4.351630E-05	-9.632842E-06	
1.628308E-05	4.491518E-05	-9.540561E-06	
1.250845E-05	4.822152E-05	-9.288390E-06	
5.981623E-12	5.160417E-05	-8.986974E-06	
-1.250844E-05	4.822152E-05	-9.288393E-06	
-1.628307E-05	4.491518E-05	-9.540563E-06	
-1.745722E-05	4.351633E-05	-9.632842E-06	
-1.904952E-05	4.064599E-05	-9.784090E-06	
-2.124127E-05	3.214352E-05	-9.967941E-06	
-1.787289E-05	1.787289E-05	-9.144967E-06	
-6.904231E-06	7.126403E-06	-7.125038E-06	
1.094551E-05	7.191184E-06	-8.399269E-06	
3.214353E-05	2.124128E-05	-9.967949E-06	
4.321363E-05	4.321363E-05	-3.679169E-06	
4.162244E-05	5.768743E-05	5.525774E-06	
3.903307E-05	6.273604E-05	9.662416E-06	
3.672673E-05	6.523079E-05	1.189862E-05	
2.873965E-05	7.124260E-05	1.742910E-05	
9.930401E-12	7.754762E-05	2.335273E-05	
-2.873963E-05	7.124260E-05	1.742910E-05	
-3.672671E-05	6.523079E-05	1.189862E-05	
-3.903305E-05	6.273606E-05	9.662423E-06	
-4.162242E-05	5.768741E-05	5.525783E-06	
-4.321362E-05	4.321361E-05	-3.679161E-06	
-3.214352E-05	2.124126E-05	-9.967941E-06	
-1.094551E-05	7.191171E-06	-8.399263E-06	
1.298312E-05	5.882256E-06	-9.015057E-06	
4.064600E-05	1.904953E-05	-9.784100E-06	
5.768743E-05	4.162244E-05	5.525775E-06	
5.707191E-05	5.707191E-05	2.679483E-05	
5.385975E-05	6.255455E-05	3.514226E-05	
5.083485E-05	6.525168E-05	3.948197E-05	
4.019689E-05	7.166219E-05	5.132159E-05	
1.365725E-11	7.864771E-05	6.550237E-05	
-4.019686E-05	7.166219E-05	5.132159E-05	
-5.083482E-05	6.525168E-05	3.948198E-05	
-5.385972E-05	6.255455E-05	3.514227E-05	
-5.707188E-05	5.707189E-05	2.679483E-05	
-5.768741E-05	4.162241E-05	5.525783E-06	
-4.064599E-05	1.904951E-05	-9.784091E-06	
-1.298312E-05	5.882241E-06	-9.015050E-06	
1.361265E-05	5.227531E-06	-9.205528E-06	
4.351630E-05	1.745723E-05	-9.632841E-06	
6.273604E-05	3.903307E-05	9.662420E-06	
6.255455E-05	5.385975E-05	3.514227E-05	
5.919509E-05	5.919509E-05	4.486259E-05	
5.577431E-05	6.180693E-05	5.112111E-05	
4.419539E-05	6.782912E-05	6.269850E-05	
1.591782E-11	7.457799E-05	8.037555E-05	
-4.419536E-05	6.782913E-05	6.269850E-05	
-5.577428E-05	6.180693E-05	5.112111E-05	
-5.919507E-05	5.919509E-05	4.486260E-05	
-6.255453E-05	5.385973E-05	3.514228E-05	
-6.273603E-05	3.903305E-05	9.662429E-06	
-4.351629E-05	1.745721E-05	-9.632831E-06	
-1.361264E-05	5.227515E-06	-9.205521E-06	
1.390717E-05	4.820337E-06	-9.295097E-06	
4.491518E-05	1.628308E-05	-9.540563E-06	
6.523079E-05	3.672673E-05	1.189861E-05	
6.525168E-05	5.083484E-05	3.948197E-05	
6.180694E-05	5.577430E-05	5.112109E-05	
5.827111E-05	5.827110E-05	5.912948E-05	
4.622082E-05	6.449340E-05	6.697891E-05	
2.784350E-11	7.083865E-05	8.716794E-05	
-4.622077E-05	6.449340E-05	6.697893E-05	
-5.827106E-05	5.827110E-05	5.912950E-05	
-6.180690E-05	5.577430E-05	5.112110E-05	
-6.525164E-05	5.083482E-05	3.948197E-05	
-6.523076E-05	3.672671E-05	1.189862E-05	
-4.491516E-05	1.628306E-05	-9.540558E-06	
-1.390716E-05	4.820322E-06	-9.295094E-06	
1.458841E-05	3.613071E-06	-9.503385E-06	
4.822152E-05	1.250845E-05	-9.288394E-06	
7.124260E-05	2.873965E-05	1.742909E-05	
7.166219E-05	4.019689E-05	5.132158E-05	
6.782912E-05	4.419538E-05	6.269847E-05	
6.449340E-05	4.622082E-05	6.697891E-05	
5.138786E-05	5.138787E-05	9.041481E-05	
2.228749E-11	5.668338E-05	1.102190E-04	
-5.138782E-05	5.138786E-05	9.041484E-05	
-6.449336E-05	4.622081E-05	6.697894E-05	
-6.782908E-05	4.419538E-05	6.269849E-05	
-7.166215E-05	4.019687E-05	5.132159E-05	
-7.124257E-05	2.873963E-05	1.742910E-05	
-4.822150E-05	1.250843E-05	-9.288388E-06	
-1.458841E-05	3.613056E-06	-9.503382E-06	
1.526697E-05	6.603573E-12	-9.712400E-06	
5.160416E-05	1.062834E-11	-8.986977E-06	
7.754761E-05	1.508978E-11	2.335272E-05	
7.864770E-05	1.620934E-11	6.550236E-05	
7.457798E-05	1.723334E-11	8.037552E-05	
7.083864E-05	2.783764E-11	8.716793E-05	
5.668338E-05	2.970607E-11	1.102189E-04	
2.710719E-11	2.329776E-11	1.379125E-04	
-5.668333E-05	2.174690E-11	1.102190E-04	
-7.083861E-05	1.918167E-11	8.716796E-05	
-7.457795E-05	3.292244E-12	8.037553E-05	
-7.864767E-05	8.536301E-13	6.550236E-05	
-7.754758E-05	-2.422560E-12	2.335273E-05	
-5.160415E-05	-6.809666E-12	-8.986971E-06	
-1.526696E-05	-8.886051E-12	-9.712396E-06	
1.458841E-05	-3.613058E-06	-9.503387E-06	
4.822152E-05	-1.250843E-05	-9.288395E-06	
7.124260E-05	-2.873962E-05	1.742909E-05	
7.166219E-05	-4.019685E-05	5.132158E-05	
6.782912E-05	-4.419535E-05	6.269846E-05	
6.449339E-05	-4.622076E-05	6.697891E-05	
5.138786E-05	-5.138781E-05	9.041480E-05	
2.040926E-11	-5.668333E-05	1.102190E-04	
-5.138783E-05	-5.138782E-05	9.041482E-05	
-6.449337E-05	-4.622077E-05	6.697895E-05	
-6.782910E-05	-4.419535E-05	6.269849E-05	
-7.166216E-05	-4.019687E-05	5.132159E-05	
-7.124257E-05	-2.873963E-05	1.742910E-05	
-4.822151E-05	-1.250845E-05	-9.288389E-06	
-1.458841E-05	-3.613073E-06	-9.503383E-06	
1.390717E-05	-4.820324E-06	-9.295099E-06	
4.491518E-05	-1.628306E-05	-9.540565E-06	
6.523079E-05	-3.672670E-05	1.189861E-05	
6.525167E-05	-5.083480E-05	3.948196E-05	
6.180693E-05	-5.577427E-05	5.112108E-05	
5.827110E-05	-5.827105E-05	5.912948E-05	
4.622082E-05	-6.449335E-05	6.697891E-05	
2.256322E-11	-7.083859E-05	8.716794E-05	
-4.622078E-05	-6.449335E-05	6.697893E-05	
-5.827107E-05	-5.827106E-05	5.912951E-05	
-6.180690E-05	-5.577426E-05	5.112110E-05	
-6.525165E-05	-5.083483E-05	3.948197E-05	
-6.523077E-05	-3.672671E-05	1.189862E-05	
-4.491516E-05	-1.628308E-05	-9.540560E-06	
-1.390716E-05	-4.820339E-06	-9.295096E-06	
1.361265E-05	-5.227517E-06	-9.205533E-06	
4.351633E-05	-1.745721E-05	-9.632847E-06	
6.273606E-05	-3.903303E-05	9.662408E-06	
6.255455E-05	-5.385970E-05	3.514225E-05	
5.919508E-05	-5.919505E-05	4.486256E-05	
5.577430E-05	-6.180688E-05	5.112107E-05	
4.419539E-05	-6.782907E-05	6.269846E-05	
2.983548E-11	-7.457793E-05	8.037551E-05	
-4.419534E-05	-6.782907E-05	6.269848E-05	
-5.577427E-05	-6.180689E-05	5.112109E-05	
-5.919506E-05	-5.919505E-05	4.486258E-05	
-6.255452E-05	-5.385973E-05	3.514226E-05	
-6.273604E-05	-3.903305E-05	9.662415E-06	
-4.351632E-05	-1.745722E-05	-9.632843E-06	
-1.361265E-05	-5.227532E-06	-9.205530E-06	
1.298312E-05	-5.882243E-06	-9.015048E-06	
4.064599E-05	-1.904951E-05	-9.784092E-06	
5.768742E-05	-4.162240E-05	5.525781E-06	
5.707189E-05	-5.707187E-05	2.679483E-05	
5.385973E-05	-6.255451E-05	3.514227E-05	
5.083483E-05	-6.525163E-05	3.948197E-05	
4.019688E-05	-7.166214E-05	5.132159E-05	
2.001997E-11	-7.864766E-05	6.550236E-05	
-4.019684E-05	-7.166214E-05	5.132159E-05	
-5.083479E-05	-6.525164E-05	3.948197E-05	
-5.385970E-05	-6.255451E-05	3.514226E-05	
-5.707186E-05	-5.707189E-05	2.679483E-05	
-5.768739E-05	-4.162242E-05	5.525782E-06	
-4.064597E-05	-1.904952E-05	-9.784090E-06	
-1.298311E-05	-5.882257E-06	-9.015048E-06	
1.094551E-05	-7.191173E-06	-8.399262E-06	
3.214352E-05	-2.124126E-05	-9.967942E-06	
4.321362E-05	-4.321360E-05	-3.679163E-06	
4.162243E-05	-5.768740E-05	5.525781E-06	
3.903306E-05	-6.273601E-05	9.662418E-06	
3.672672E-05	-6.523075E-05	1.189862E-05	
2.873964E-05	-7.124256E-05	1.742910E-05	
1.803743E-11	-7.754757E-05	2.335273E-05	
-2.873961E-05	-7.124256E-05	1.742910E-05	
-3.672668E-05	-6.523076E-05	1.189862E-05	
-3.903302E-05	-6.273602E-05	9.662423E-06	
-4.162239E-05	-5.768741E-05	5.525785E-06	
-4.321359E-05	-4.321361E-05	-3.679160E-06	
-3.214351E-05	-2.124127E-05	-9.967940E-06	
-1.094550E-05	-7.191185E-06	-8.399262E-06	
6.904231E-06	-7.126404E-06	-7.125038E-06	
1.787289E-05	-1.787289E-05	-9.144968E-06	
2.124127E-05	-3.214351E-05	-9.967944E-06	
1.904953E-05	-4.064598E-05	-9.784094E-06	
1.745723E-05	-4.351628E-05	-9.632837E-06	
1.628308E-05	-4.491516E-05	-9.540558E-06	
1.250845E-05	-4.822150E-05	-9.288388E-06	
1.375357E-11	-5.160414E-05	-8.986971E-06	
-1.250842E-05	-4.822150E-05	-9.288390E-06	
-1.628305E-05	-4.491516E-05	-9.540560E-06	
-1.745720E-05	-4.351631E-05	-9.632838E-06	
-1.904950E-05	-4.064598E-05	-9.784089E-06	
-2.124125E-05	-3.214352E-05	-9.967940E-06	
-1.787288E-05	-1.787289E-05	-9.144966E-06	
-6.904227E-06	-7.126412E-06	-7.125038E-06	
3.186108E-06	-3.186107E-06	-5.792922E-06	
7.126410E-06	-6.904229E-06	-7.125040E-06	
7.191183E-06	-1.094551E-05	-8.399265E-06	
5.882256E-06	-1.298312E-05	-9.015052E-06	
5.227531E-06	-1.361264E-05	-9.205525E-06	
4.820338E-06	-1.390716E-05	-9.295094E-06	
3.613072E-06	-1.458840E-05	-9.503382E-06	
9.288603E-12	-1.526696E-05	-9.712396E-06	
-3.613054E-06	-1.458840E-05	-9.503383E-06	
-4.820319E-06	-1.390716E-05	-9.295095E-06	
-5.227513E-06	-1.361265E-05	-9.205525E-06	
-5.882238E-06	-1.298312E-05	-9.015047E-06	
-7.191168E-06	-1.094551E-05	-8.399261E-06	
-7.126400E-06	-6.904231E-06	-7.125037E-06	
-3.186105E-06	-3.186109E-06	-5.792922E-06	
2.278168E-06	2.278167E-06	-1.342680E-05	
5.036283E-06	5.198849E-06	-1.659061E-05	
4.969872E-06	8.113842E-06	-1.953050E-05	
3.976090E-06	9.260164E-06	-2.087675E-05	
3.503742E-06	9.569596E-06	-2.128054E-05	
3.217883E-06	9.703986E-06	-2.146726E-05	
2.387650E-06	9.964627E-06	-2.189428E-05	
1.348999E-12	1.015808E-05	-2.231684E-05	
-2.387648E-06	9.964626E-06	-2.189428E-05	
-3.217882E-06	9.703983E-06	-2.146726E-05	
-3.503741E-06	9.569583E-06	-2.128055E-05	
-3.976089E-06	9.260160E-06	-2.087673E-05	
-4.969870E-06	8.113838E-06	-1.953048E-05	
-5.036282E-06	5.198846E-06	-1.659059E-05	
-2.278167E-06	2.278164E-06	-1.342679E-05	
5.198850E-06	5.036282E-06	-1.659061E-05	
1.506232E-05	1.506232E-05	-2.295457E-05	
1.997564E-05	3.311967E-05	-2.863059E-05	
1.905839E-05	4.633497E-05	-3.114363E-05	
1.780820E-05	5.109437E-05	-3.187348E-05	
1.674670E-05	5.347663E-05	-3.220643E-05	
1.310980E-05	5.934489E-05	-3.296531E-05	
2.642639E-12	6.566907E-05	-3.368363E-05	
-1.310980E-05	5.934489E-05	-3.296532E-05	
-1.674670E-05	5.347663E-05	-3.220643E-05	
-1.780820E-05	5.109434E-05	-3.187349E-05	
-1.905839E-05	4.633496E-05	-3.114361E-05	
-1.997563E-05	3.311966E-05	-2.863057E-05	
-1.506232E-05	1.506231E-05	-2.295455E-05	
-5.198848E-06	5.036275E-06	-1.659059E-05	
8.113842E-06	4.969871E-06	-1.953050E-05	
3.311967E-05	1.997564E-05	-2.863059E-05	
6.190726E-05	6.190726E-05	-3.114955E-05	
7.417215E-05	1.089421E-04	-2.447952E-05	
7.437290E-05	1.299149E-04	-2.079918E-05	
7.139898E-05	1.412500E-04	-1.868591E-05	
5.775204E-05	1.684839E-04	-1.318205E-05	
5.417551E-12	1.962248E-04	-7.223671E-06	
-5.775203E-05	1.684839E-04	-1.318205E-05	
-7.139897E-05	1.412500E-04	-1.868591E-05	
-7.437289E-05	1.299148E-04	-2.079919E-05	
-7.417214E-05	1.089421E-04	-2.447950E-05	
-6.190725E-05	6.190724E-05	-3.114953E-05	
-3.311966E-05	1.997562E-05	-2.863057E-05	
-8.113840E-06	4.969861E-06	-1.953048E-05	
9.260163E-06	3.976089E-06	-2.087675E-05	
4.633497E-05	1.905839E-05	-3.114364E-05	
1.089421E-04	7.417215E-05	-2.447952E-05	
1.521121E-04	1.521121E-04	2.007961E-05	
1.603807E-04	1.879614E-04	5.228043E-05	
1.554918E-04	2.080448E-04	7.190321E-05	
1.244373E-04	2.590186E-04	1.135699E-04	
4.555426E-12	3.078960E-04	1.435096E-04	
-1.244373E-04	2.590186E-04	1.135699E-04	
-1.554918E-04	2.080448E-04	7.190320E-05	
-1.603806E-04	1.879614E-04	5.228044E-05	
-1.521121E-04	1.521121E-04	2.007964E-05	
-1.089421E-04	7.417214E-05	-2.447950E-05	
-4.633497E-05	1.905838E-05	-3.114361E-05	
-9.260162E-06	3.976078E-06	-2.087673E-05	
9.569593E-06	3.503742E-06	-2.128054E-05	
5.109436E-05	1.780820E-05	-3.187348E-05	
1.299149E-04	7.437291E-05	-2.079918E-05	
1.879614E-04	1.603807E-04	5.228045E-05	
1.989930E-04	1.989930E-04	1.016878E-04	
1.958619E-04	2.208636E-04	1.250186E-04	
1.573516E-04	2.796026E-04	2.055471E-04	
1.926735E-11	3.341401E-04	2.509364E-04	
-1.573516E-04	2.796026E-04	2.055471E-04	
-1.958619E-04	2.208636E-04	1.250186E-04	
-1.989930E-04	1.989930E-04	1.016878E-04	
-1.879613E-04	1.603806E-04	5.228047E-05	
-1.299149E-04	7.437289E-05	-2.079915E-05	
-5.109436E-05	1.780819E-05	-3.187345E-05	
-9.569593E-06	3.503730E-06	-2.128052E-05	
9.703984E-06	3.217883E-06	-2.146726E-05	
5.347663E-05	1.674670E-05	-3.220643E-05	
1.412500E-04	7.139899E-05	-1.868591E-05	
2.080448E-04	1.554919E-04	7.190319E-05	
2.208636E-04	1.958619E-04	1.250186E-04	
2.170605E-04	2.170605E-04	1.465135E-04	
1.746513E-04	2.656265E-04	2.667077E-04	
7.057746E-11	3.205784E-04	3.182016E-04	
-1.746512E-04	2.656265E-04	2.667077E-04	
-2.170605E-04	2.170605E-04	1.465136E-04	
-2.208635E-04	1.958619E-04	1.250186E-04	
-2.080447E-04	1.554918E-04	7.190324E-05	
-1.412500E-04	7.139897E-05	-1.868589E-05	
-5.347662E-05	1.674669E-05	-3.220642E-05	
-9.703982E-06	3.217870E-06	-2.146725E-05	
9.964625E-06	2.387650E-06	-2.189428E-05	
5.934488E-05	1.310980E-05	-3.296532E-05	
1.684839E-04	5.775204E-05	-1.318206E-05	
2.590186E-04	1.244373E-04	1.135699E-04	
2.796025E-04	1.573516E-04	2.055470E-04	
2.656265E-04	1.746512E-04	2.667076E-04	
2.121166E-04	2.121166E-04	3.398743E-04	
5.585848E-11	2.537469E-04	4.423296E-04	
-2.121165E-04	2.121166E-04	3.398744E-04	
-2.656264E-04	1.746513E-04	2.667077E-04	
-2.796025E-04	1.573516E-04	2.055471E-04	
-2.590185E-04	1.244373E-04	1.135700E-04	
-1.684839E-04	5.775202E-05	-1.318203E-05	
-5.934487E-05	1.310979E-05	-3.296530E-05	
-9.964623E-06	2.387638E-06	-2.189428E-05	
1.015808E-05	3.854320E-12	-2.231684E-05	
6.566907E-05	8.346326E-12	-3.368364E-05	
1.962248E-04	1.560183E-11	-7.223685E-06	
3.078960E-04	1.889887E-11	1.435096E-04	
3.341401E-04	4.078327E-11	2.509363E-04	
3.205784E-04	1.882076E-11	3.182015E-04	
2.537470E-04	2.320180E-11	4.423295E-04	
6.910483E-11	7.860749E-12	5.428289E-04	
-2.537469E-04	2.607275E-12	4.423296E-04	
-3.205783E-04	2.858021E-11	3.182016E-04	
-3.341401E-04	-3.692929E-12	2.509364E-04	
-3.078959E-04	-3.806499E-12	1.435096E-04	
-1.962247E-04	-3.830024E-12	-7.223659E-06	
-6.566905E-05	-7.681460E-12	-3.368362E-05	
-1.015808E-05	-1.008288E-11	-2.231683E-05	
9.964626E-06	-2.387643E-06	-2.189429E-05	
5.934488E-05	-1.310979E-05	-3.296532E-05	
1.684839E-04	-5.775201E-05	-1.318207E-05	
2.590186E-04	-1.244373E-04	1.135699E-04	
2.796026E-04	-1.573516E-04	2.055470E-04	
2.656265E-04	-1.746512E-04	2.667076E-04	
2.121166E-04	-2.121166E-04	3.398743E-04	
6.727019E-11	-2.537469E-04	4.423295E-04	
-2.121165E-04	-2.121166E-04	3.398743E-04	
-2.656264E-04	-1.746512E-04	2.667077E-04	
-2.796025E-04	-1.573516E-04	2.055471E-04	
-2.590185E-04	-1.244373E-04	1.135699E-04	
-1.684839E-04	-5.775203E-05	-1.318204E-05	
-5.934487E-05	-1.310981E-05	-3.296530E-05	
-9.964622E-06	-2.387658E-06	-2.189428E-05	
9.703984E-06	-3.217876E-06	-2.146726E-05	
5.347663E-05	-1.674669E-05	-3.220644E-05	
1.412500E-04	-7.139895E-05	-1.868592E-05	
2.080448E-04	-1.554918E-04	7.190318E-05	
2.208636E-04	-1.958619E-04	1.250185E-04	
2.170605E-04	-2.170605E-04	1.465134E-04	
1.746513E-04	-2.656264E-04	2.667076E-04	
5.653811E-11	-3.205783E-04	3.182015E-04	
-1.746512E-04	-2.656265E-04	2.667077E-04	
-2.170605E-04	-2.170605E-04	1.465135E-04	
-2.208635E-04	-1.958619E-04	1.250186E-04	
-2.080447E-04	-1.554918E-04	7.190321E-05	
-1.412499E-04	-7.139897E-05	-1.868590E-05	
-5.347662E-05	-1.674671E-05	-3.220642E-05	
-9.703978E-06	-3.217892E-06	-2.146725E-05	
9.569586E-06	-3.503736E-06	-2.128055E-05	
5.109435E-05	-1.780819E-05	-3.187350E-05	
1.299149E-04	-7.437287E-05	-2.079922E-05	
1.879614E-04	-1.603806E-04	5.228039E-05	
1.989930E-04	-1.989930E-04	1.016876E-04	
1.958619E-04	-2.208635E-04	1.250185E-04	
1.573517E-04	-2.796025E-04	2.055470E-04	
6.579530E-11	-3.341400E-04	2.509362E-04	
-1.573515E-04	-2.796025E-04	2.055470E-04	
-1.958619E-04	-2.208636E-04	1.250186E-04	
-1.989929E-04	-1.989930E-04	1.016877E-04	
-1.879613E-04	-1.603806E-04	5.228042E-05	
-1.299148E-04	-7.437289E-05	-2.079920E-05	
-5.109432E-05	-1.780821E-05	-3.187349E-05	
-9.569580E-06	-3.503751E-06	-2.128055E-05	
9.260158E-06	-3.976083E-06	-2.087673E-05	
4.633496E-05	-1.905838E-05	-3.114361E-05	
1.089421E-04	-7.417212E-05	-2.447950E-05	
1.521121E-04	-1.521121E-04	2.007963E-05	
1.603807E-04	-1.879613E-04	5.228046E-05	
1.554918E-04	-2.080447E-04	7.190322E-05	
1.244373E-04	-2.590185E-04	1.135699E-04	
2.287858E-11	-3.078959E-04	1.435096E-04	
-1.244373E-04	-2.590185E-04	1.135699E-04	
-1.554918E-04	-2.080447E-04	7.190321E-05	
-1.603806E-04	-1.879613E-04	5.228042E-05	
-1.521121E-04	-1.521121E-04	2.007963E-05	
-1.089421E-04	-7.417213E-05	-2.447950E-05	
-4.633494E-05	-1.905840E-05	-3.114361E-05	
-9.260155E-06	-3.976098E-06	-2.087673E-05	
8.113838E-06	-4.969865E-06	-1.953048E-05	
3.311966E-05	-1.997562E-05	-2.863057E-05	
6.190725E-05	-6.190724E-05	-3.114953E-05	
7.417214E-05	-1.089421E-04	-2.447951E-05	
7.437290E-05	-1.299148E-04	-2.079917E-05	
7.139898E-05	-1.412499E-04	-1.868589E-05	
5.775204E-05	-1.684838E-04	-1.318204E-05	
1.844026E-11	-1.962247E-04	-7.223661E-06	
-5.775200E-05	-1.684838E-04	-1.318204E-05	
-7.139895E-05	-1.412499E-04	-1.868590E-05	
-7.437286E-05	-1.299148E-04	-2.079918E-05	
-7.417211E-05	-1.089421E-04	-2.447949E-05	
-6.190722E-05	-6.190724E-05	-3.114952E-05	
-3.311965E-05	-1.997564E-05	-2.863057E-05	
-8.113835E-06	-4.969876E-06	-1.953048E-05	
5.198847E-06	-5.036278E-06	-1.659059E-05	
1.506231E-05	-1.506231E-05	-2.295456E-05	
1.997563E-05	-3.311965E-05	-2.863058E-05	
1.905839E-05	-4.633495E-05	-3.114362E-05	
1.780820E-05	-5.109434E-05	-3.187347E-05	
1.674670E-05	-5.347661E-05	-3.220642E-05	
1.310980E-05	-5.934486E-05	-3.296530E-05	
1.163894E-11	-6.566905E-05	-3.368362E-05	
-1.310978E-05	-5.934487E-05	-3.296531E-05	
-1.674668E-05	-5.347661E-05	-3.220642E-05	
-1.780818E-05	-5.109434E-05	-3.187348E-05	
-1.905837E-05	-4.633495E-05	-3.114361E-05	
-1.997562E-05	-3.311966E-05	-2.863057E-05	
-1.506230E-05	-1.506232E-05	-2.295455E-05	
-5.198844E-06	-5.036285E-06	-1.659059E-05	
2.278166E-06	-2.278165E-06	-1.342679E-05	
5.036281E-06	-5.198846E-06	-1.659060E-05	
4.969872E-06	-8.113837E-06	-1.953049E-05	
3.976092E-06	-9.260158E-06	-2.087674E-05	
3.503745E-06	-9.569586E-06	-2.128053E-05	
3.217886E-06	-9.703979E-06	-2.146725E-05	
2.387654E-06	-9.964620E-06	-2.189427E-05	
7.573316E-12	-1.015808E-05	-2.231683E-05	
-2.387639E-06	-9.964621E-06	-2.189428E-05	
-3.217872E-06	-9.703979E-06	-2.146725E-05	
-3.503731E-06	-9.569588E-06	-2.128054E-05	
-3.976078E-06	-9.260158E-06	-2.087673E-05	
-4.969860E-06	-8.113838E-06	-1.953048E-05	
-5.036273E-06	-5.198848E-06	-1.659059E-05	
-2.278164E-06	-2.278168E-06	-1.342678E-05	
1.592975E-06	1.592974E-06	-1.591136E-05	
3.499208E-06	3.720946E-06	-1.976115E-05	
3.427740E-06	5.732747E-06	-2.322823E-05	
2.727512E-06	6.633234E-06	-2.474793E-05	
2.394923E-06	6.842784E-06	-2.519067E-05	
2.201244E-06	6.936099E-06	-2.539237E-05	
1.629187E-06	7.235973E-06	-2.584814E-05	
-1.281820E-12	7.387687E-06	-2.629010E-05	
-1.629189E-06	7.235972E-06	-2.584814E-05	
-2.201246E-06	6.936098E-06	-2.539238E-05	
-2.394925E-06	6.842775E-06	-2.519069E-05	
-2.727513E-06	6.633232E-06	-2.474791E-05	
-3.427740E-06	5.732745E-06	-2.322821E-05	
-3.499208E-06	3.720944E-06	-1.976113E-05	
-1.592975E-06	1.592972E-06	-1.591135E-05	
3.720947E-06	3.499206E-06	-1.976115E-05	
1.131001E-05	1.131000E-05	-2.955324E-05	
1.548349E-05	2.668191E-05	-4.128207E-05	
1.494691E-05	3.741514E-05	-4.791428E-05	
1.403917E-05	4.142210E-05	-5.009967E-05	
1.319236E-05	4.341446E-05	-5.115524E-05	
1.035816E-05	4.787604E-05	-5.365170E-05	
3.050124E-13	5.306671E-05	-5.619782E-05	
-1.035816E-05	4.787604E-05	-5.365170E-05	
-1.319236E-05	4.341446E-05	-5.115525E-05	
-1.403917E-05	4.142206E-05	-5.009969E-05	
-1.494691E-05	3.741513E-05	-4.791426E-05	
-1.548349E-05	2.668190E-05	-4.128205E-05	
-1.131000E-05	1.131000E-05	-2.955323E-05	
-3.720946E-06	3.499201E-06	-1.976113E-05	
5.732747E-06	3.427738E-06	-2.322823E-05	
2.668191E-05	1.548349E-05	-4.128207E-05	
5.689469E-05	5.689469E-05	-6.993712E-05	
7.307895E-05	1.184838E-04	-8.965850E-05	
7.415860E-05	1.454393E-04	-9.689839E-05	
7.192665E-05	1.602046E-04	-1.005456E-04	
5.882845E-05	1.992369E-04	-1.092262E-04	
3.197106E-12	2.375227E-04	-1.182838E-04	
-5.882844E-05	1.992369E-04	-1.092262E-04	
-7.192664E-05	1.602046E-04	-1.005456E-04	
-7.415859E-05	1.454393E-04	-9.689840E-05	
-7.307894E-05	1.184838E-04	-8.965847E-05	
-5.689468E-05	5.689467E-05	-6.993709E-05	
-2.668191E-05	1.548348E-05	-4.128205E-05	
-5.732746E-06	3.427730E-06	-2.322821E-05	
6.633234E-06	2.727511E-06	-2.474793E-05	
3.741514E-05	1.494691E-05	-4.791428E-05	
1.184838E-04	7.307895E-05	-8.965850E-05	
2.238497E-04	2.238497E-04	-1.103221E-04	
2.723524E-04	3.651101E-04	-1.102497E-04	
2.560971E-04	4.535246E-04	-1.086056E-04	
1.795447E-04	6.111361E-04	-1.092055E-04	
-3.417302E-12	6.984409E-04	-1.189708E-04	
-1.795447E-04	6.111361E-04	-1.092055E-04	
-2.560971E-04	4.535245E-04	-1.086056E-04	
-2.723523E-04	3.651100E-04	-1.102497E-04	
-2.238497E-04	2.238497E-04	-1.103221E-04	
-1.184838E-04	7.307894E-05	-8.965847E-05	
-3.741514E-05	1.494690E-05	-4.791426E-05	
-6.633233E-06	2.727501E-06	-2.474791E-05	
6.842781E-06	2.394922E-06	-2.519067E-05	
4.142208E-05	1.403917E-05	-5.009967E-05	
1.454393E-04	7.415860E-05	-9.689837E-05	
3.651101E-04	2.723524E-04	-1.102497E-04	
5.106659E-04	5.106659E-04	2.701972E-05	
4.509713E-04	6.652412E-04	1.586259E-04	
2.691655E-04	9.164979E-04	1.772572E-04	
3.775055E-11	1.024240E-03	1.699507E-04	
-2.691655E-04	9.164978E-04	1.772572E-04	
-4.509713E-04	6.652412E-04	1.586259E-04	
-5.106659E-04	5.106658E-04	2.702015E-05	
-3.651100E-04	2.723523E-04	-1.102496E-04	
-1.454393E-04	7.415858E-05	-9.689834E-05	
-4.142208E-05	1.403916E-05	-5.009964E-05	
-6.842781E-06	2.394912E-06	-2.519066E-05	
6.936098E-06	2.201243E-06	-2.539238E-05	
4.341446E-05	1.319235E-05	-5.115525E-05	
1.602045E-04	7.192665E-05	-1.005456E-04	
4.535245E-04	2.560971E-04	-1.086056E-04	
6.652412E-04	4.509713E-04	1.586259E-04	
6.101367E-04	6.101367E-04	4.177640E-04	
3.467951E-04	9.984834E-04	4.609176E-04	
8.549349E-11	1.063845E-03	4.530164E-04	
-3.467950E-04	9.984834E-04	4.609177E-04	
-6.101367E-04	6.101367E-04	4.177641E-04	
-6.652412E-04	4.509713E-04	1.586263E-04	
-4.535245E-04	2.560971E-04	-1.086055E-04	
-1.602045E-04	7.192663E-05	-1.005455E-04	
-4.341445E-05	1.319234E-05	-5.115523E-05	
-6.936095E-06	2.201233E-06	-2.539237E-05	
7.235971E-06	1.629187E-06	-2.584814E-05	
4.787603E-05	1.035817E-05	-5.365171E-05	
1.992369E-04	5.882845E-05	-1.092262E-04	
6.111361E-04	1.795447E-04	-1.092055E-04	
9.164978E-04	2.691655E-04	1.772572E-04	
9.984834E-04	3.467950E-04	4.609176E-04	
5.681451E-04	5.681452E-04	1.500728E-03	
-1.486865E-10	5.853755E-04	1.193663E-03	
-5.681452E-04	5.681451E-04	1.500728E-03	
-9.984833E-04	3.467951E-04	4.609177E-04	
-9.164978E-04	2.691657E-04	1.772575E-04	
-6.111361E-04	1.795447E-04	-1.092054E-04	
-1.992369E-04	5.882843E-05	-1.092261E-04	
-4.787602E-05	1.035815E-05	-5.365169E-05	
-7.235969E-06	1.629177E-06	-2.584813E-05	
7.387685E-06	1.113423E-12	-2.629011E-05	
5.306670E-05	5.221207E-12	-5.619782E-05	
2.375227E-04	1.233570E-11	-1.182838E-04	
6.984409E-04	1.743475E-11	-1.189708E-04	
1.024240E-03	-1.098773E-10	1.699507E-04	
1.063845E-03	-1.980005E-11	4.530163E-04	
5.853755E-04	9.507177E-11	1.193663E-03	
2.733772E-11	1.838023E-11	8.620641E-04	
-5.853754E-04	-1.203719E-10	1.193663E-03	
-1.063845E-03	-3.489503E-12	4.530164E-04	
-1.024240E-03	3.265361E-10	1.699507E-04	
-6.984408E-04	-1.656263E-11	-1.189708E-04	
-2.375227E-04	-6.431366E-12	-1.182838E-04	
-5.306670E-05	-8.401925E-12	-5.619780E-05	
-7.387683E-06	-1.071946E-11	-2.629010E-05	
7.235971E-06	-1.629185E-06	-2.584815E-05	
4.787603E-05	-1.035815E-05	-5.365171E-05	
1.992369E-04	-5.882842E-05	-1.092262E-04	
6.111361E-04	-1.795447E-04	-1.092055E-04	
9.164979E-04	-2.691656E-04	1.772572E-04	
9.984833E-04	-3.467950E-04	4.609175E-04	
5.681451E-04	-5.681450E-04	1.500728E-03	
9.462869E-11	-5.853754E-04	1.193663E-03	
-5.681451E-04	-5.681452E-04	1.500728E-03	
-9.984833E-04	-3.467950E-04	4.609176E-04	
-9.164978E-04	-2.691653E-04	1.772570E-04	
-6.111360E-04	-1.795447E-04	-1.092055E-04	
-1.992368E-04	-5.882844E-05	-1.092261E-04	
-4.787602E-05	-1.035817E-05	-5.365169E-05	
-7.235968E-06	-1.629198E-06	-2.584813E-05	
6.936098E-06	-2.201241E-06	-2.539238E-05	
4.341446E-05	-1.319234E-05	-5.115526E-05	
1.602046E-04	-7.192662E-05	-1.005456E-04	
4.535246E-04	-2.560971E-04	-1.086056E-04	
6.652412E-04	-4.509712E-04	1.586258E-04	
6.101367E-04	-6.101366E-04	4.177639E-04	
3.467951E-04	-9.984833E-04	4.609176E-04	
9.478005E-11	-1.063845E-03	4.530163E-04	
-3.467950E-04	-9.984833E-04	4.609176E-04	
-6.101366E-04	-6.101366E-04	4.177640E-04	
-6.652411E-04	-4.509712E-04	1.586257E-04	
-4.535245E-04	-2.560971E-04	-1.086056E-04	
-1.602045E-04	-7.192664E-05	-1.005456E-04	
-4.341445E-05	-1.319236E-05	-5.115523E-05	
-6.936093E-06	-2.201254E-06	-2.539236E-05	
6.842778E-06	-2.394920E-06	-2.519069E-05	
4.142207E-05	-1.403916E-05	-5.009971E-05	
1.454393E-04	-7.415857E-05	-9.689844E-05	
3.651101E-04	-2.723523E-04	-1.102498E-04	
5.106659E-04	-5.106658E-04	2.701964E-05	
4.509714E-04	-6.652411E-04	1.586257E-04	
2.691656E-04	-9.164978E-04	1.772571E-04	
4.837704E-11	-1.024240E-03	1.699506E-04	
-2.691655E-04	-9.164978E-04	1.772572E-04	
-4.509712E-04	-6.652411E-04	1.586258E-04	
-5.106658E-04	-5.106658E-04	2.701963E-05	
-3.651100E-04	-2.723523E-04	-1.102497E-04	
-1.454392E-04	-7.415859E-05	-9.689840E-05	
-4.142206E-05	-1.403918E-05	-5.009969E-05	
-6.842774E-06	-2.394933E-06	-2.519068E-05	
6.633229E-06	-2.727509E-06	-2.474791E-05	
3.741513E-05	-1.494690E-05	-4.791426E-05	
1.184838E-04	-7.307893E-05	-8.965848E-05	
2.238497E-04	-2.238497E-04	-1.103221E-04	
2.723524E-04	-3.651100E-04	-1.102497E-04	
2.560971E-04	-4.535245E-04	-1.086055E-04	
1.795447E-04	-6.111360E-04	-1.092055E-04	
2.076020E-11	-6.984408E-04	-1.189708E-04	
-1.795447E-04	-6.111361E-04	-1.092055E-04	
-2.560971E-04	-4.535245E-04	-1.086056E-04	
-2.723523E-04	-3.651100E-04	-1.102497E-04	
-2.238497E-04	-2.238497E-04	-1.103221E-04	
-1.184838E-04	-7.307894E-05	-8.965847E-05	
-3.741512E-05	-1.494692E-05	-4.791426E-05	
-6.633227E-06	-2.727521E-06	-2.474791E-05	
5.732744E-06	-3.427736E-06	-2.322821E-05	
2.668190E-05	-1.548348E-05	-4.128205E-05	
5.689468E-05	-5.689467E-05	-6.993710E-05	
7.307894E-05	-1.184838E-04	-8.965849E-05	
7.415859E-05	-1.454393E-04	-9.689837E-05	
7.192664E-05	-1.602045E-04	-1.005455E-04	
5.882844E-05	-1.992368E-04	-1.092261E-04	
1.607344E-11	-2.375227E-04	-1.182838E-04	
-5.882841E-05	-1.992368E-04	-1.092261E-04	
-7.192661E-05	-1.602045E-04	-1.005456E-04	
-7.415856E-05	-1.454393E-04	-9.689838E-05	
-7.307891E-05	-1.184838E-04	-8.965847E-05	
-5.689465E-05	-5.689467E-05	-6.993709E-05	
-2.668189E-05	-1.548349E-05	-4.128205E-05	
-5.732741E-06	-3.427746E-06	-2.322821E-05	
3.720944E-06	-3.499204E-06	-1.976113E-05	
1.131000E-05	-1.131000E-05	-2.955323E-05	
1.548349E-05	-2.668190E-05	-4.128206E-05	
1.494691E-05	-3.741513E-05	-4.791427E-05	
1.403917E-05	-4.142206E-05	-5.009966E-05	
1.319236E-05	-4.341444E-05	-5.115523E-05	
1.035817E-05	-4.787601E-05	-5.365169E-05	
9.362507E-12	-5.306669E-05	-5.619780E-05	
-1.035815E-05	-4.787602E-05	-5.365169E-05	
-1.319234E-05	-4.341445E-05	-5.115524E-05	
-1.403915E-05	-4.142208E-05	-5.009968E-05	
-1.494689E-05	-3.741513E-05	-4.791425E-05	
-1.548348E-05	-2.668190E-05	-4.128205E-05	
-1.130999E-05	-1.131000E-05	-2.955322E-05	
-3.720941E-06	-3.499210E-06	-1.976113E-05	
1.592974E-06	-1.592973E-06	-1.591135E-05	
3.499206E-06	-3.720943E-06	-1.976114E-05	
3.427740E-06	-5.732743E-06	-2.322822E-05	
2.727514E-06	-6.633229E-06	-2.474792E-05	
2.394926E-06	-6.842773E-06	-2.519067E-05	
2.201248E-06	-6.936093E-06	-2.539237E-05	
1.629192E-06	-7.235967E-06	-2.584813E-05	
5.957660E-12	-7.387681E-06	-2.629010E-05	
-1.629180E-06	-7.235967E-06	-2.584813E-05	
-2.201236E-06	-6.936094E-06	-2.539237E-05	
-2.394914E-06	-6.842780E-06	-2.519068E-05	
-2.727503E-06	-6.633229E-06	-2.474791E-05	
-3.427731E-06	-5.732744E-06	-2.322821E-05	
-3.499199E-06	-3.720945E-06	-1.976113E-05	
-1.592972E-06	-1.592975E-06	-1.591135E-05	
2.884871E-13	-4.055396E-13	-1.655499E-05	
1.368923E-13	3.707590E-13	-2.059117E-05	
-9.932708E-13	1.391648E-12	-2.419400E-05	
-2.193068E-12	1.891601E-12	-2.577247E-05	
-2.768441E-12	4.362039E-12	-2.623133E-05	
-2.808112E-12	1.943839E-12	-2.644042E-05	
-2.883656E-12	1.566724E-12	-2.691449E-05	
-3.709973E-12	1.596322E-12	-2.737133E-05	
-4.610004E-12	1.156425E-12	-2.691449E-05	
-4.823632E-12	4.012528E-13	-2.644042E-05	
-4.783931E-12	-4.054220E-12	-2.623135E-05	
-4.991856E-12	4.692646E-13	-2.577245E-05	
-5.108036E-12	-1.973480E-13	-2.419398E-05	
-4.033340E-12	-8.418433E-13	-2.059115E-05	
-1.564236E-12	-1.405179E-12	-1.655498E-05	
8.890679E-13	-1.692087E-12	-2.059117E-05	
2.291567E-12	2.920542E-13	-3.148730E-05	
2.529730E-12	3.913157E-12	-4.523887E-05	
1.636331E-12	7.078784E-12	-5.310949E-05	
9.141327E-13	1.429934E-11	-5.571807E-05	
8.553165E-13	6.058536E-12	-5.697876E-05	
4.457726E-13	6.631180E-12	-5.994956E-05	
-2.491818E-12	7.427693E-12	-6.300232E-05	
-5.936512E-12	6.565439E-12	-5.994956E-05	
-7.576803E-12	6.298240E-12	-5.697876E-05	
-8.208656E-12	-5.004710E-12	-5.571809E-05	
-7.892429E-12	-1.622799E-14	-5.310947E-05	
-7.130098E-12	-6.852965E-13	-4.523884E-05	
-5.306556E-12	-2.565618E-12	-3.148728E-05	
-1.987828E-12	-4.284403E-12	-2.059115E-05	
1.271015E-12	-3.184280E-12	-2.419400E-05	
4.969314E-12	-1.140618E-12	-4.523887E-05	
8.729798E-12	4.873345E-12	-8.493348E-05	
1.162097E-11	9.488859E-12	-1.193064E-04	
1.319732E-11	1.857189E-11	-1.328736E-04	
1.161554E-11	1.613683E-11	-1.399221E-04	
7.297045E-12	1.698064E-11	-1.572300E-04	
-9.049924E-13	1.655160E-11	-1.754149E-04	
-6.774961E-12	1.270113E-11	-1.572300E-04	
-6.803560E-12	1.093982E-11	-1.399221E-04	
-6.345355E-12	-1.024276E-12	-1.328736E-04	
-8.116011E-12	3.526806E-12	-1.193064E-04	
-9.947848E-12	-3.734140E-14	-8.493345E-05	
-7.606135E-12	-4.158716E-12	-4.523884E-05	
-2.651887E-12	-6.802211E-12	-2.419398E-05	
8.313712E-13	-4.001807E-12	-2.577248E-05	
5.948248E-12	-3.004941E-12	-5.310949E-05	
1.167117E-11	4.966810E-12	-1.193064E-04	
1.379452E-11	9.464585E-12	-2.072139E-04	
1.419311E-11	2.332208E-11	-2.547758E-04	
1.295535E-11	2.663703E-11	-2.820536E-04	
7.541796E-12	2.976648E-11	-3.429077E-04	
-2.777163E-12	2.525891E-11	-3.939562E-04	
-1.186169E-11	1.993954E-11	-3.429077E-04	
-1.650866E-11	1.384400E-11	-2.820536E-04	
-1.823812E-11	8.527165E-12	-2.547757E-04	
-1.667086E-11	7.646677E-12	-2.072138E-04	
-1.417616E-11	1.474585E-12	-1.193064E-04	
-1.004916E-11	-5.522475E-12	-5.310947E-05	
-3.269210E-12	-8.560637E-12	-2.577246E-05	
-5.760794E-13	-4.218371E-12	-2.623133E-05	
1.013375E-12	-3.926864E-12	-5.571807E-05	
5.954967E-12	5.183289E-12	-1.328736E-04	
1.881876E-12	1.068185E-11	-2.547757E-04	
-2.026486E-11	7.526722E-12	-2.547757E-04	
-2.144531E-11	1.988098E-12	-1.328735E-04	
-1.350187E-11	-6.252624E-12	-5.571804E-05	
-4.418946E-12	-9.347999E-12	-2.623131E-05	
-4.890625E-13	-4.120750E-12	-2.644042E-05	
-3.594771E-12	-3.474249E-12	-5.697876E-05	
-3.065935E-12	4.644596E-12	-1.399221E-04	
2.386290E-12	1.047974E-11	-2.820536E-04	
6.926403E-12	2.696130E-11	6.607600E-04	
-2.301786E-13	4.147382E-11	5.223777E-04	
-4.805204E-12	2.958017E-11	4.439654E-04	
-1.405143E-11	3.389751E-11	5.223777E-04	
-2.636103E-11	1.882745E-11	6.607600E-04	
-2.037189E-11	6.147136E-12	-2.820536E-04	
-9.093212E-12	1.001184E-12	-1.399221E-04	
-1.705377E-12	-6.227770E-12	-5.697875E-05	
-2.482952E-13	-9.320739E-12	-2.644041E-05	
-5.723370E-13	-3.812393E-12	-2.691449E-05	
-3.413520E-12	-2.210421E-12	-5.994957E-05	
-3.081421E-12	3.347775E-12	-1.572300E-04	
2.283370E-12	7.235947E-12	-3.429077E-04	
8.030635E-12	1.822632E-11	5.223777E-04	
-4.093172E-11	5.083708E-12	5.223778E-04	
-2.090738E-11	-2.366585E-12	-3.429076E-04	
-6.959283E-12	-2.039601E-12	-1.572300E-04	
-1.102334E-12	-6.221807E-12	-5.994955E-05	
-1.693761E-13	-9.209398E-12	-2.691448E-05	
-5.646387E-13	-2.911806E-12	-2.737133E-05	
-1.727283E-12	-5.747743E-13	-6.300233E-05	
-2.737131E-12	3.534231E-12	-1.754149E-04	
-4.772606E-12	5.259238E-12	-3.939562E-04	
-7.455405E-12	6.003387E-12	4.439654E-04	
-1.109305E-11	-8.673046E-12	4.439654E-04	
-8.161270E-12	-1.234037E-11	-3.939561E-04	
-4.078202E-12	-5.824555E-12	-1.754148E-04	
-1.434398E-12	-7.017392E-12	-6.300230E-05	
-2.352996E-13	-9.345775E-12	-2.737132E-05	
-1.234372E-13	-2.003259E-12	-2.691450E-05	
-1.396844E-13	2.652732E-13	-5.994957E-05	
-2.162258E-12	5.292800E-12	-1.572301E-04	
-7.883305E-12	7.631298E-12	-3.429077E-04	
-1.905324E-11	1.346401E-11	5.223777E-04	
2.183905E-11	1.483275E-13	5.223777E-04	
8.713825E-12	-9.448395E-12	-3.429076E-04	
6.108724E-13	-6.263299E-12	-1.572300E-04	
-8.406537E-13	-7.698294E-12	-5.994954E-05	
-1.007617E-13	-9.420123E-12	-2.691448E-05	
8.214231E-13	-1.797792E-12	-2.644043E-05	
2.618038E-12	6.191785E-15	-5.697877E-05	
8.561302E-13	6.321702E-12	-1.399221E-04	
-5.175652E-12	1.000380E-11	-2.820537E-04	
-1.223161E-11	2.681646E-11	6.607600E-04	
-4.664252E-12	4.390581E-11	5.223777E-04	
6.495337E-12	3.463372E-11	4.439654E-04	
1.256658E-11	1.810881E-11	5.223778E-04	
1.740910E-11	8.542268E-12	6.607599E-04	
1.184284E-11	-1.808748E-12	-2.820536E-04	
4.574935E-12	-4.087540E-12	-1.399221E-04	
1.376453E-12	-7.525006E-12	-5.697874E-05	
7.097513E-13	-9.198703E-12	-2.644041E-05	
1.021455E-12	-1.764718E-12	-2.623135E-05	
2.489121E-12	-1.923609E-13	-5.571811E-05	
2.980358E-12	6.600215E-12	-1.328736E-04	
-2.517236E-12	1.099946E-11	-2.547758E-04	
1.473500E-11	-2.637570E-13	-2.547757E-04	
1.503613E-11	-3.041185E-12	-1.328736E-04	
9.693591E-12	-7.268940E-12	-5.571808E-05	
3.004653E-12	-8.984385E-12	-2.623134E-05	
-8.772480E-13	-1.743556E-12	-2.577245E-05	
-3.867388E-12	2.222687E-13	-5.310947E-05	
-6.041829E-12	6.283824E-12	-1.193064E-04	
-7.209308E-12	1.083447E-11	-2.072138E-04	
-8.274712E-12	2.105234E-11	-2.547757E-04	
-7.080445E-12	2.361701E-11	-2.820536E-04	
-1.074139E-12	3.037725E-11	-3.429076E-04	
1.320255E-11	2.803580E-11	-3.939561E-04	
2.116342E-11	1.326557E-11	-3.429076E-04	
1.957391E-11	8.370223E-12	-2.820536E-04	
1.975424E-11	4.587108E-12	-2.547757E-04	
1.819056E-11	2.772261E-14	-2.072138E-04	
1.431401E-11	-3.094559E-12	-1.193064E-04	
8.727961E-12	-6.992039E-12	-5.310946E-05	
2.574096E-12	-8.639831E-12	-2.577245E-05	
-9.232113E-13	-1.446463E-12	-2.419398E-05	
-2.830688E-12	9.107814E-13	-4.523884E-05	
-3.810500E-12	5.248859E-12	-8.493346E-05	
-3.791583E-12	8.783492E-12	-1.193064E-04	
-3.750977E-12	1.492749E-11	-1.328736E-04	
-2.563548E-12	1.494303E-11	-1.399221E-04	
9.264558E-13	1.755387E-11	-1.572300E-04	
8.557577E-12	1.624693E-11	-1.754148E-04	
1.419324E-11	9.792337E-12	-1.572300E-04	
1.422810E-11	6.450437E-12	-1.399221E-04	
1.395099E-11	-1.918666E-12	-1.328735E-04	
1.326614E-11	1.025235E-12	-1.193064E-04	
1.100295E-11	-2.433818E-12	-8.493344E-05	
6.970043E-12	-5.863700E-12	-4.523884E-05	
2.247090E-12	-7.414339E-12	-2.419398E-05	
-5.683903E-13	-7.302936E-13	-2.059115E-05	
-1.224203E-12	1.046308E-12	-3.148728E-05	
-1.049650E-12	3.384465E-12	-4.523885E-05	
-6.161512E-13	5.165239E-12	-5.310948E-05	
-4.717280E-13	9.144689E-12	-5.571806E-05	
6.147206E-14	6.371683E-12	-5.697874E-05	
1.632933E-12	7.590166E-12	-5.994954E-05	
4.531672E-12	7.112023E-12	-6.300230E-05	
6.478907E-12	4.990241E-12	-5.994955E-05	
6.378642E-12	3.624124E-12	-5.697875E-05	
6.310961E-12	-3.252309E-12	-5.571807E-05	
6.635067E-12	4.656889E-13	-5.310946E-05	
6.586173E-12	-1.257818E-12	-4.523884E-05	
4.937632E-12	-3.563832E-12	-3.148728E-05	
1.784927E-12	-4.834935E-12	-2.059115E-05	
-1.500233E-13	-1.630672E-13	-1.655498E-05	
-4.336645E-15	4.363092E-13	-2.059116E-05	
6.729641E-13	1.110854E-12	-2.419398E-05	
1.285681E-12	1.573350E-12	-2.577246E-05	
1.510690E-12	3.253092E-12	-2.623132E-05	
1.649285E-12	1.238780E-12	-2.644041E-05	
2.070056E-12	1.542118E-12	-2.691448E-05	
3.184303E-12	1.658292E-12	-2.737132E-05	
4.327788E-12	1.542383E-12	-2.691448E-05	
4.772510E-12	1.304272E-12	-2.644041E-05	
4.958952E-12	-2.169171E-12	-2.623133E-05	
4.857027E-12	-3.474143E-13	-2.577245E-05	
4.568862E-12	-4.495040E-13	-2.419397E-05	
3.640122E-12	-1.108208E-12	-2.059115E-05	
1.425303E-12	-1.601390E-12	-1.655498E-05	
-1.592975E-06	-1.592975E-06	-1.591136E-05	
-3.499208E-06	-3.720945E-06	-1.976115E-05	
-3.427742E-06	-5.732745E-06	-2.322823E-05	
-2.727515E-06	-6.633230E-06	-2.474793E-05	
-2.394926E-06	-6.842774E-06	-2.519067E-05	
-2.201248E-06	-6.936096E-06	-2.539238E-05	
-1.629192E-06	-7.235970E-06	-2.584814E-05	
-5.893444E-12	-7.387685E-06	-2.629011E-05	
1.629180E-06	-7.235970E-06	-2.584814E-05	
2.201235E-06	-6.936097E-06	-2.539238E-05	
2.394913E-06	-6.842784E-06	-2.519070E-05	
2.727503E-06	-6.633231E-06	-2.474791E-05	
3.427732E-06	-5.732745E-06	-2.322821E-05	
3.499201E-06	-3.720945E-06	-1.976113E-05	
1.592972E-06	-1.592975E-06	-1.591135E-05	
-3.720945E-06	-3.499210E-06	-1.976115E-05	
-1.131000E-05	-1.131000E-05	-2.955324E-05	
-1.548349E-05	-2.668190E-05	-4.128207E-05	
-1.494691E-05	-3.741513E-05	-4.791428E-05	
-1.403917E-05	-4.142206E-05	-5.009967E-05	
-1.319235E-05	-4.341445E-05	-5.115525E-05	
-1.035816E-05	-4.787603E-05	-5.365171E-05	
-4.379195E-12	-5.306670E-05	-5.619782E-05	
1.035816E-05	-4.787603E-05	-5.365171E-05	
1.319234E-05	-4.341445E-05	-5.115525E-05	
1.403916E-05	-4.142210E-05	-5.009970E-05	
1.494690E-05	-3.741513E-05	-4.791426E-05	
1.548348E-05	-2.668190E-05	-4.128205E-05	
1.130999E-05	-1.131000E-05	-2.955323E-05	
3.720942E-06	-3.499210E-06	-1.976113E-05	
-5.732745E-06	-3.427745E-06	-2.322823E-05	
-2.668190E-05	-1.548350E-05	-4.128207E-05	
-5.689468E-05	-5.689468E-05	-6.993712E-05	
-7.307894E-05	-1.184838E-04	-8.965851E-05	
-7.415858E-05	-1.454393E-04	-9.689839E-05	
-7.192663E-05	-1.602045E-04	-1.005456E-04	
-5.882843E-05	-1.992369E-04	-1.092262E-04	
-2.070161E-12	-2.375227E-04	-1.182838E-04	
5.882843E-05	-1.992369E-04	-1.092262E-04	
7.192663E-05	-1.602045E-04	-1.005456E-04	
7.415858E-05	-1.454393E-04	-9.689841E-05	
7.307893E-05	-1.184838E-04	-8.965848E-05	
5.689466E-05	-5.689468E-05	-6.993710E-05	
2.668189E-05	-1.548349E-05	-4.128205E-05	
5.732742E-06	-3.427745E-06	-2.322821E-05	
-6.633232E-06	-2.727519E-06	-2.474793E-05	
-3.741513E-05	-1.494692E-05	-4.791428E-05	
-1.184838E-04	-7.307895E-05	-8.965851E-05	
-2.238497E-04	-2.238497E-04	-1.103222E-04	
-2.723523E-04	-3.651100E-04	-1.102497E-04	
-2.560971E-04	-4.535245E-04	-1.086056E-04	
-1.795447E-04	-6.111361E-04	-1.092055E-04	
1.071991E-12	-6.984408E-04	-1.189708E-04	
1.795447E-04	-6.111361E-04	-1.092055E-04	
2.560971E-04	-4.535245E-04	-1.086056E-04	
2.723523E-04	-3.651101E-04	-1.102497E-04	
2.238497E-04	-2.238497E-04	-1.103221E-04	
1.184838E-04	-7.307894E-05	-8.965848E-05	
3.741512E-05	-1.494691E-05	-4.791426E-05	
6.633227E-06	-2.727518E-06	-2.474791E-05	
-6.842781E-06	-2.394930E-06	-2.519067E-05	
-4.142209E-05	-1.403917E-05	-5.009967E-05	
-1.454393E-04	-7.415859E-05	-9.689838E-05	
-3.651101E-04	-2.723523E-04	-1.102497E-04	
-5.106659E-04	-5.106659E-04	2.701970E-05	
-4.509713E-04	-6.652412E-04	1.586259E-04	
-2.691655E-04	-9.164978E-04	1.772572E-04	
2.164063E-12	-1.024240E-03	1.699507E-04	
2.691655E-04	-9.164978E-04	1.772571E-04	
4.509713E-04	-6.652412E-04	1.586259E-04	
5.106659E-04	-5.106658E-04	2.702003E-05	
3.651100E-04	-2.723523E-04	-1.102497E-04	
1.454393E-04	-7.415858E-05	-9.689835E-05	
4.142207E-05	-1.403917E-05	-5.009965E-05	
6.842775E-06	-2.394929E-06	-2.519065E-05	
-6.936098E-06	-2.201251E-06	-2.539238E-05	
-4.341446E-05	-1.319236E-05	-5.115525E-05	
-1.602046E-04	-7.192664E-05	-1.005456E-04	
-4.535246E-04	-2.560971E-04	-1.086056E-04	
-6.652412E-04	-4.509713E-04	1.586259E-04	
-6.101367E-04	-6.101367E-04	4.177640E-04	
-3.467951E-04	-9.984834E-04	4.609176E-04	
-6.072980E-11	-1.063845E-03	4.530163E-04	
3.467950E-04	-9.984834E-04	4.609176E-04	
6.101367E-04	-6.101367E-04	4.177640E-04	
6.652412E-04	-4.509713E-04	1.586263E-04	
4.535245E-04	-2.560971E-04	-1.086055E-04	
1.602045E-04	-7.192663E-05	-1.005456E-04	
4.341445E-05	-1.319236E-05	-5.115524E-05	
6.936096E-06	-2.201251E-06	-2.539237E-05	
-7.235972E-06	-1.629195E-06	-2.584814E-05	
-4.787604E-05	-1.035817E-05	-5.365171E-05	
-1.992369E-04	-5.882845E-05	-1.092262E-04	
-6.111361E-04	-1.795447E-04	-1.092055E-04	
-9.164979E-04	-2.691655E-04	1.772572E-04	
-9.984834E-04	-3.467950E-04	4.609176E-04	
-5.681451E-04	-5.681452E-04	1.500728E-03	
9.373361E-11	-5.853755E-04	1.193663E-03	
5.681452E-04	-5.681451E-04	1.500728E-03	
9.984833E-04	-3.467951E-04	4.609177E-04	
9.164978E-04	-2.691657E-04	1.772575E-04	
6.111361E-04	-1.795447E-04	-1.092054E-04	
1.992368E-04	-5.882844E-05	-1.092261E-04	
4.787602E-05	-1.035817E-05	-5.365169E-05	
7.235969E-06	-1.629195E-06	-2.584813E-05	
-7.387687E-06	-6.963709E-12	-2.629011E-05	
-5.306671E-05	-6.239149E-12	-5.619783E-05	
-2.375227E-04	-4.728117E-12	-1.182838E-04	
-6.984409E-04	-3.510378E-12	-1.189708E-04	
-1.024240E-03	1.242473E-10	1.699507E-04	
-1.063845E-03	2.813056E-11	4.530163E-04	
-5.853755E-04	-5.900958E-11	1.193663E-03	
-1.517538E-11	-1.254977E-11	8.620641E-04	
5.853754E-04	7.770920E-11	1.193663E-03	
1.063845E-03	-3.173420E-12	4.530164E-04	
1.024240E-03	-2.714733E-10	1.699507E-04	
6.984408E-04	-1.670973E-12	-1.189708E-04	
2.375227E-04	-5.516538E-12	-1.182838E-04	
5.306670E-05	-7.204962E-12	-5.619780E-05	
7.387684E-06	-8.827213E-12	-2.629010E-05	
-7.235972E-06	1.629181E-06	-2.584815E-05	
-4.787603E-05	1.035816E-05	-5.365171E-05	
-1.992369E-04	5.882844E-05	-1.092262E-04	
-6.111361E-04	1.795447E-04	-1.092055E-04	
-9.164978E-04	2.691656E-04	1.772573E-04	
-9.984834E-04	3.467950E-04	4.609176E-04	
-5.681452E-04	5.681451E-04	1.500728E-03	
-5.955399E-11	5.853754E-04	1.193663E-03	
5.681451E-04	5.681451E-04	1.500728E-03	
9.984833E-04	3.467950E-04	4.609176E-04	
9.164978E-04	2.691653E-04	1.772570E-04	
6.111360E-04	1.795447E-04	-1.092055E-04	
1.992368E-04	5.882842E-05	-1.092261E-04	
4.787603E-05	1.035815E-05	-5.365169E-05	
7.235970E-06	1.629177E-06	-2.584813E-05	
-6.936097E-06	2.201236E-06	-2.539238E-05	
-4.341445E-05	1.319235E-05	-5.115525E-05	
-1.602045E-04	7.192664E-05	-1.005456E-04	
-4.535246E-04	2.560971E-04	-1.086056E-04	
-6.652412E-04	4.509712E-04	1.586259E-04	
-6.101367E-04	6.101366E-04	4.177640E-04	
-3.467951E-04	9.984833E-04	4.609176E-04	
-5.486723E-11	1.063845E-03	4.530163E-04	
3.467950E-04	9.984833E-04	4.609177E-04	
6.101366E-04	6.101367E-04	4.177640E-04	
6.652411E-04	4.509712E-04	1.586257E-04	
4.535245E-04	2.560971E-04	-1.086056E-04	
1.602045E-04	7.192662E-05	-1.005456E-04	
4.341446E-05	1.319234E-05	-5.115523E-05	
6.936098E-06	2.201233E-06	-2.539236E-05	
-6.842778E-06	2.394914E-06	-2.519070E-05	
-4.142208E-05	1.403916E-05	-5.009971E-05	
-1.454393E-04	7.415860E-05	-9.689844E-05	
-3.651101E-04	2.723524E-04	-1.102498E-04	
-5.106659E-04	5.106658E-04	2.701965E-05	
-4.509714E-04	6.652412E-04	1.586258E-04	
-2.691657E-04	9.164978E-04	1.772571E-04	
-4.440035E-11	1.024240E-03	1.699506E-04	
2.691655E-04	9.164978E-04	1.772572E-04	
4.509712E-04	6.652412E-04	1.586258E-04	
5.106658E-04	5.106659E-04	2.701967E-05	
3.651100E-04	2.723523E-04	-1.102497E-04	
1.454393E-04	7.415857E-05	-9.689840E-05	
4.142208E-05	1.403915E-05	-5.009969E-05	
6.842780E-06	2.394911E-06	-2.519068E-05	
-6.633232E-06	2.727504E-06	-2.474791E-05	
-3.741514E-05	1.494690E-05	-4.791425E-05	
-1.184838E-04	7.307895E-05	-8.965848E-05	
-2.238497E-04	2.238497E-04	-1.103221E-04	
-2.723523E-04	3.651101E-04	-1.102497E-04	
-2.560971E-04	4.535245E-04	-1.086055E-04	
-1.795447E-04	6.111361E-04	-1.092054E-04	
3.561684E-12	6.984408E-04	-1.189708E-04	
1.795447E-04	6.111361E-04	-1.092054E-04	
2.560971E-04	4.535245E-04	-1.086055E-04	
2.723523E-04	3.651100E-04	-1.102497E-04	
2.238497E-04	2.238497E-04	-1.103221E-04	
1.184838E-04	7.307892E-05	-8.965846E-05	
3.741514E-05	1.494690E-05	-4.791425E-05	
6.633233E-06	2.727501E-06	-2.474791E-05	
-5.732746E-06	3.427734E-06	-2.322821E-05	
-2.668191E-05	1.548349E-05	-4.128205E-05	
-5.689468E-05	5.689468E-05	-6.993710E-05	
-7.307895E-05	1.184838E-04	-8.965848E-05	
-7.415859E-05	1.454393E-04	-9.689836E-05	
-7.192664E-05	1.602045E-04	-1.005455E-04	
-5.882844E-05	1.992369E-04	-1.092261E-04	
1.938425E-12	2.375227E-04	-1.182838E-04	
5.882844E-05	1.992369E-04	-1.092261E-04	
7.192664E-05	1.602045E-04	-1.005455E-04	
7.415860E-05	1.454393E-04	-9.689837E-05	
7.307895E-05	1.184838E-04	-8.965846E-05	
5.689468E-05	5.689467E-05	-6.993708E-05	
2.668191E-05	1.548348E-05	-4.128205E-05	
5.732746E-06	3.427731E-06	-2.322821E-05	
-3.720946E-06	3.499203E-06	-1.976113E-05	
-1.131000E-05	1.131000E-05	-2.955323E-05	
-1.548349E-05	2.668190E-05	-4.128206E-05	
-1.494691E-05	3.741514E-05	-4.791426E-05	
-1.403917E-05	4.142209E-05	-5.009966E-05	
-1.319235E-05	4.341445E-05	-5.115523E-05	
-1.035816E-05	4.787603E-05	-5.365168E-05	
2.516350E-13	5.306670E-05	-5.619780E-05	
1.035816E-05	4.787603E-05	-5.365169E-05	
1.319235E-05	4.341445E-05	-5.115523E-05	
1.403917E-05	4.142206E-05	-5.009968E-05	
1.494691E-05	3.741513E-05	-4.791425E-05	
1.548349E-05	2.668190E-05	-4.128205E-05	
1.131000E-05	1.131000E-05	-2.955322E-05	
3.720946E-06	3.499201E-06	-1.976113E-05	
-1.592975E-06	1.592973E-06	-1.591135E-05	
-3.499207E-06	3.720945E-06	-1.976114E-05	
-3.427740E-06	5.732746E-06	-2.322822E-05	
-2.727512E-06	6.633233E-06	-2.474792E-05	
-2.394922E-06	6.842785E-06	-2.519066E-05	
-2.201243E-06	6.936097E-06	-2.539237E-05	
-1.629187E-06	7.235970E-06	-2.584813E-05	
6.812104E-13	7.387685E-06	-2.629010E-05	
1.629189E-06	7.235971E-06	-2.584813E-05	
2.201245E-06	6.936096E-06	-2.539237E-05	
2.394923E-06	6.842768E-06	-2.519068E-05	
2.727512E-06	6.633230E-06	-2.474791E-05	
3.427740E-06	5.732744E-06	-2.322821E-05	
3.499208E-06	3.720943E-06	-1.976113E-05	
1.592975E-06	1.592972E-06	-1.591135E-05	
-2.278167E-06	-2.278168E-06	-1.342679E-05	
-5.036282E-06	-5.198848E-06	-1.659061E-05	
-4.969873E-06	-8.113839E-06	-1.953050E-05	
-3.976094E-06	-9.260160E-06	-2.087675E-05	
-3.503747E-06	-9.569587E-06	-2.128054E-05	
-3.217888E-06	-9.703983E-06	-2.146726E-05	
-2.387655E-06	-9.964625E-06	-2.189428E-05	
-8.171545E-12	-1.015808E-05	-2.231684E-05	
2.387639E-06	-9.964625E-06	-2.189428E-05	
3.217872E-06	-9.703983E-06	-2.146726E-05	
3.503731E-06	-9.569592E-06	-2.128055E-05	
3.976079E-06	-9.260160E-06	-2.087673E-05	
4.969861E-06	-8.113839E-06	-1.953048E-05	
5.036275E-06	-5.198848E-06	-1.659059E-05	
2.278164E-06	-2.278167E-06	-1.342679E-05	
-5.198848E-06	-5.036285E-06	-1.659061E-05	
-1.506231E-05	-1.506232E-05	-2.295457E-05	
-1.997563E-05	-3.311966E-05	-2.863059E-05	
-1.905839E-05	-4.633496E-05	-3.114364E-05	
-1.780820E-05	-5.109434E-05	-3.187348E-05	
-1.674670E-05	-5.347663E-05	-3.220643E-05	
-1.310980E-05	-5.934488E-05	-3.296532E-05	
-6.976301E-12	-6.566906E-05	-3.368364E-05	
1.310979E-05	-5.934488E-05	-3.296532E-05	
1.674669E-05	-5.347663E-05	-3.220643E-05	
1.780819E-05	-5.109436E-05	-3.187349E-05	
1.905838E-05	-4.633496E-05	-3.114362E-05	
1.997562E-05	-3.311966E-05	-2.863057E-05	
1.506231E-05	-1.506231E-05	-2.295455E-05	
5.198845E-06	-5.036283E-06	-1.659059E-05	
-8.113839E-06	-4.969877E-06	-1.953050E-05	
-3.311966E-05	-1.997564E-05	-2.863059E-05	
-6.190725E-05	-6.190725E-05	-3.114955E-05	
-7.417214E-05	-1.089421E-04	-2.447953E-05	
-7.437289E-05	-1.299148E-04	-2.079919E-05	
-7.139897E-05	-1.412500E-04	-1.868591E-05	
-5.775203E-05	-1.684839E-04	-1.318206E-05	
-6.256444E-12	-1.962247E-04	-7.223680E-06	
5.775202E-05	-1.684839E-04	-1.318206E-05	
7.139896E-05	-1.412500E-04	-1.868591E-05	
7.437287E-05	-1.299149E-04	-2.079920E-05	
7.417212E-05	-1.089421E-04	-2.447950E-05	
6.190723E-05	-6.190725E-05	-3.114953E-05	
3.311965E-05	-1.997563E-05	-2.863057E-05	
8.113836E-06	-4.969874E-06	-1.953048E-05	
-9.260161E-06	-3.976098E-06	-2.087675E-05	
-4.633496E-05	-1.905840E-05	-3.114364E-05	
-1.089421E-04	-7.417215E-05	-2.447953E-05	
-1.521121E-04	-1.521121E-04	2.007960E-05	
-1.603807E-04	-1.879614E-04	5.228041E-05	
-1.554918E-04	-2.080448E-04	7.190319E-05	
-1.244373E-04	-2.590185E-04	1.135699E-04	
-7.457418E-12	-3.078959E-04	1.435096E-04	
1.244373E-04	-2.590185E-04	1.135699E-04	
1.554918E-04	-2.080447E-04	7.190320E-05	
1.603806E-04	-1.879614E-04	5.228043E-05	
1.521121E-04	-1.521121E-04	2.007963E-05	
1.089421E-04	-7.417214E-05	-2.447951E-05	
4.633495E-05	-1.905839E-05	-3.114362E-05	
9.260156E-06	-3.976094E-06	-2.087674E-05	
-9.569591E-06	-3.503751E-06	-2.128054E-05	
-5.109436E-05	-1.780821E-05	-3.187348E-05	
-1.299149E-04	-7.437291E-05	-2.079918E-05	
-1.879614E-04	-1.603807E-04	5.228043E-05	
-1.989930E-04	-1.989930E-04	1.016877E-04	
-1.958619E-04	-2.208636E-04	1.250186E-04	
-1.573516E-04	-2.796025E-04	2.055471E-04	
-4.097413E-11	-3.341401E-04	2.509363E-04	
1.573516E-04	-2.796025E-04	2.055471E-04	
1.958619E-04	-2.208636E-04	1.250186E-04	
1.989930E-04	-1.989930E-04	1.016877E-04	
1.879613E-04	-1.603806E-04	5.228046E-05	
1.299148E-04	-7.437289E-05	-2.079916E-05	
5.109434E-05	-1.780820E-05	-3.187346E-05	
9.569585E-06	-3.503748E-06	-2.128052E-05	
-9.703985E-06	-3.217892E-06	-2.146726E-05	
-5.347663E-05	-1.674671E-05	-3.220643E-05	
-1.412500E-04	-7.139899E-05	-1.868591E-05	
-2.080448E-04	-1.554918E-04	7.190319E-05	
-2.208636E-04	-1.958619E-04	1.250186E-04	
-2.170605E-04	-2.170605E-04	1.465135E-04	
-1.746513E-04	-2.656265E-04	2.667077E-04	
-8.818877E-11	-3.205784E-04	3.182016E-04	
1.746512E-04	-2.656265E-04	2.667077E-04	
2.170605E-04	-2.170605E-04	1.465135E-04	
2.208636E-04	-1.958619E-04	1.250186E-04	
2.080447E-04	-1.554918E-04	7.190323E-05	
1.412499E-04	-7.139897E-05	-1.868589E-05	
5.347662E-05	-1.674670E-05	-3.220642E-05	
9.703981E-06	-3.217889E-06	-2.146725E-05	
-9.964626E-06	-2.387659E-06	-2.189428E-05	
-5.934489E-05	-1.310981E-05	-3.296532E-05	
-1.684839E-04	-5.775204E-05	-1.318206E-05	
-2.590186E-04	-1.244373E-04	1.135699E-04	
-2.796025E-04	-1.573516E-04	2.055470E-04	
-2.656265E-04	-1.746512E-04	2.667077E-04	
-2.121166E-04	-2.121166E-04	3.398743E-04	
-4.594815E-11	-2.537469E-04	4.423296E-04	
2.121165E-04	-2.121166E-04	3.398743E-04	
2.656264E-04	-1.746512E-04	2.667077E-04	
2.796025E-04	-1.573516E-04	2.055471E-04	
2.590185E-04	-1.244373E-04	1.135699E-04	
1.684838E-04	-5.775203E-05	-1.318204E-05	
5.934487E-05	-1.310980E-05	-3.296531E-05	
9.964622E-06	-2.387655E-06	-2.189427E-05	
-1.015808E-05	-1.034974E-11	-2.231684E-05	
-6.566907E-05	-1.075410E-11	-3.368364E-05	
-1.962248E-04	-1.060394E-11	-7.223688E-06	
-3.078960E-04	-1.174845E-11	1.435096E-04	
-3.341401E-04	1.827367E-11	2.509363E-04	
-3.205784E-04	3.832043E-11	3.182015E-04	
-2.537470E-04	-6.161705E-12	4.423295E-04	
-6.448851E-11	-4.450266E-12	5.428289E-04	
2.537469E-04	1.662529E-12	4.423296E-04	
3.205783E-04	5.314994E-12	3.182016E-04	
3.341401E-04	-1.510976E-11	2.509363E-04	
3.078959E-04	-1.107973E-11	1.435096E-04	
1.962247E-04	-7.670641E-12	-7.223659E-06	
6.566905E-05	-7.328311E-12	-3.368362E-05	
1.015808E-05	-8.602539E-12	-2.231683E-05	
-9.964627E-06	2.387638E-06	-2.189429E-05	
-5.934489E-05	1.310979E-05	-3.296532E-05	
-1.684839E-04	5.775202E-05	-1.318207E-05	
-2.590186E-04	1.244373E-04	1.135699E-04	
-2.796026E-04	1.573516E-04	2.055470E-04	
-2.656265E-04	1.746512E-04	2.667076E-04	
-2.121166E-04	2.121166E-04	3.398743E-04	
-5.942186E-11	2.537469E-04	4.423296E-04	
2.121165E-04	2.121166E-04	3.398743E-04	
2.656265E-04	1.746512E-04	2.667077E-04	
2.796025E-04	1.573516E-04	2.055471E-04	
2.590185E-04	1.244373E-04	1.135699E-04	
1.684839E-04	5.775201E-05	-1.318204E-05	
5.934487E-05	1.310979E-05	-3.296530E-05	
9.964622E-06	2.387638E-06	-2.189427E-05	
-9.703985E-06	3.217872E-06	-2.146726E-05	
-5.347663E-05	1.674669E-05	-3.220644E-05	
-1.412500E-04	7.139897E-05	-1.868592E-05	
-2.080448E-04	1.554918E-04	7.190319E-05	
-2.208636E-04	1.958619E-04	1.250185E-04	
-2.170605E-04	2.170605E-04	1.465135E-04	
-1.746513E-04	2.656265E-04	2.667076E-04	
-5.369795E-11	3.205784E-04	3.182016E-04	
1.746512E-04	2.656265E-04	2.667077E-04	
2.170605E-04	2.170605E-04	1.465135E-04	
2.208636E-04	1.958619E-04	1.250186E-04	
2.080447E-04	1.554918E-04	7.190322E-05	
1.412500E-04	7.139896E-05	-1.868589E-05	
5.347662E-05	1.674669E-05	-3.220641E-05	
9.703981E-06	3.217872E-06	-2.146725E-05	
-9.569589E-06	3.503732E-06	-2.128056E-05	
-5.109435E-05	1.780819E-05	-3.187351E-05	
-1.299149E-04	7.437289E-05	-2.079922E-05	
-1.879614E-04	1.603806E-04	5.228039E-05	
-1.989930E-04	1.989930E-04	1.016877E-04	
-1.958619E-04	2.208636E-04	1.250185E-04	
-1.573516E-04	2.796025E-04	2.055470E-04	
-1.889094E-11	3.341401E-04	2.509363E-04	
1.573516E-04	2.796025E-04	2.055470E-04	
1.958619E-04	2.208635E-04	1.250186E-04	
1.989930E-04	1.989930E-04	1.016877E-04	
1.879613E-04	1.603806E-04	5.228042E-05	
1.299148E-04	7.437287E-05	-2.079919E-05	
5.109435E-05	1.780819E-05	-3.187349E-05	
9.569589E-06	3.503731E-06	-2.128054E-05	
-9.260161E-06	3.976079E-06	-2.087673E-05	
-4.633497E-05	1.905838E-05	-3.114361E-05	
-1.089421E-04	7.417214E-05	-2.447950E-05	
-1.521121E-04	1.521121E-04	2.007964E-05	
-1.603807E-04	1.879614E-04	5.228047E-05	
-1.554918E-04	2.080447E-04	7.190323E-05	
-1.244373E-04	2.590185E-04	1.135699E-04	
-2.166767E-12	3.078959E-04	1.435097E-04	
1.244373E-04	2.590185E-04	1.135699E-04	
1.554918E-04	2.080447E-04	7.190323E-05	
1.603806E-04	1.879613E-04	5.228044E-05	
1.521121E-04	1.521121E-04	2.007964E-05	
1.089421E-04	7.417212E-05	-2.447949E-05	
4.633496E-05	1.905838E-05	-3.114361E-05	
9.260161E-06	3.976079E-06	-2.087673E-05	
-8.113840E-06	4.969862E-06	-1.953048E-05	
-3.311967E-05	1.997563E-05	-2.863057E-05	
-6.190725E-05	6.190725E-05	-3.114953E-05	
-7.417214E-05	1.089421E-04	-2.447950E-05	
-7.437290E-05	1.299149E-04	-2.079917E-05	
-7.139898E-05	1.412500E-04	-1.868588E-05	
-5.775203E-05	1.684839E-04	-1.318203E-05	
-3.547589E-12	1.962247E-04	-7.223653E-06	
5.775202E-05	1.684839E-04	-1.318203E-05	
7.139897E-05	1.412500E-04	-1.868589E-05	
7.437289E-05	1.299148E-04	-2.079917E-05	
7.417214E-05	1.089421E-04	-2.447949E-05	
6.190725E-05	6.190724E-05	-3.114952E-05	
3.311966E-05	1.997562E-05	-2.863057E-05	
8.113840E-06	4.969861E-06	-1.953048E-05	
-5.198848E-06	5.036276E-06	-1.659059E-05	
-1.506232E-05	1.506231E-05	-2.295455E-05	
-1.997563E-05	3.311966E-05	-2.863058E-05	
-1.905839E-05	4.633496E-05	-3.114362E-05	
-1.780820E-05	5.109435E-05	-3.187347E-05	
-1.674670E-05	5.347662E-05	-3.220641E-05	
-1.310980E-05	5.934487E-05	-3.296530E-05	
-3.131563E-12	6.566906E-05	-3.368362E-05	
1.310979E-05	5.934487E-05	-3.296530E-05	
1.674669E-05	5.347662E-05	-3.220642E-05	
1.780820E-05	5.109434E-05	-3.187348E-05	
1.905838E-05	4.633496E-05	-3.114361E-05	
1.997563E-05	3.311966E-05	-2.863057E-05	
1.506231E-05	1.506231E-05	-2.295455E-05	
5.198848E-06	5.036275E-06	-1.659059E-05	
-2.278167E-06	2.278165E-06	-1.342679E-05	
-5.036282E-06	5.198847E-06	-1.659060E-05	
-4.969870E-06	8.113839E-06	-1.953049E-05	
-3.976090E-06	9.260160E-06	-2.087674E-05	
-3.503742E-06	9.569591E-06	-2.128053E-05	
-3.217883E-06	9.703981E-06	-2.146725E-05	
-2.387650E-06	9.964623E-06	-2.189427E-05	
-1.278286E-12	1.015808E-05	-2.231683E-05	
2.387647E-06	9.964624E-06	-2.189427E-05	
3.217881E-06	9.703982E-06	-2.146725E-05	
3.503740E-06	9.569584E-06	-2.128054E-05	
3.976088E-06	9.260158E-06	-2.087673E-05	
4.969869E-06	8.113837E-06	-1.953048E-05	
5.036281E-06	5.198846E-06	-1.659059E-05	
2.278167E-06	2.278165E-06	-1.342679E-05	
-3.186109E-06	-3.186110E-06	-5.792926E-06	
-7.126411E-06	-6.904232E-06	-7.125043E-06	
-7.191185E-06	-1.094551E-05	-8.399268E-06	
-5.882259E-06	-1.298312E-05	-9.015057E-06	
-5.227534E-06	-1.361265E-05	-9.205526E-06	
-4.820341E-06	-1.390717E-05	-9.295098E-06	
-3.613075E-06	-1.458841E-05	-9.503385E-06	
-9.761819E-12	-1.526697E-05	-9.712399E-06	
3.613055E-06	-1.458841E-05	-9.503386E-06	
4.820320E-06	-1.390717E-05	-9.295098E-06	
5.227514E-06	-1.361265E-05	-9.205533E-06	
5.882240E-06	-1.298312E-05	-9.015049E-06	
7.191170E-06	-1.094551E-05	-8.399262E-06	
7.126402E-06	-6.904231E-06	-7.125038E-06	
3.186106E-06	-3.186109E-06	-5.792922E-06	
-6.904231E-06	-7.126414E-06	-7.125043E-06	
-1.787289E-05	-1.787290E-05	-9.144973E-06	
-2.124127E-05	-3.214353E-05	-9.967949E-06	
-1.904953E-05	-4.064599E-05	-9.784101E-06	
-1.745723E-05	-4.351630E-05	-9.632842E-06	
-1.628308E-05	-4.491518E-05	-9.540563E-06	
-1.250845E-05	-4.822152E-05	-9.288393E-06	
-8.627461E-12	-5.160416E-05	-8.986976E-06	
1.250843E-05	-4.822152E-05	-9.288393E-06	
1.628306E-05	-4.491517E-05	-9.540562E-06	
1.745721E-05	-4.351631E-05	-9.632843E-06	
1.904951E-05	-4.064599E-05	-9.784092E-06	
2.124126E-05	-3.214352E-05	-9.967942E-06	
1.787288E-05	-1.787289E-05	-9.144968E-06	
6.904228E-06	-7.126410E-06	-7.125038E-06	
-1.094551E-05	-7.191189E-06	-8.399269E-06	
-3.214352E-05	-2.124128E-05	-9.967949E-06	
-4.321362E-05	-4.321363E-05	-3.679171E-06	
-4.162243E-05	-5.768743E-05	5.525770E-06	
-3.903306E-05	-6.273604E-05	9.662413E-06	
-3.672672E-05	-6.523078E-05	1.189861E-05	
-2.873964E-05	-7.124259E-05	1.742910E-05	
-9.393343E-12	-7.754760E-05	2.335273E-05	
2.873962E-05	-7.124259E-05	1.742910E-05	
3.672670E-05	-6.523078E-05	1.189862E-05	
3.903304E-05	-6.273604E-05	9.662417E-06	
4.162241E-05	-5.768741E-05	5.525779E-06	
4.321361E-05	-4.321362E-05	-3.679163E-06	
3.214351E-05	-2.124127E-05	-9.967943E-06	
1.094551E-05	-7.191183E-06	-8.399263E-06	
-1.298312E-05	-5.882263E-06	-9.015057E-06	
-4.064599E-05	-1.904953E-05	-9.784100E-06	
-5.768742E-05	-4.162244E-05	5.525771E-06	
-5.707190E-05	-5.707191E-05	2.679482E-05	
-5.385974E-05	-6.255455E-05	3.514226E-05	
-5.083484E-05	-6.525167E-05	3.948197E-05	
-4.019688E-05	-7.166218E-05	5.132159E-05	
-1.179316E-11	-7.864769E-05	6.550236E-05	
4.019686E-05	-7.166218E-05	5.132159E-05	
5.083481E-05	-6.525166E-05	3.948197E-05	
5.385971E-05	-6.255454E-05	3.514227E-05	
5.707187E-05	-5.707189E-05	2.679483E-05	
5.768740E-05	-4.162242E-05	5.525780E-06	
4.064598E-05	-1.904952E-05	-9.784093E-06	
1.298311E-05	-5.882256E-06	-9.015050E-06	
-1.361265E-05	-5.227539E-06	-9.205527E-06	
-4.351631E-05	-1.745723E-05	-9.632839E-06	
-6.273604E-05	-3.903307E-05	9.662419E-06	
-6.255454E-05	-5.385974E-05	3.514227E-05	
-5.919508E-05	-5.919509E-05	4.486259E-05	
-5.577430E-05	-6.180692E-05	5.112111E-05	
-4.419539E-05	-6.782911E-05	6.269849E-05	
-1.960765E-11	-7.457797E-05	8.037554E-05	
4.419535E-05	-6.782911E-05	6.269850E-05	
5.577427E-05	-6.180692E-05	5.112110E-05	
5.919505E-05	-5.919508E-05	4.486259E-05	
6.255451E-05	-5.385973E-05	3.514227E-05	
6.273602E-05	-3.903305E-05	9.662426E-06	
4.351629E-05	-1.745722E-05	-9.632832E-06	
1.361264E-05	-5.227531E-06	-9.205520E-06	
-1.390717E-05	-4.820345E-06	-9.295098E-06	
-4.491518E-05	-1.628308E-05	-9.540564E-06	
-6.523079E-05	-3.672673E-05	1.189861E-05	
-6.525168E-05	-5.083484E-05	3.948197E-05	
-6.180694E-05	-5.577430E-05	5.112109E-05	
-5.827111E-05	-5.827109E-05	5.912949E-05	
-4.622083E-05	-6.449338E-05	6.697892E-05	
-4.422826E-11	-7.083863E-05	8.716794E-05	
4.622076E-05	-6.449339E-05	6.697893E-05	
5.827106E-05	-5.827109E-05	5.912951E-05	
6.180689E-05	-5.577429E-05	5.112109E-05	
6.525164E-05	-5.083483E-05	3.948197E-05	
6.523076E-05	-3.672671E-05	1.189862E-05	
4.491516E-05	-1.628307E-05	-9.540560E-06	
1.390716E-05	-4.820338E-06	-9.295095E-06	
-1.458841E-05	-3.613079E-06	-9.503386E-06	
-4.822152E-05	-1.250845E-05	-9.288395E-06	
-7.124260E-05	-2.873965E-05	1.742909E-05	
-7.166219E-05	-4.019689E-05	5.132158E-05	
-6.782913E-05	-4.419538E-05	6.269847E-05	
-6.449341E-05	-4.622079E-05	6.697892E-05	
-5.138787E-05	-5.138785E-05	9.041482E-05	
-2.597104E-11	-5.668336E-05	1.102190E-04	
5.138781E-05	-5.138785E-05	9.041482E-05	
6.449335E-05	-4.622080E-05	6.697894E-05	
6.782908E-05	-4.419538E-05	6.269849E-05	
7.166215E-05	-4.019687E-05	5.132159E-05	
7.124256E-05	-2.873964E-05	1.742910E-05	
4.822150E-05	-1.250844E-05	-9.288388E-06	
1.458841E-05	-3.613072E-06	-9.503382E-06	
-1.526697E-05	-1.312155E-11	-9.712401E-06	
-5.160417E-05	-1.461400E-11	-8.986978E-06	
-7.754762E-05	-1.584327E-11	2.335272E-05	
-7.864771E-05	-1.582369E-11	6.550236E-05	
-7.457799E-05	-4.423271E-12	8.037552E-05	
-7.083865E-05	-2.746924E-12	8.716793E-05	
-5.668338E-05	-1.095493E-11	1.102190E-04	
-2.800583E-11	-1.181199E-11	1.379125E-04	
5.668333E-05	-7.825303E-12	1.102190E-04	
7.083860E-05	-5.216920E-12	8.716796E-05	
7.457794E-05	-1.311886E-11	8.037553E-05	
7.864767E-05	-8.256175E-12	6.550236E-05	
7.754758E-05	-6.000390E-12	2.335273E-05	
5.160415E-05	-5.726913E-12	-8.986970E-06	
1.526696E-05	-7.631375E-12	-9.712396E-06	
-1.458841E-05	3.613052E-06	-9.503387E-06	
-4.822152E-05	1.250842E-05	-9.288397E-06	
-7.124260E-05	2.873962E-05	1.742909E-05	
-7.166219E-05	4.019686E-05	5.132158E-05	
-6.782912E-05	4.419536E-05	6.269847E-05	
-6.449340E-05	4.622078E-05	6.697891E-05	
-5.138787E-05	5.138783E-05	9.041481E-05	
-2.570653E-11	5.668334E-05	1.102190E-04	
5.138782E-05	5.138783E-05	9.041482E-05	
6.449336E-05	4.622079E-05	6.697894E-05	
6.782909E-05	4.419535E-05	6.269850E-05	
7.166216E-05	4.019686E-05	5.132160E-05	
7.124257E-05	2.873963E-05	1.742910E-05	
4.822150E-05	1.250843E-05	-9.288387E-06	
1.458840E-05	3.613057E-06	-9.503381E-06	
-1.390717E-05	4.820318E-06	-9.295099E-06	
-4.491518E-05	1.628305E-05	-9.540566E-06	
-6.523079E-05	3.672670E-05	1.189861E-05	
-6.525168E-05	5.083481E-05	3.948196E-05	
-6.180693E-05	5.577427E-05	5.112108E-05	
-5.827111E-05	5.827107E-05	5.912948E-05	
-4.622082E-05	6.449336E-05	6.697891E-05	
-2.183549E-11	7.083861E-05	8.716794E-05	
4.622078E-05	6.449336E-05	6.697893E-05	
5.827107E-05	5.827107E-05	5.912950E-05	
6.180690E-05	5.577427E-05	5.112111E-05	
6.525165E-05	5.083482E-05	3.948198E-05	
6.523076E-05	3.672671E-05	1.189863E-05	
4.491516E-05	1.628306E-05	-9.540556E-06	
1.390716E-05	4.820322E-06	-9.295093E-06	
-1.361265E-05	5.227511E-06	-9.205535E-06	
-4.351631E-05	1.745720E-05	-9.632852E-06	
-6.273605E-05	3.903303E-05	9.662403E-06	
-6.255455E-05	5.385971E-05	3.514225E-05	
-5.919509E-05	5.919505E-05	4.486256E-05	
-5.577430E-05	6.180690E-05	5.112106E-05	
-4.419537E-05	6.782909E-05	6.269845E-05	
-6.584201E-12	7.457795E-05	8.037550E-05	
4.419535E-05	6.782909E-05	6.269847E-05	
5.577427E-05	6.180690E-05	5.112108E-05	
5.919506E-05	5.919506E-05	4.486258E-05	
6.255452E-05	5.385972E-05	3.514226E-05	
6.273603E-05	3.903305E-05	9.662417E-06	
4.351630E-05	1.745721E-05	-9.632842E-06	
1.361265E-05	5.227516E-06	-9.205529E-06	
-1.298312E-05	5.882237E-06	-9.015048E-06	
-4.064599E-05	1.904950E-05	-9.784089E-06	
-5.768742E-05	4.162240E-05	5.525785E-06	
-5.707190E-05	5.707187E-05	2.679483E-05	
-5.385974E-05	6.255451E-05	3.514228E-05	
-5.083484E-05	6.525164E-05	3.948198E-05	
-4.019688E-05	7.166215E-05	5.132160E-05	
-1.100874E-11	7.864767E-05	6.550237E-05	
4.019686E-05	7.166216E-05	5.132159E-05	
5.083481E-05	6.525165E-05	3.948197E-05	
5.385971E-05	6.255452E-05	3.514226E-05	
5.707188E-05	5.707188E-05	2.679483E-05	
5.768741E-05	4.162241E-05	5.525782E-06	
4.064599E-05	1.904951E-05	-9.784091E-06	
1.298312E-05	5.882242E-06	-9.015049E-06	
-1.094551E-05	7.191169E-06	-8.399262E-06	
-3.214353E-05	2.124126E-05	-9.967941E-06	
-4.321362E-05	4.321361E-05	-3.679160E-06	
-4.162243E-05	5.768741E-05	5.525782E-06	
-3.903306E-05	6.273602E-05	9.662424E-06	
-3.672672E-05	6.523076E-05	1.189863E-05	
-2.873964E-05	7.124257E-05	1.742911E-05	
-1.042890E-11	7.754758E-05	2.335274E-05	
2.873962E-05	7.124257E-05	1.742910E-05	
3.672670E-05	6.523077E-05	1.189862E-05	
3.903304E-05	6.273602E-05	9.662425E-06	
4.162241E-05	5.768741E-05	5.525786E-06	
4.321361E-05	4.321361E-05	-3.679159E-06	
3.214352E-05	2.124126E-05	-9.967941E-06	
1.094551E-05	7.191172E-06	-8.399262E-06	
-6.904232E-06	7.126402E-06	-7.125038E-06	
-1.787290E-05	1.787289E-05	-9.144968E-06	
-2.124127E-05	3.214352E-05	-9.967943E-06	
-1.904953E-05	4.064598E-05	-9.784094E-06	
-1.745723E-05	4.351630E-05	-9.632837E-06	
-1.628308E-05	4.491516E-05	-9.540556E-06	
-1.250845E-05	4.822150E-05	-9.288386E-06	
-7.196777E-12	5.160415E-05	-8.986969E-06	
1.250843E-05	4.822151E-05	-9.288388E-06	
1.628306E-05	4.491516E-05	-9.540557E-06	
1.745721E-05	4.351630E-05	-9.632836E-06	
1.904951E-05	4.064598E-05	-9.784088E-06	
2.124126E-05	3.214352E-05	-9.967940E-06	
1.787289E-05	1.787289E-05	-9.144966E-06	
6.904230E-06	7.126403E-06	-7.125038E-06	
-3.186109E-06	3.186106E-06	-5.792922E-06	
-7.126410E-06	6.904229E-06	-7.125039E-06	
-7.191182E-06	1.094551E-05	-8.399264E-06	
-5.882254E-06	1.298312E-05	-9.015052E-06	
-5.227529E-06	1.361265E-05	-9.205525E-06	
-4.820335E-06	1.390716E-05	-9.295094E-06	
-3.613069E-06	1.458841E-05	-9.503381E-06	
-3.436413E-12	1.526696E-05	-9.712396E-06	
3.613062E-06	1.458841E-05	-9.503382E-06	
4.820328E-06	1.390716E-05	-9.295094E-06	
5.227522E-06	1.361264E-05	-9.205525E-06	
5.882248E-06	1.298312E-05	-9.015047E-06	
7.191177E-06	1.094551E-05	-8.399261E-06	
7.126407E-06	6.904229E-06	-7.125037E-06	
3.186108E-06	3.186106E-06	-5.792922E-06	
