flux
3
1575
6.554540E-11	-3.412439E-11	1.700140E-04	
5.228179E-11	-6.926772E-11	6.953572E-05	
-1.774211E-11	-7.052451E-11	-2.241100E-07	
-3.943935E-11	5.259135E-11	6.953587E-05	
3.518059E-11	-2.200949E-11	1.700137E-04	
2.790054E-10	5.759982E-12	1.700129E-04	
2.722522E-10	-9.884853E-11	6.953544E-05	
1.151875E-10	-1.225066E-10	-2.240157E-07	
7.740697E-11	-1.273412E-10	6.953576E-05	
1.530068E-11	-1.322298E-10	1.700129E-04	
-5.090816E-11	-1.836664E-11	1.700134E-04	
-5.411696E-11	1.300411E-10	6.953527E-05	
-8.814991E-12	1.319010E-10	-2.240904E-07	
6.116776E-11	1.053586E-10	6.953572E-05	
1.017706E-10	1.007199E-10	1.700132E-04	
-7.165058E-11	-7.562588E-12	1.700128E-04	
-2.210174E-10	-6.806787E-11	6.953559E-05	
-1.428425E-10	-1.571857E-10	-2.237859E-07	
1.724356E-10	-1.150304E-10	6.953527E-05	
6.842036E-11	-6.499598E-11	1.700127E-04	
7.147226E-11	-1.616037E-10	-5.910172E-05	
1.338250E-10	9.424220E-11	-5.910196E-05	
-6.111366E-11	-1.206649E-10	-5.910109E-05	
-1.105801E-12	6.623186E-12	-5.910075E-05	
9.646004E-11	-2.784423E-10	2.506493E-03	
4.988611E-10	-2.511001E-10	1.723663E-03	
4.287893E-10	1.454367E-10	2.506493E-03	
1.897275E-10	-1.015028E-09	1.723663E-03	
2.348116E-11	-1.702307E-11	8.997564E-04	
-1.751935E-10	5.735673E-11	1.723663E-03	
-6.453110E-10	-8.421169E-10	2.506492E-03	
-6.586319E-10	8.298989E-11	1.723663E-03	
-2.202521E-11	-2.683187E-10	2.506493E-03	
3.178475E-06	3.178493E-06	-5.779062E-06	
7.109314E-06	6.887699E-06	-7.107954E-06	
7.173920E-06	1.091925E-05	-8.379139E-06	
5.868151E-06	1.295197E-05	-8.993474E-06	
5.215007E-06	1.358000E-05	-9.183493E-06	
4.808795E-06	1.387381E-05	-9.272839E-06	
3.604430E-06	1.455346E-05	-9.480637E-06	
1.185342E-11	1.523046E-05	-9.689170E-06	
-3.604405E-06	1.455347E-05	-9.480650E-06	
-4.808769E-06	1.387383E-05	-9.272850E-06	
-5.214982E-06	1.358001E-05	-9.183492E-06	
-5.868128E-06	1.295194E-05	-8.993432E-06	
-7.173903E-06	1.091923E-05	-8.379104E-06	
-7.109307E-06	6.887677E-06	-7.107928E-06	
-3.178474E-06	3.178472E-06	-5.779042E-06	
6.887680E-06	7.109365E-06	-7.107953E-06	
1.782967E-05	1.782972E-05	-9.122204E-06	
2.118922E-05	3.206479E-05	-9.941370E-06	
1.900227E-05	4.054538E-05	-9.756719E-06	
1.741370E-05	4.340813E-05	-9.605387E-06	
1.624239E-05	4.480317E-05	-9.513122E-06	
1.247705E-05	4.810062E-05	-9.261054E-06	
2.959874E-11	5.147399E-05	-8.959804E-06	
-1.247698E-05	4.810063E-05	-9.261072E-06	
-1.624231E-05	4.480320E-05	-9.513154E-06	
-1.741361E-05	4.340808E-05	-9.605411E-06	
-1.900220E-05	4.054530E-05	-9.756651E-06	
-2.118918E-05	3.206472E-05	-9.941327E-06	
-1.782965E-05	1.782966E-05	-9.122174E-06	
-6.887675E-06	7.109306E-06	-7.107930E-06	
1.091924E-05	7.173990E-06	-8.379135E-06	
3.206474E-05	2.118930E-05	-9.941367E-06	
4.310395E-05	4.310403E-05	-3.658320E-06	
4.151283E-05	5.753609E-05	5.532472E-06	
3.892857E-05	6.256908E-05	9.661807E-06	
3.662762E-05	6.505575E-05	1.189370E-05	
2.866068E-05	7.104785E-05	1.741225E-05	
4.011085E-11	7.733172E-05	2.332129E-05	
-2.866060E-05	7.104785E-05	1.741223E-05	
-3.662752E-05	6.505574E-05	1.189366E-05	
-3.892847E-05	6.256903E-05	9.661834E-06	
-4.151275E-05	5.753603E-05	5.532537E-06	
-4.310391E-05	4.310394E-05	-3.658272E-06	
-3.206471E-05	2.118920E-05	-9.941330E-06	
-1.091923E-05	7.173906E-06	-8.379107E-06	
1.295196E-05	5.868225E-06	-8.993462E-06	
4.054533E-05	1.900236E-05	-9.756710E-06	
5.753601E-05	4.151292E-05	5.532477E-06	
5.691196E-05	5.691200E-05	2.676009E-05	
5.370416E-05	6.237499E-05	3.508489E-05	
5.068622E-05	6.506182E-05	3.941049E-05	
4.007687E-05	7.144709E-05	5.121084E-05	
4.756901E-11	7.840598E-05	6.534310E-05	
-4.007680E-05	7.144712E-05	5.121086E-05	
-5.068620E-05	6.506180E-05	3.941047E-05	
-5.370415E-05	6.237496E-05	3.508482E-05	
-5.691196E-05	5.691197E-05	2.676011E-05	
-5.753599E-05	4.151280E-05	5.532533E-06	
-4.054530E-05	1.900224E-05	-9.756663E-06	
-1.295195E-05	5.868129E-06	-8.993431E-06	
1.357998E-05	5.215081E-06	-9.183478E-06	
4.340811E-05	1.741379E-05	-9.605384E-06	
6.256899E-05	3.892868E-05	9.661792E-06	
6.237490E-05	5.370413E-05	3.508495E-05	
5.901935E-05	5.901935E-05	4.477272E-05	
5.560612E-05	6.162051E-05	5.101067E-05	
4.405941E-05	6.761712E-05	6.253139E-05	
3.725478E-11	7.433975E-05	8.014241E-05	
-4.405935E-05	6.761717E-05	6.253143E-05	
-5.560608E-05	6.162052E-05	5.101065E-05	
-5.901933E-05	5.901926E-05	4.477280E-05	
-6.237492E-05	5.370412E-05	3.508491E-05	
-6.256898E-05	3.892853E-05	9.661847E-06	
-4.340805E-05	1.741366E-05	-9.605340E-06	
-1.357996E-05	5.214981E-06	-9.183448E-06	
1.387382E-05	4.808871E-06	-9.272859E-06	
4.480320E-05	1.624248E-05	-9.513131E-06	
6.505586E-05	3.662771E-05	1.189367E-05	
6.506198E-05	5.068620E-05	3.941039E-05	
6.162067E-05	5.560612E-05	5.101049E-05	
5.809290E-05	5.809278E-05	5.899339E-05	
4.607694E-05	6.429161E-05	6.677181E-05	
2.355584E-11	7.061245E-05	8.689059E-05	
-4.607694E-05	6.429169E-05	6.677184E-05	
-5.809293E-05	5.809277E-05	5.899337E-05	
-6.162066E-05	5.560600E-05	5.101049E-05	
-6.506195E-05	5.068618E-05	3.941038E-05	
-6.505586E-05	3.662758E-05	1.189365E-05	
-4.480325E-05	1.624236E-05	-9.513152E-06	
-1.387385E-05	4.808768E-06	-9.272863E-06	
1.455346E-05	3.604512E-06	-9.480653E-06	
4.810065E-05	1.247713E-05	-9.261052E-06	
7.104795E-05	2.866074E-05	1.741224E-05	
7.144723E-05	4.007686E-05	5.121082E-05	
6.761726E-05	4.405944E-05	6.253140E-05	
6.429176E-05	4.607681E-05	6.677192E-05	
5.122597E-05	5.122584E-05	9.014372E-05	
-4.953775E-11	5.650342E-05	1.098642E-04	
-5.122603E-05	5.122589E-05	9.014373E-05	
-6.429178E-05	4.607678E-05	6.677185E-05	
-6.761727E-05	4.405927E-05	6.253135E-05	
-7.144724E-05	4.007683E-05	5.121079E-05	
-7.104797E-05	2.866064E-05	1.741224E-05	
-4.810069E-05	1.247701E-05	-9.261070E-06	
-1.455348E-05	3.604404E-06	-9.480657E-06	
1.523046E-05	1.046770E-10	-9.689184E-06	
5.147402E-05	8.578248E-11	-8.959808E-06	
7.733179E-05	6.195706E-11	2.332128E-05	
7.840607E-05	3.962167E-11	6.534310E-05	
7.433983E-05	1.296604E-11	8.014241E-05	
7.061253E-05	-7.376118E-11	8.689059E-05	
5.650348E-05	-1.020848E-10	1.098641E-04	
-5.049707E-11	-8.950992E-11	1.374778E-04	
-5.650359E-05	-5.731158E-11	1.098641E-04	
-7.061265E-05	-7.832721E-11	8.689056E-05	
-7.433996E-05	-1.231358E-10	8.014231E-05	
-7.840615E-05	-6.622522E-11	6.534305E-05	
-7.733182E-05	-4.813816E-11	2.332127E-05	
-5.147404E-05	-2.999849E-11	-8.959811E-06	
-1.523047E-05	-1.382219E-11	-9.689177E-06	
1.455348E-05	-3.604305E-06	-9.480657E-06	
4.810067E-05	-1.247695E-05	-9.261063E-06	
7.104793E-05	-2.866060E-05	1.741225E-05	
7.144718E-05	-4.007679E-05	5.121087E-05	
6.761720E-05	-4.405933E-05	6.253131E-05	
6.429170E-05	-4.607693E-05	6.677177E-05	
5.122590E-05	-5.122604E-05	9.014373E-05	
-5.470996E-11	-5.650361E-05	1.098641E-04	
-5.122597E-05	-5.122600E-05	9.014367E-05	
-6.429168E-05	-4.607698E-05	6.677175E-05	
-6.761714E-05	-4.405945E-05	6.253135E-05	
-7.144715E-05	-4.007694E-05	5.121086E-05	
-7.104794E-05	-2.866073E-05	1.741226E-05	
-4.810067E-05	-1.247707E-05	-9.261051E-06	
-1.455347E-05	-3.604433E-06	-9.480642E-06	
1.387385E-05	-4.808670E-06	-9.272868E-06	
4.480325E-05	-1.624229E-05	-9.513143E-06	
6.505584E-05	-3.662755E-05	1.189367E-05	
6.506189E-05	-5.068613E-05	3.941046E-05	
6.162056E-05	-5.560603E-05	5.101072E-05	
5.809283E-05	-5.809289E-05	5.899326E-05	
4.607684E-05	-6.429178E-05	6.677179E-05	
-5.483673E-11	-7.061266E-05	8.689054E-05	
-4.607689E-05	-6.429180E-05	6.677178E-05	
-5.809285E-05	-5.809299E-05	5.899321E-05	
-6.162059E-05	-5.560614E-05	5.101061E-05	
-6.506188E-05	-5.068627E-05	3.941047E-05	
-6.505581E-05	-3.662767E-05	1.189370E-05	
-4.480322E-05	-1.624242E-05	-9.513125E-06	
-1.387383E-05	-4.808801E-06	-9.272840E-06	
1.358004E-05	-5.214884E-06	-9.183512E-06	
4.340814E-05	-1.741359E-05	-9.605416E-06	
6.256914E-05	-3.892851E-05	9.661800E-06	
6.237505E-05	-5.370404E-05	3.508469E-05	
5.901926E-05	-5.901931E-05	4.477260E-05	
5.560599E-05	-6.162063E-05	5.101049E-05	
4.405927E-05	-6.761725E-05	6.253123E-05	
-8.706982E-11	-7.433997E-05	8.014230E-05	
-4.405943E-05	-6.761729E-05	6.253138E-05	
-5.560609E-05	-6.162072E-05	5.101061E-05	
-5.901930E-05	-5.901942E-05	4.477262E-05	
-6.237504E-05	-5.370421E-05	3.508474E-05	
-6.256910E-05	-3.892863E-05	9.661835E-06	
-4.340810E-05	-1.741373E-05	-9.605391E-06	
-1.358002E-05	-5.215016E-06	-9.183489E-06	
1.295198E-05	-5.868038E-06	-8.993434E-06	
4.054540E-05	-1.900218E-05	-9.756662E-06	
5.753610E-05	-4.151277E-05	5.532526E-06	
5.691207E-05	-5.691190E-05	2.676010E-05	
5.370428E-05	-6.237490E-05	3.508489E-05	
5.068633E-05	-6.506191E-05	3.941044E-05	
4.007696E-05	-7.144722E-05	5.121087E-05	
4.696287E-11	-7.840618E-05	6.534313E-05	
-4.007687E-05	-7.144727E-05	5.121089E-05	
-5.068626E-05	-6.506199E-05	3.941054E-05	
-5.370423E-05	-6.237514E-05	3.508484E-05	
-5.691203E-05	-5.691204E-05	2.676003E-05	
-5.753607E-05	-4.151289E-05	5.532470E-06	
-4.054536E-05	-1.900230E-05	-9.756705E-06	
-1.295197E-05	-5.868161E-06	-8.993465E-06	
1.091926E-05	-7.173836E-06	-8.379105E-06	
3.206480E-05	-2.118916E-05	-9.941332E-06	
4.310404E-05	-4.310391E-05	-3.658284E-06	
4.151290E-05	-5.753599E-05	5.532524E-06	
3.892863E-05	-6.256897E-05	9.661848E-06	
3.662768E-05	-6.505584E-05	1.189364E-05	
2.866074E-05	-7.104797E-05	1.741224E-05	
3.771124E-11	-7.733186E-05	2.332130E-05	
-2.866068E-05	-7.104801E-05	1.741228E-05	
-3.662764E-05	-6.505589E-05	1.189375E-05	
-3.892860E-05	-6.256919E-05	9.661859E-06	
-4.151286E-05	-5.753609E-05	5.532452E-06	
-4.310399E-05	-4.310401E-05	-3.658321E-06	
-3.206477E-05	-2.118925E-05	-9.941360E-06	
-1.091925E-05	-7.173933E-06	-8.379130E-06	
6.887699E-06	-7.109269E-06	-7.107930E-06	
1.782971E-05	-1.782964E-05	-9.122179E-06	
2.118929E-05	-3.206473E-05	-9.941339E-06	
1.900235E-05	-4.054533E-05	-9.756675E-06	
1.741379E-05	-4.340808E-05	-9.605370E-06	
1.624247E-05	-4.480316E-05	-9.513137E-06	
1.247711E-05	-4.810066E-05	-9.261059E-06	
3.201472E-11	-5.147406E-05	-8.959799E-06	
-1.247704E-05	-4.810070E-05	-9.261046E-06	
-1.624241E-05	-4.480327E-05	-9.513114E-06	
-1.741372E-05	-4.340816E-05	-9.605405E-06	
-1.900229E-05	-4.054538E-05	-9.756701E-06	
-2.118924E-05	-3.206478E-05	-9.941357E-06	
-1.782968E-05	-1.782969E-05	-9.122194E-06	
-6.887688E-06	-7.109328E-06	-7.107945E-06	
3.178486E-06	-3.178463E-06	-5.779045E-06	
7.109337E-06	-6.887677E-06	-7.107935E-06	
7.173936E-06	-1.091925E-05	-8.379115E-06	
5.868150E-06	-1.295199E-05	-8.993444E-06	
5.214997E-06	-1.358000E-05	-9.183485E-06	
4.808791E-06	-1.387375E-05	-9.272847E-06	
3.604438E-06	-1.455345E-05	-9.480649E-06	
2.559268E-11	-1.523046E-05	-9.689177E-06	
-3.604392E-06	-1.455347E-05	-9.480644E-06	
-4.808761E-06	-1.387384E-05	-9.272842E-06	
-5.214976E-06	-1.358003E-05	-9.183487E-06	
-5.868126E-06	-1.295199E-05	-8.993460E-06	
-7.173907E-06	-1.091926E-05	-8.379125E-06	
-7.109313E-06	-6.887693E-06	-7.107943E-06	
-3.178477E-06	-3.178481E-06	-5.779053E-06	
2.272736E-06	2.272755E-06	-1.339469E-05	
5.024204E-06	5.186649E-06	-1.655089E-05	
4.957886E-06	8.094523E-06	-1.948374E-05	
3.966510E-06	9.237833E-06	-2.082675E-05	
3.495318E-06	9.546490E-06	-2.122956E-05	
3.210141E-06	9.680539E-06	-2.141576E-05	
2.381885E-06	9.940502E-06	-2.184175E-05	
-1.340386E-12	1.013330E-05	-2.226331E-05	
-2.381890E-06	9.940501E-06	-2.184177E-05	
-3.210150E-06	9.680549E-06	-2.141577E-05	
-3.495330E-06	9.546435E-06	-2.122952E-05	
-3.966520E-06	9.237817E-06	-2.082667E-05	
-4.957892E-06	8.094502E-06	-1.948367E-05	
-5.024208E-06	5.186629E-06	-1.655083E-05	
-2.272738E-06	2.272735E-06	-1.339464E-05	
5.186631E-06	5.024257E-06	-1.655089E-05	
1.502766E-05	1.502772E-05	-2.289882E-05	
1.993000E-05	3.304671E-05	-2.855950E-05	
1.901450E-05	4.623367E-05	-3.106559E-05	
1.776702E-05	5.098239E-05	-3.179336E-05	
1.670796E-05	5.335923E-05	-3.212528E-05	
1.307953E-05	5.921440E-05	-3.288196E-05	
1.471271E-12	6.552499E-05	-3.359807E-05	
-1.307954E-05	5.921441E-05	-3.288197E-05	
-1.670801E-05	5.335924E-05	-3.212528E-05	
-1.776709E-05	5.098236E-05	-3.179330E-05	
-1.901454E-05	4.623361E-05	-3.106549E-05	
-1.993000E-05	3.304665E-05	-2.855942E-05	
-1.502766E-05	1.502766E-05	-2.289875E-05	
-5.186628E-06	5.024204E-06	-1.655083E-05	
8.094508E-06	4.957967E-06	-1.948374E-05	
3.304666E-05	1.993008E-05	-2.855950E-05	
6.177612E-05	6.177620E-05	-3.106029E-05	
7.401180E-05	1.087186E-04	-2.438970E-05	
7.420713E-05	1.296481E-04	-2.071187E-05	
7.123556E-05	1.409577E-04	-1.860071E-05	
5.761007E-05	1.681212E-04	-1.310401E-05	
1.250112E-11	1.957735E-04	-7.155807E-06	
-5.761006E-05	1.681212E-04	-1.310401E-05	
-7.123559E-05	1.409577E-04	-1.860068E-05	
-7.420719E-05	1.296480E-04	-2.071181E-05	
-7.401182E-05	1.087185E-04	-2.438964E-05	
-6.177611E-05	6.177613E-05	-3.106020E-05	
-3.304665E-05	1.993001E-05	-2.855942E-05	
-8.094503E-06	4.957895E-06	-1.948368E-05	
9.237823E-06	3.966614E-06	-2.082675E-05	
4.623362E-05	1.901461E-05	-3.106559E-05	
1.087186E-04	7.401188E-05	-2.438971E-05	
1.517881E-04	1.517884E-04	2.014930E-05	
1.600204E-04	1.875493E-04	5.233434E-05	
1.551200E-04	2.075760E-04	7.194502E-05	
1.240775E-04	2.583770E-04	1.135619E-04	
4.066410E-11	3.070106E-04	1.434087E-04	
-1.240774E-04	2.583771E-04	1.135618E-04	
-1.551200E-04	2.075761E-04	7.194492E-05	
-1.600204E-04	1.875491E-04	5.233446E-05	
-1.517881E-04	1.517882E-04	2.014939E-05	
-1.087185E-04	7.401183E-05	-2.438963E-05	
-4.623361E-05	1.901455E-05	-3.106551E-05	
-9.237821E-06	3.966531E-06	-2.082668E-05	
9.546491E-06	3.495435E-06	-2.122956E-05	
5.098236E-05	1.776715E-05	-3.179338E-05	
1.296481E-04	7.420720E-05	-2.071191E-05	
1.875491E-04	1.600209E-04	5.233429E-05	
1.985216E-04	1.985219E-04	1.017198E-04	
1.953664E-04	2.203189E-04	1.250331E-04	
1.568501E-04	2.788249E-04	2.054753E-04	
-4.999378E-11	3.330203E-04	2.506701E-04	
-1.568503E-04	2.788251E-04	2.054751E-04	
-1.953665E-04	2.203191E-04	1.250333E-04	
-1.985218E-04	1.985221E-04	1.017195E-04	
-1.875492E-04	1.600206E-04	5.233445E-05	
-1.296481E-04	7.420719E-05	-2.071183E-05	
-5.098244E-05	1.776710E-05	-3.179330E-05	
-9.546523E-06	3.495346E-06	-2.122947E-05	
9.680563E-06	3.210253E-06	-2.141579E-05	
5.335928E-05	1.670808E-05	-3.212525E-05	
1.409577E-04	7.123563E-05	-1.860067E-05	
2.075760E-04	1.551204E-04	7.194506E-05	
2.203191E-04	1.953666E-04	1.250334E-04	
2.164787E-04	2.164786E-04	1.465098E-04	
1.740483E-04	2.647595E-04	2.665966E-04	
1.409918E-12	3.193152E-04	3.177742E-04	
-1.740483E-04	2.647597E-04	2.665966E-04	
-2.164786E-04	2.164787E-04	1.465099E-04	
-2.203189E-04	1.953667E-04	1.250329E-04	
-2.075759E-04	1.551202E-04	7.194497E-05	
-1.409577E-04	7.123559E-05	-1.860069E-05	
-5.335929E-05	1.670803E-05	-3.212528E-05	
-9.680577E-06	3.210163E-06	-2.141580E-05	
9.940524E-06	2.381986E-06	-2.184178E-05	
5.921445E-05	1.307962E-05	-3.288194E-05	
1.681212E-04	5.761014E-05	-1.310397E-05	
2.583771E-04	1.240776E-04	1.135619E-04	
2.788250E-04	1.568503E-04	2.054753E-04	
2.647596E-04	1.740482E-04	2.665967E-04	
2.111812E-04	2.111810E-04	3.392783E-04	
-7.001855E-11	2.523476E-04	4.410173E-04	
-2.111812E-04	2.111812E-04	3.392783E-04	
-2.647596E-04	1.740483E-04	2.665966E-04	
-2.788250E-04	1.568501E-04	2.054750E-04	
-2.583771E-04	1.240775E-04	1.135618E-04	
-1.681212E-04	5.761009E-05	-1.310399E-05	
-5.921447E-05	1.307956E-05	-3.288197E-05	
-9.940522E-06	2.381897E-06	-2.184179E-05	
1.013331E-05	1.008075E-10	-2.226335E-05	
6.552503E-05	6.371407E-11	-3.359807E-05	
1.957736E-04	4.328019E-11	-7.155798E-06	
3.070107E-04	5.026309E-11	1.434088E-04	
3.330203E-04	-2.773249E-11	2.506703E-04	
3.193153E-04	-1.057885E-10	3.177741E-04	
2.523476E-04	-8.559439E-11	4.410172E-04	
-6.360012E-11	-7.418353E-11	5.400858E-04	
-2.523477E-04	-1.000888E-10	4.410172E-04	
-3.193153E-04	-1.307405E-10	3.177741E-04	
-3.330203E-04	-1.456766E-10	2.506701E-04	
-3.070107E-04	1.623289E-11	1.434087E-04	
-1.957736E-04	3.531907E-12	-7.155826E-06	
-6.552503E-05	-7.509983E-12	-3.359808E-05	
-1.013331E-05	4.416946E-12	-2.226333E-05	
9.940538E-06	-2.381778E-06	-2.184181E-05	
5.921450E-05	-1.307950E-05	-3.288196E-05	
1.681213E-04	-5.761005E-05	-1.310396E-05	
2.583772E-04	-1.240775E-04	1.135619E-04	
2.788251E-04	-1.568503E-04	2.054754E-04	
2.647596E-04	-1.740484E-04	2.665965E-04	
2.111811E-04	-2.111812E-04	3.392784E-04	
-5.022513E-11	-2.523477E-04	4.410173E-04	
-2.111812E-04	-2.111814E-04	3.392783E-04	
-2.647598E-04	-1.740484E-04	2.665966E-04	
-2.788253E-04	-1.568505E-04	2.054753E-04	
-2.583773E-04	-1.240775E-04	1.135619E-04	
-1.681213E-04	-5.761009E-05	-1.310398E-05	
-5.921447E-05	-1.307957E-05	-3.288196E-05	
-9.940517E-06	-2.381883E-06	-2.184177E-05	
9.680597E-06	-3.210035E-06	-2.141583E-05	
5.335935E-05	-1.670796E-05	-3.212528E-05	
1.409578E-04	-7.123557E-05	-1.860060E-05	
2.075760E-04	-1.551202E-04	7.194506E-05	
2.203190E-04	-1.953665E-04	1.250335E-04	
2.164786E-04	-2.164787E-04	1.465098E-04	
1.740482E-04	-2.647598E-04	2.665967E-04	
-3.161722E-11	-3.193155E-04	3.177742E-04	
-1.740483E-04	-2.647599E-04	2.665966E-04	
-2.164786E-04	-2.164787E-04	1.465097E-04	
-2.203190E-04	-1.953668E-04	1.250332E-04	
-2.075761E-04	-1.551202E-04	7.194504E-05	
-1.409578E-04	-7.123560E-05	-1.860067E-05	
-5.335930E-05	-1.670802E-05	-3.212527E-05	
-9.680569E-06	-3.210142E-06	-2.141577E-05	
9.546506E-06	-3.495215E-06	-2.122958E-05	
5.098251E-05	-1.776703E-05	-3.179331E-05	
1.296480E-04	-7.420716E-05	-2.071171E-05	
1.875490E-04	-1.600206E-04	5.233460E-05	
1.985220E-04	-1.985218E-04	1.017200E-04	
1.953671E-04	-2.203190E-04	1.250334E-04	
1.568504E-04	-2.788252E-04	2.054754E-04	
-8.863211E-11	-3.330205E-04	2.506700E-04	
-1.568503E-04	-2.788253E-04	2.054752E-04	
-1.953667E-04	-2.203191E-04	1.250331E-04	
-1.985219E-04	-1.985220E-04	1.017198E-04	
-1.875491E-04	-1.600206E-04	5.233462E-05	
-1.296480E-04	-7.420717E-05	-2.071182E-05	
-5.098245E-05	-1.776709E-05	-3.179330E-05	
-9.546488E-06	-3.495321E-06	-2.122951E-05	
9.237856E-06	-3.966420E-06	-2.082666E-05	
4.623369E-05	-1.901450E-05	-3.106550E-05	
1.087186E-04	-7.401180E-05	-2.438968E-05	
1.517882E-04	-1.517882E-04	2.014938E-05	
1.600205E-04	-1.875492E-04	5.233439E-05	
1.551201E-04	-2.075761E-04	7.194490E-05	
1.240775E-04	-2.583773E-04	1.135618E-04	
5.245300E-11	-3.070109E-04	1.434087E-04	
-1.240775E-04	-2.583774E-04	1.135618E-04	
-1.551200E-04	-2.075762E-04	7.194499E-05	
-1.600204E-04	-1.875492E-04	5.233459E-05	
-1.517881E-04	-1.517883E-04	2.014937E-05	
-1.087186E-04	-7.401184E-05	-2.438970E-05	
-4.623365E-05	-1.901455E-05	-3.106557E-05	
-9.237838E-06	-3.966516E-06	-2.082673E-05	
8.094535E-06	-4.957823E-06	-1.948366E-05	
3.304672E-05	-1.992997E-05	-2.855942E-05	
6.177621E-05	-6.177610E-05	-3.106022E-05	
7.401194E-05	-1.087185E-04	-2.438964E-05	
7.420731E-05	-1.296480E-04	-2.071182E-05	
7.123569E-05	-1.409578E-04	-1.860072E-05	
5.761013E-05	-1.681213E-04	-1.310400E-05	
3.881773E-11	-1.957737E-04	-7.155787E-06	
-5.761001E-05	-1.681214E-04	-1.310398E-05	
-7.123546E-05	-1.409579E-04	-1.860065E-05	
-7.420700E-05	-1.296480E-04	-2.071182E-05	
-7.401172E-05	-1.087186E-04	-2.438967E-05	
-6.177613E-05	-6.177616E-05	-3.106027E-05	
-3.304669E-05	-1.993003E-05	-2.855948E-05	
-8.094521E-06	-4.957896E-06	-1.948372E-05	
5.186649E-06	-5.024171E-06	-1.655083E-05	
1.502771E-05	-1.502765E-05	-2.289876E-05	
1.993008E-05	-3.304666E-05	-2.855944E-05	
1.901464E-05	-4.623364E-05	-3.106553E-05	
1.776719E-05	-5.098237E-05	-3.179332E-05	
1.670811E-05	-5.335921E-05	-3.212526E-05	
1.307963E-05	-5.921445E-05	-3.288195E-05	
3.377581E-11	-6.552507E-05	-3.359806E-05	
-1.307955E-05	-5.921453E-05	-3.288195E-05	
-1.670802E-05	-5.335938E-05	-3.212525E-05	
-1.776710E-05	-5.098248E-05	-3.179330E-05	
-1.901456E-05	-4.623364E-05	-3.106555E-05	
-1.993003E-05	-3.304669E-05	-2.855947E-05	
-1.502768E-05	-1.502769E-05	-2.289879E-05	
-5.186638E-06	-5.024216E-06	-1.655087E-05	
2.272748E-06	-2.272728E-06	-1.339465E-05	
5.024230E-06	-5.186630E-06	-1.655085E-05	
4.957913E-06	-8.094522E-06	-1.948369E-05	
3.966534E-06	-9.237852E-06	-2.082670E-05	
3.495341E-06	-9.546469E-06	-2.122952E-05	
3.210169E-06	-9.680495E-06	-2.141578E-05	
2.381919E-06	-9.940491E-06	-2.184177E-05	
3.685466E-11	-1.013331E-05	-2.226333E-05	
-2.381847E-06	-9.940527E-06	-2.184177E-05	
-3.210104E-06	-9.680573E-06	-2.141578E-05	
-3.495282E-06	-9.546493E-06	-2.122953E-05	
-3.966484E-06	-9.237859E-06	-2.082671E-05	
-4.957877E-06	-8.094530E-06	-1.948371E-05	
-5.024206E-06	-5.186642E-06	-1.655086E-05	
-2.272739E-06	-2.272743E-06	-1.339466E-05	
1.589185E-06	1.589203E-06	-1.587335E-05	
3.490806E-06	3.712290E-06	-1.971394E-05	
3.419474E-06	5.719062E-06	-2.317269E-05	
2.720970E-06	6.617642E-06	-2.468871E-05	
2.389189E-06	6.826747E-06	-2.513038E-05	
2.195974E-06	6.919902E-06	-2.533146E-05	
1.625255E-06	7.219259E-06	-2.578611E-05	
-1.384631E-11	7.370429E-06	-2.622701E-05	
-1.625279E-06	7.219250E-06	-2.578613E-05	
-2.195985E-06	6.919865E-06	-2.533148E-05	
-2.389191E-06	6.826749E-06	-2.513029E-05	
-2.720980E-06	6.617626E-06	-2.468862E-05	
-3.419490E-06	5.719040E-06	-2.317260E-05	
-3.490816E-06	3.712271E-06	-1.971387E-05	
-1.589188E-06	1.589186E-06	-1.587329E-05	
3.712272E-06	3.490861E-06	-1.971394E-05	
1.128451E-05	1.128456E-05	-2.948321E-05	
1.544873E-05	2.662528E-05	-4.118519E-05	
1.491284E-05	3.733430E-05	-4.780235E-05	
1.400705E-05	4.133209E-05	-4.998275E-05	
1.316215E-05	4.331986E-05	-5.103581E-05	
1.033458E-05	4.777075E-05	-5.352656E-05	
-5.200341E-12	5.295053E-05	-5.606685E-05	
-1.033459E-05	4.777077E-05	-5.352655E-05	
-1.316215E-05	4.331988E-05	-5.103578E-05	
-1.400705E-05	4.133206E-05	-4.998265E-05	
-1.491284E-05	3.733422E-05	-4.780227E-05	
-1.544874E-05	2.662522E-05	-4.118510E-05	
-1.128451E-05	1.128451E-05	-2.948314E-05	
-3.712271E-06	3.490815E-06	-1.971387E-05	
5.719046E-06	3.419556E-06	-2.317269E-05	
2.662523E-05	1.544882E-05	-4.118518E-05	
5.678475E-05	5.678482E-05	-6.977633E-05	
7.293691E-05	1.182866E-04	-8.945077E-05	
7.400826E-05	1.451982E-04	-9.667265E-05	
7.177650E-05	1.599365E-04	-1.003104E-04	
5.869472E-05	1.988901E-04	-1.089676E-04	
3.572924E-12	2.370749E-04	-1.179995E-04	
-5.869466E-05	1.988901E-04	-1.089676E-04	
-7.177631E-05	1.599365E-04	-1.003104E-04	
-7.400800E-05	1.451984E-04	-9.667258E-05	
-7.293676E-05	1.182865E-04	-8.945069E-05	
-5.678472E-05	5.678475E-05	-6.977623E-05	
-2.662522E-05	1.544875E-05	-4.118510E-05	
-5.719042E-06	3.419494E-06	-2.317262E-05	
6.617629E-06	2.721050E-06	-2.468872E-05	
3.733425E-05	1.491292E-05	-4.780235E-05	
1.182866E-04	7.293694E-05	-8.945078E-05	
2.235440E-04	2.235440E-04	-1.100298E-04	
2.720025E-04	3.647197E-04	-1.099212E-04	
2.557181E-04	4.530769E-04	-1.082573E-04	
1.791188E-04	6.104529E-04	-1.088131E-04	
-2.670421E-11	6.972829E-04	-1.185426E-04	
-1.791188E-04	6.104528E-04	-1.088132E-04	
-2.557180E-04	4.530768E-04	-1.082574E-04	
-2.720024E-04	3.647197E-04	-1.099210E-04	
-2.235440E-04	2.235441E-04	-1.100297E-04	
-1.182865E-04	7.293682E-05	-8.945069E-05	
-3.733422E-05	1.491287E-05	-4.780229E-05	
-6.617624E-06	2.720996E-06	-2.468865E-05	
6.826737E-06	2.389256E-06	-2.513039E-05	
4.133208E-05	1.400711E-05	-4.998277E-05	
1.451983E-04	7.400826E-05	-9.667270E-05	
3.647198E-04	2.720024E-04	-1.099213E-04	
5.102161E-04	5.102163E-04	2.739667E-05	
4.504636E-04	6.647231E-04	1.590290E-04	
2.684933E-04	9.156401E-04	1.777116E-04	
7.018882E-11	1.022582E-03	1.704158E-04	
-2.684930E-04	9.156399E-04	1.777115E-04	
-4.504631E-04	6.647230E-04	1.590290E-04	
-5.102157E-04	5.102159E-04	2.739639E-05	
-3.647197E-04	2.720025E-04	-1.099212E-04	
-1.451983E-04	7.400810E-05	-9.667261E-05	
-4.133210E-05	1.400707E-05	-4.998272E-05	
-6.826766E-06	2.389218E-06	-2.513031E-05	
6.919879E-06	2.196050E-06	-2.533149E-05	
4.331987E-05	1.316222E-05	-5.103576E-05	
1.599365E-04	7.177653E-05	-1.003103E-04	
4.530769E-04	2.557180E-04	-1.082571E-04	
6.647231E-04	4.504639E-04	1.590295E-04	
6.095735E-04	6.095734E-04	4.182007E-04	
3.459129E-04	9.976032E-04	4.614151E-04	
-6.251630E-11	1.061577E-03	4.534704E-04	
-3.459129E-04	9.976030E-04	4.614150E-04	
-6.095734E-04	6.095735E-04	4.182007E-04	
-6.647232E-04	4.504639E-04	1.590290E-04	
-4.530770E-04	2.557181E-04	-1.082573E-04	
-1.599365E-04	7.177639E-05	-1.003104E-04	
-4.331992E-05	1.316217E-05	-5.103577E-05	
-6.919896E-06	2.195999E-06	-2.533148E-05	
7.219253E-06	1.625351E-06	-2.578615E-05	
4.777078E-05	1.033466E-05	-5.352653E-05	
1.988902E-04	5.869478E-05	-1.089676E-04	
6.104530E-04	1.791189E-04	-1.088130E-04	
9.156402E-04	2.684938E-04	1.777116E-04	
9.976032E-04	3.459129E-04	4.614152E-04	
5.660988E-04	5.660988E-04	1.502381E-03	
7.969564E-11	5.802358E-04	1.192984E-03	
-5.660989E-04	5.660987E-04	1.502381E-03	
-9.976034E-04	3.459130E-04	4.614151E-04	
-9.156402E-04	2.684935E-04	1.777114E-04	
-6.104530E-04	1.791189E-04	-1.088131E-04	
-1.988902E-04	5.869472E-05	-1.089676E-04	
-4.777080E-05	1.033460E-05	-5.352655E-05	
-7.219261E-06	1.625278E-06	-2.578615E-05	
7.370435E-06	8.801420E-11	-2.622706E-05	
5.295056E-05	4.878249E-11	-5.606684E-05	
2.370750E-04	3.976633E-11	-1.179994E-04	
6.972831E-04	3.427051E-11	-1.185426E-04	
1.022582E-03	-1.941526E-10	1.704160E-04	
1.061577E-03	-1.328929E-11	4.534704E-04	
5.802360E-04	-6.483641E-11	1.192984E-03	
2.248909E-11	-6.137913E-11	8.524862E-04	
-5.802360E-04	-1.115087E-10	1.192984E-03	
-1.061578E-03	-1.304132E-10	4.534703E-04	
-1.022582E-03	-7.328930E-10	1.704158E-04	
-6.972831E-04	4.942234E-11	-1.185426E-04	
-2.370750E-04	1.743504E-11	-1.179995E-04	
-5.295057E-05	-3.748525E-12	-5.606686E-05	
-7.370439E-06	9.729291E-12	-2.622703E-05	
7.219266E-06	-1.625182E-06	-2.578619E-05	
4.777083E-05	-1.033457E-05	-5.352656E-05	
1.988902E-04	-5.869464E-05	-1.089676E-04	
6.104528E-04	-1.791188E-04	-1.088130E-04	
9.156399E-04	-2.684938E-04	1.777120E-04	
9.976030E-04	-3.459131E-04	4.614151E-04	
5.660988E-04	-5.660989E-04	1.502381E-03	
2.135788E-11	-5.802360E-04	1.192984E-03	
-5.660990E-04	-5.660989E-04	1.502381E-03	
-9.976035E-04	-3.459132E-04	4.614153E-04	
-9.156404E-04	-2.684944E-04	1.777121E-04	
-6.104531E-04	-1.791188E-04	-1.088132E-04	
-1.988902E-04	-5.869472E-05	-1.089676E-04	
-4.777080E-05	-1.033461E-05	-5.352657E-05	
-7.219261E-06	-1.625254E-06	-2.578614E-05	
6.919903E-06	-2.195895E-06	-2.533155E-05	
4.331999E-05	-1.316214E-05	-5.103580E-05	
1.599366E-04	-7.177622E-05	-1.003103E-04	
4.530769E-04	-2.557181E-04	-1.082572E-04	
6.647231E-04	-4.504635E-04	1.590295E-04	
6.095734E-04	-6.095736E-04	4.182007E-04	
3.459128E-04	-9.976032E-04	4.614154E-04	
-1.211240E-10	-1.061577E-03	4.534704E-04	
-3.459132E-04	-9.976032E-04	4.614152E-04	
-6.095738E-04	-6.095738E-04	4.182006E-04	
-6.647235E-04	-4.504638E-04	1.590298E-04	
-4.530773E-04	-2.557181E-04	-1.082574E-04	
-1.599367E-04	-7.177647E-05	-1.003104E-04	
-4.331992E-05	-1.316218E-05	-5.103581E-05	
-6.919896E-06	-2.195967E-06	-2.533148E-05	
6.826781E-06	-2.389109E-06	-2.513037E-05	
4.133212E-05	-1.400704E-05	-4.998266E-05	
1.451985E-04	-7.400784E-05	-9.667249E-05	
3.647198E-04	-2.720025E-04	-1.099207E-04	
5.102158E-04	-5.102160E-04	2.739639E-05	
4.504635E-04	-6.647232E-04	1.590293E-04	
2.684936E-04	-9.156401E-04	1.777120E-04	
1.656666E-10	-1.022582E-03	1.704158E-04	
-2.684935E-04	-9.156401E-04	1.777116E-04	
-4.504639E-04	-6.647234E-04	1.590290E-04	
-5.102163E-04	-5.102159E-04	2.739645E-05	
-3.647200E-04	-2.720025E-04	-1.099209E-04	
-1.451985E-04	-7.400821E-05	-9.667262E-05	
-4.133207E-05	-1.400707E-05	-4.998267E-05	
-6.826763E-06	-2.389182E-06	-2.513029E-05	
6.617669E-06	-2.720903E-06	-2.468860E-05	
3.733429E-05	-1.491283E-05	-4.780226E-05	
1.182866E-04	-7.293666E-05	-8.945069E-05	
2.235442E-04	-2.235440E-04	-1.100297E-04	
2.720026E-04	-3.647198E-04	-1.099211E-04	
2.557182E-04	-4.530770E-04	-1.082573E-04	
1.791189E-04	-6.104530E-04	-1.088131E-04	
3.869011E-11	-6.972831E-04	-1.185426E-04	
-1.791188E-04	-6.104530E-04	-1.088132E-04	
-2.557182E-04	-4.530771E-04	-1.082573E-04	
-2.720027E-04	-3.647199E-04	-1.099209E-04	
-2.235441E-04	-2.235441E-04	-1.100297E-04	
-1.182866E-04	-7.293690E-05	-8.945073E-05	
-3.733428E-05	-1.491287E-05	-4.780233E-05	
-6.617646E-06	-2.720969E-06	-2.468869E-05	
5.719074E-06	-3.419431E-06	-2.317260E-05	
2.662530E-05	-1.544872E-05	-4.118510E-05	
5.678483E-05	-5.678472E-05	-6.977623E-05	
7.293692E-05	-1.182865E-04	-8.945069E-05	
7.400820E-05	-1.451985E-04	-9.667263E-05	
7.177648E-05	-1.599366E-04	-1.003104E-04	
5.869476E-05	-1.988903E-04	-1.089676E-04	
3.212488E-11	-2.370750E-04	-1.179994E-04	
-5.869471E-05	-1.988903E-04	-1.089677E-04	
-7.177645E-05	-1.599367E-04	-1.003104E-04	
-7.400819E-05	-1.451984E-04	-9.667264E-05	
-7.293688E-05	-1.182866E-04	-8.945068E-05	
-5.678477E-05	-5.678478E-05	-6.977627E-05	
-2.662526E-05	-1.544877E-05	-4.118515E-05	
-5.719060E-06	-3.419483E-06	-2.317266E-05	
3.712291E-06	-3.490785E-06	-1.971387E-05	
1.128456E-05	-1.128451E-05	-2.948315E-05	
1.544882E-05	-2.662525E-05	-4.118512E-05	
1.491295E-05	-3.733427E-05	-4.780230E-05	
1.400716E-05	-4.133213E-05	-4.998271E-05	
1.316225E-05	-4.331990E-05	-5.103577E-05	
1.033466E-05	-4.777080E-05	-5.352654E-05	
2.386324E-11	-5.295060E-05	-5.606684E-05	
-1.033462E-05	-4.777086E-05	-5.352655E-05	
-1.316223E-05	-4.331998E-05	-5.103578E-05	
-1.400714E-05	-4.133210E-05	-4.998266E-05	
-1.491291E-05	-3.733428E-05	-4.780231E-05	
-1.544877E-05	-2.662527E-05	-4.118514E-05	
-1.128453E-05	-1.128454E-05	-2.948318E-05	
-3.712281E-06	-3.490821E-06	-1.971391E-05	
1.589198E-06	-1.589179E-06	-1.587330E-05	
3.490837E-06	-3.712274E-06	-1.971389E-05	
3.419507E-06	-5.719062E-06	-2.317264E-05	
2.720986E-06	-6.617664E-06	-2.468866E-05	
2.389192E-06	-6.826771E-06	-2.513032E-05	
2.195984E-06	-6.919849E-06	-2.533149E-05	
1.625286E-06	-7.219240E-06	-2.578614E-05	
3.030954E-11	-7.370441E-06	-2.622704E-05	
-1.625230E-06	-7.219263E-06	-2.578615E-05	
-2.195939E-06	-6.919892E-06	-2.533150E-05	
-2.389151E-06	-6.826770E-06	-2.513032E-05	
-2.720946E-06	-6.617666E-06	-2.468866E-05	
-3.419472E-06	-5.719068E-06	-2.317265E-05	
-3.490814E-06	-3.712284E-06	-1.971390E-05	
-1.589190E-06	-1.589192E-06	-1.587332E-05	
-8.009723E-12	8.186553E-12	-1.651545E-05	
-2.232575E-11	5.900737E-12	-2.054200E-05	
-3.202509E-11	1.495513E-12	-2.413617E-05	
-3.911231E-11	-1.905967E-12	-2.571086E-05	
-4.284367E-11	4.925323E-13	-2.616862E-05	
-4.200205E-11	9.444976E-12	-2.637710E-05	
-3.852515E-11	3.729941E-12	-2.685002E-05	
-3.407415E-11	4.216365E-12	-2.730575E-05	
-3.154229E-11	1.007282E-11	-2.685004E-05	
-3.123325E-11	7.203772E-12	-2.637711E-05	
-3.157537E-11	-9.247164E-12	-2.616854E-05	
-2.855165E-11	-2.672569E-11	-2.571076E-05	
-1.959627E-11	-1.986691E-11	-2.413608E-05	
-7.911992E-12	-8.545071E-12	-2.054193E-05	
-1.093598E-12	-1.829803E-12	-1.651538E-05	
-9.449607E-12	2.622272E-11	-2.054201E-05	
-2.866716E-11	2.092185E-11	-3.141320E-05	
-4.475302E-11	1.264198E-11	-4.513410E-05	
-5.558780E-11	1.095496E-11	-5.298695E-05	
-5.985752E-11	-5.643429E-12	-5.558956E-05	
-5.551109E-11	-1.394631E-11	-5.684730E-05	
-4.434467E-11	-2.553635E-11	-5.981131E-05	
-1.525944E-11	-1.982909E-11	-6.285718E-05	
1.529701E-11	-1.874712E-11	-5.981131E-05	
2.615972E-11	-1.701882E-11	-5.684730E-05	
2.866309E-11	-3.360794E-11	-5.558952E-05	
2.537912E-11	-4.234734E-11	-5.298685E-05	
1.649973E-11	-3.261209E-11	-4.513401E-05	
1.013000E-11	-1.782277E-11	-3.141312E-05	
4.588340E-12	-1.941275E-12	-2.054193E-05	
-9.231291E-12	4.326696E-11	-2.413619E-05	
-3.373125E-11	3.885026E-11	-4.513411E-05	
-5.065608E-11	1.938042E-11	-8.474870E-05	
-4.730401E-11	8.427111E-12	-1.190572E-04	
-4.257163E-11	5.240635E-12	-1.325980E-04	
-4.523544E-11	-3.549105E-11	-1.396321E-04	
-4.151098E-11	-6.995440E-11	-1.569028E-04	
-5.651852E-12	-7.577922E-11	-1.750447E-04	
3.221724E-11	-7.611156E-11	-1.569028E-04	
4.192368E-11	-6.501410E-11	-1.396321E-04	
4.442431E-11	-7.543755E-11	-1.325979E-04	
4.160380E-11	-2.980391E-11	-1.190570E-04	
2.602461E-11	-1.889235E-11	-8.474858E-05	
2.084333E-11	-2.405160E-11	-4.513402E-05	
1.375206E-11	1.613026E-12	-2.413609E-05	
-4.744563E-12	5.550459E-11	-2.571089E-05	
-3.828517E-11	5.918918E-11	-5.298695E-05	
-5.675121E-11	1.031344E-11	-1.190572E-04	
-6.528174E-11	1.806971E-11	-2.068382E-04	
-7.859041E-11	-7.243969E-11	-2.543413E-04	
-7.515998E-11	-1.531916E-11	-2.815836E-04	
-8.150097E-11	-7.841420E-11	-3.423282E-04	
-2.114868E-11	-1.281102E-10	-3.932164E-04	
5.264357E-11	-1.054164E-10	-3.423283E-04	
6.337769E-11	-8.066239E-11	-2.815837E-04	
5.988711E-11	-4.602265E-12	-2.543413E-04	
5.294615E-11	-2.658074E-11	-2.068380E-04	
2.164889E-11	-1.600897E-12	-1.190570E-04	
1.898938E-11	-3.724769E-11	-5.298687E-05	
2.284523E-11	2.246847E-12	-2.571078E-05	
-3.477651E-12	6.079607E-11	-2.616864E-05	
-2.407430E-11	7.121949E-11	-5.558958E-05	
-4.074358E-11	4.184397E-12	-1.325980E-04	
-2.817950E-11	4.517197E-11	-2.543413E-04	
9.596349E-11	-2.647846E-11	-2.543413E-04	
3.907944E-11	1.047098E-11	-1.325978E-04	
-6.016765E-12	-4.537296E-11	-5.558950E-05	
7.563224E-12	7.777498E-13	-2.616854E-05	
-1.940805E-11	6.009604E-11	-2.637710E-05	
-1.044001E-11	6.568296E-11	-5.684726E-05	
-3.227744E-11	1.322882E-11	-1.396320E-04	
-6.261295E-11	3.488533E-11	-2.815836E-04	
-4.607689E-11	-1.852308E-11	6.613684E-04	
-6.227873E-12	-7.970950E-11	5.231808E-04	
2.080828E-11	-1.598924E-10	4.451736E-04	
4.066714E-11	-1.405841E-10	5.231807E-04	
6.913017E-11	-6.336822E-11	6.613683E-04	
2.939624E-11	-2.280818E-11	-2.815837E-04	
1.833620E-11	1.084450E-11	-1.396321E-04	
-1.610405E-11	-3.841875E-11	-5.684730E-05	
-3.162644E-11	1.038868E-12	-2.637713E-05	
-1.371160E-11	5.784462E-11	-2.685003E-05	
-2.004843E-11	5.483320E-11	-5.981127E-05	
-2.411989E-11	2.587190E-11	-1.569027E-04	
-4.256179E-11	2.898099E-11	-3.423282E-04	
-6.089596E-11	-1.756329E-11	5.231808E-04	
8.375954E-11	-1.383443E-11	5.231806E-04	
3.100586E-11	2.815391E-12	-3.423283E-04	
7.989632E-12	1.297269E-11	-1.569028E-04	
-1.339137E-11	-2.427175E-11	-5.981132E-05	
-1.684333E-11	2.673392E-12	-2.685006E-05	
-9.546177E-12	5.339489E-11	-2.730578E-05	
-1.082193E-11	4.178104E-11	-6.285716E-05	
-2.488802E-12	3.108293E-11	-1.750447E-04	
-7.099206E-12	3.728524E-11	-3.932165E-04	
4.134960E-14	-2.062883E-11	4.451736E-04	
-2.132308E-11	4.793369E-11	4.451735E-04	
-1.703344E-11	1.953262E-11	-3.932166E-04	
-9.067306E-12	9.543264E-12	-1.750447E-04	
-8.876356E-12	-4.373943E-12	-6.285720E-05	
-8.506164E-12	8.805729E-12	-2.730579E-05	
-3.679099E-12	4.809654E-11	-2.685007E-05	
4.604126E-12	3.088497E-11	-5.981132E-05	
1.745173E-11	3.163191E-11	-1.569027E-04	
4.087586E-11	3.299375E-11	-3.423282E-04	
7.002110E-11	-5.228120E-11	5.231808E-04	
-7.028195E-11	1.723450E-11	5.231808E-04	
-2.274952E-11	1.092604E-12	-3.423283E-04	
-6.114706E-12	3.627493E-12	-1.569028E-04	
-8.241250E-12	1.167477E-11	-5.981134E-05	
-6.453687E-12	1.813091E-11	-2.685006E-05	
6.411494E-12	4.357268E-11	-2.637716E-05	
2.460762E-11	2.487020E-11	-5.684731E-05	
2.289959E-11	2.593933E-11	-1.396321E-04	
5.082831E-11	6.641097E-12	-2.815836E-04	
5.425938E-11	-2.105957E-11	6.613684E-04	
4.090598E-11	-1.122244E-10	5.231808E-04	
6.241570E-11	-1.335117E-10	4.451735E-04	
-2.998098E-11	-1.618783E-10	5.231808E-04	
-4.138055E-11	-7.149269E-11	6.613683E-04	
1.632419E-11	-6.008179E-12	-2.815837E-04	
-1.029467E-11	3.045759E-12	-1.396321E-04	
-5.916471E-12	1.506411E-11	-5.684732E-05	
-5.754463E-12	2.605524E-11	-2.637714E-05	
1.227900E-11	4.112278E-11	-2.616860E-05	
2.605789E-11	2.150849E-11	-5.558954E-05	
2.525925E-11	2.100614E-11	-1.325979E-04	
1.095254E-10	-1.555171E-11	-2.543413E-04	
7.072293E-11	2.122868E-12	-2.543414E-04	
1.801811E-11	2.841539E-12	-1.325980E-04	
-4.988730E-12	1.539520E-11	-5.558953E-05	
2.982466E-13	3.000378E-11	-2.616856E-05	
1.396535E-11	3.871213E-11	-2.571076E-05	
2.772117E-11	2.224662E-11	-5.298685E-05	
4.740345E-11	2.087048E-11	-1.190570E-04	
6.213837E-11	-4.509946E-12	-2.068380E-04	
6.039387E-11	8.371072E-11	-2.543412E-04	
6.919332E-11	-3.931442E-11	-2.815836E-04	
6.188637E-11	-7.501307E-11	-3.423282E-04	
2.056526E-11	-1.036780E-10	-3.932165E-04	
-1.618462E-11	-1.003774E-10	-3.423282E-04	
-3.501875E-11	-9.101222E-11	-2.815837E-04	
-4.772805E-11	-1.228061E-10	-2.543414E-04	
-3.601736E-11	-7.908686E-12	-2.068381E-04	
-1.946489E-11	2.123700E-13	-1.190571E-04	
-6.859597E-12	1.338936E-11	-5.298692E-05	
1.450922E-12	2.334357E-11	-2.571081E-05	
1.222017E-11	3.228034E-11	-2.413608E-05	
3.037246E-11	2.132391E-11	-4.513402E-05	
4.535397E-11	1.509388E-11	-8.474860E-05	
5.923066E-11	6.035338E-12	-1.190571E-04	
6.447247E-11	-1.078861E-11	-1.325979E-04	
5.893902E-11	-4.912802E-11	-1.396320E-04	
4.511632E-11	-4.748489E-11	-1.569028E-04	
1.686568E-11	-6.216428E-11	-1.750447E-04	
-1.051184E-11	-5.876691E-11	-1.569028E-04	
-1.596157E-11	-4.489132E-11	-1.396321E-04	
-1.484039E-11	-4.147288E-11	-1.325979E-04	
-1.600573E-11	-1.457787E-11	-1.190571E-04	
-1.358803E-11	-5.688873E-12	-8.474865E-05	
-4.121815E-12	6.624838E-12	-4.513407E-05	
1.096028E-12	1.054083E-11	-2.413613E-05	
8.952631E-12	2.071752E-11	-2.054194E-05	
2.410085E-11	1.319698E-11	-3.141313E-05	
3.401853E-11	2.207212E-12	-4.513404E-05	
4.209372E-11	-7.561325E-12	-5.298690E-05	
4.651382E-11	-2.108083E-11	-5.558953E-05	
4.215599E-11	-4.876021E-12	-5.684729E-05	
3.230347E-11	-5.977859E-12	-5.981130E-05	
1.609036E-11	-1.773120E-11	-6.285718E-05	
2.018174E-12	-2.193906E-11	-5.981131E-05	
-3.999397E-12	-2.278454E-11	-5.684728E-05	
-6.828901E-12	-1.460474E-11	-5.558952E-05	
-4.213180E-12	-1.021407E-11	-5.298692E-05	
-3.678802E-13	-6.978612E-12	-4.513407E-05	
1.639312E-12	-7.019165E-14	-3.141317E-05	
1.257815E-12	2.266857E-12	-2.054197E-05	
6.347856E-12	6.626712E-12	-1.651539E-05	
1.447979E-11	3.367775E-12	-2.054195E-05	
1.319269E-11	-2.379961E-12	-2.413611E-05	
5.659255E-12	-8.386412E-12	-2.571080E-05	
8.686173E-13	-5.120480E-12	-2.616855E-05	
2.606896E-12	1.315379E-11	-2.637712E-05	
8.358824E-12	9.281645E-12	-2.685005E-05	
1.417600E-11	1.754007E-12	-2.730578E-05	
1.712298E-11	-1.526642E-12	-2.685006E-05	
1.903599E-11	-1.877856E-12	-2.637713E-05	
2.018921E-11	-4.464997E-12	-2.616857E-05	
1.715091E-11	-4.779507E-12	-2.571081E-05	
1.098325E-11	-3.010279E-12	-2.413612E-05	
5.712284E-12	-9.333106E-13	-2.054197E-05	
1.757711E-12	-9.404688E-14	-1.651542E-05	
-1.589199E-06	-1.589185E-06	-1.587335E-05	
-3.490845E-06	-3.712277E-06	-1.971393E-05	
-3.419525E-06	-5.719059E-06	-2.317268E-05	
-2.721007E-06	-6.617652E-06	-2.468869E-05	
-2.389211E-06	-6.826751E-06	-2.513038E-05	
-2.196006E-06	-6.919871E-06	-2.533148E-05	
-1.625311E-06	-7.219239E-06	-2.578614E-05	
-5.715882E-11	-7.370421E-06	-2.622702E-05	
1.625194E-06	-7.219234E-06	-2.578615E-05	
2.195890E-06	-6.919860E-06	-2.533149E-05	
2.389100E-06	-6.826780E-06	-2.513030E-05	
2.720904E-06	-6.617686E-06	-2.468860E-05	
3.419446E-06	-5.719081E-06	-2.317259E-05	
3.490800E-06	-3.712288E-06	-1.971386E-05	
1.589186E-06	-1.589190E-06	-1.587329E-05	
-3.712289E-06	-3.490808E-06	-1.971394E-05	
-1.128456E-05	-1.128452E-05	-2.948321E-05	
-1.544881E-05	-2.662526E-05	-4.118518E-05	
-1.491295E-05	-3.733428E-05	-4.780234E-05	
-1.400717E-05	-4.133212E-05	-4.998275E-05	
-1.316227E-05	-4.331990E-05	-5.103579E-05	
-1.033468E-05	-4.777079E-05	-5.352655E-05	
-2.746205E-11	-5.295057E-05	-5.606685E-05	
1.033463E-05	-4.777081E-05	-5.352655E-05	
1.316223E-05	-4.331990E-05	-5.103577E-05	
1.400714E-05	-4.133214E-05	-4.998266E-05	
1.491291E-05	-3.733430E-05	-4.780225E-05	
1.544877E-05	-2.662528E-05	-4.118509E-05	
1.128453E-05	-1.128454E-05	-2.948313E-05	
3.712282E-06	-3.490815E-06	-1.971387E-05	
-5.719062E-06	-3.419480E-06	-2.317271E-05	
-2.662528E-05	-1.544875E-05	-4.118519E-05	
-5.678483E-05	-5.678477E-05	-6.977630E-05	
-7.293698E-05	-1.182866E-04	-8.945073E-05	
-7.400832E-05	-1.451984E-04	-9.667263E-05	
-7.177656E-05	-1.599366E-04	-1.003104E-04	
-5.869478E-05	-1.988903E-04	-1.089676E-04	
-2.766859E-11	-2.370750E-04	-1.179994E-04	
5.869470E-05	-1.988903E-04	-1.089676E-04	
7.177640E-05	-1.599366E-04	-1.003104E-04	
7.400812E-05	-1.451985E-04	-9.667259E-05	
7.293684E-05	-1.182866E-04	-8.945063E-05	
5.678476E-05	-5.678477E-05	-6.977620E-05	
2.662527E-05	-1.544879E-05	-4.118509E-05	
5.719072E-06	-3.419475E-06	-2.317260E-05	
-6.617638E-06	-2.720977E-06	-2.468875E-05	
-3.733430E-05	-1.491286E-05	-4.780237E-05	
-1.182866E-04	-7.293695E-05	-8.945072E-05	
-2.235441E-04	-2.235441E-04	-1.100298E-04	
-2.720027E-04	-3.647199E-04	-1.099211E-04	
-2.557182E-04	-4.530772E-04	-1.082573E-04	
-1.791188E-04	-6.104531E-04	-1.088131E-04	
-2.745266E-11	-6.972831E-04	-1.185425E-04	
1.791188E-04	-6.104532E-04	-1.088131E-04	
2.557182E-04	-4.530771E-04	-1.082573E-04	
2.720026E-04	-3.647199E-04	-1.099209E-04	
2.235441E-04	-2.235441E-04	-1.100297E-04	
1.182866E-04	-7.293678E-05	-8.945065E-05	
3.733426E-05	-1.491293E-05	-4.780227E-05	
6.617684E-06	-2.720933E-06	-2.468861E-05	
-6.826754E-06	-2.389195E-06	-2.513042E-05	
-4.133207E-05	-1.400707E-05	-4.998280E-05	
-1.451983E-04	-7.400833E-05	-9.667261E-05	
-3.647200E-04	-2.720026E-04	-1.099212E-04	
-5.102165E-04	-5.102161E-04	2.739623E-05	
-4.504640E-04	-6.647236E-04	1.590290E-04	
-2.684938E-04	-9.156404E-04	1.777118E-04	
-2.548379E-10	-1.022582E-03	1.704159E-04	
2.684934E-04	-9.156406E-04	1.777113E-04	
4.504635E-04	-6.647232E-04	1.590290E-04	
5.102159E-04	-5.102160E-04	2.739659E-05	
3.647198E-04	-2.720027E-04	-1.099210E-04	
1.451984E-04	-7.400801E-05	-9.667258E-05	
4.133208E-05	-1.400716E-05	-4.998269E-05	
6.826741E-06	-2.389121E-06	-2.513028E-05	
-6.919896E-06	-2.195980E-06	-2.533145E-05	
-4.331986E-05	-1.316217E-05	-5.103573E-05	
-1.599365E-04	-7.177656E-05	-1.003103E-04	
-4.530771E-04	-2.557181E-04	-1.082572E-04	
-6.647232E-04	-4.504636E-04	1.590295E-04	
-6.095737E-04	-6.095738E-04	4.182006E-04	
-3.459132E-04	-9.976034E-04	4.614151E-04	
6.947226E-11	-1.061577E-03	4.534704E-04	
3.459130E-04	-9.976035E-04	4.614152E-04	
6.095733E-04	-6.095736E-04	4.182007E-04	
6.647230E-04	-4.504636E-04	1.590299E-04	
4.530769E-04	-2.557182E-04	-1.082573E-04	
1.599366E-04	-7.177632E-05	-1.003104E-04	
4.331992E-05	-1.316224E-05	-5.103580E-05	
6.919824E-06	-2.195922E-06	-2.533153E-05	
-7.219252E-06	-1.625263E-06	-2.578612E-05	
-4.777077E-05	-1.033460E-05	-5.352651E-05	
-1.988902E-04	-5.869476E-05	-1.089675E-04	
-6.104530E-04	-1.791189E-04	-1.088130E-04	
-9.156402E-04	-2.684936E-04	1.777114E-04	
-9.976033E-04	-3.459131E-04	4.614152E-04	
-5.660989E-04	-5.660989E-04	1.502381E-03	
-7.545798E-11	-5.802360E-04	1.192984E-03	
5.660988E-04	-5.660989E-04	1.502381E-03	
9.976032E-04	-3.459130E-04	4.614152E-04	
9.156400E-04	-2.684938E-04	1.777118E-04	
6.104529E-04	-1.791189E-04	-1.088132E-04	
1.988902E-04	-5.869468E-05	-1.089676E-04	
4.777078E-05	-1.033464E-05	-5.352657E-05	
7.219221E-06	-1.625238E-06	-2.578619E-05	
-7.370426E-06	1.327120E-11	-2.622703E-05	
-5.295054E-05	9.719315E-12	-5.606683E-05	
-2.370749E-04	-1.297598E-11	-1.179994E-04	
-6.972830E-04	1.019144E-11	-1.185425E-04	
-1.022582E-03	6.228332E-11	1.704157E-04	
-1.061577E-03	-3.195237E-11	4.534704E-04	
-5.802360E-04	5.046845E-11	1.192984E-03	
2.370327E-11	2.866775E-11	8.524863E-04	
5.802360E-04	7.499942E-11	1.192984E-03	
1.061577E-03	9.701784E-11	4.534704E-04	
1.022582E-03	-3.515464E-11	1.704155E-04	
6.972830E-04	-3.920665E-11	-1.185427E-04	
2.370750E-04	-5.469781E-12	-1.179995E-04	
5.295055E-05	-5.638026E-12	-5.606688E-05	
7.370417E-06	6.389181E-12	-2.622707E-05	
-7.219230E-06	1.625281E-06	-2.578616E-05	
-4.777074E-05	1.033460E-05	-5.352655E-05	
-1.988902E-04	5.869471E-05	-1.089676E-04	
-6.104529E-04	1.791189E-04	-1.088132E-04	
-9.156400E-04	2.684935E-04	1.777116E-04	
-9.976030E-04	3.459129E-04	4.614153E-04	
-5.660988E-04	5.660988E-04	1.502381E-03	
-7.959942E-11	5.802359E-04	1.192984E-03	
5.660989E-04	5.660989E-04	1.502381E-03	
9.976034E-04	3.459131E-04	4.614151E-04	
9.156402E-04	2.684940E-04	1.777115E-04	
6.104530E-04	1.791188E-04	-1.088132E-04	
1.988902E-04	5.869471E-05	-1.089677E-04	
4.777078E-05	1.033463E-05	-5.352659E-05	
7.219228E-06	1.625253E-06	-2.578619E-05	
-6.919852E-06	2.195982E-06	-2.533151E-05	
-4.331984E-05	1.316216E-05	-5.103577E-05	
-1.599365E-04	7.177643E-05	-1.003103E-04	
-4.530769E-04	2.557181E-04	-1.082573E-04	
-6.647230E-04	4.504633E-04	1.590292E-04	
-6.095735E-04	6.095734E-04	4.182009E-04	
-3.459130E-04	9.976030E-04	4.614152E-04	
8.846094E-11	1.061577E-03	4.534703E-04	
3.459131E-04	9.976034E-04	4.614153E-04	
6.095736E-04	6.095738E-04	4.182006E-04	
6.647232E-04	4.504641E-04	1.590290E-04	
4.530770E-04	2.557182E-04	-1.082573E-04	
1.599366E-04	7.177643E-05	-1.003105E-04	
4.331990E-05	1.316225E-05	-5.103584E-05	
6.919845E-06	2.195946E-06	-2.533155E-05	
-6.826729E-06	2.389188E-06	-2.513035E-05	
-4.133204E-05	1.400705E-05	-4.998264E-05	
-1.451983E-04	7.400815E-05	-9.667253E-05	
-3.647199E-04	2.720025E-04	-1.099208E-04	
-5.102163E-04	5.102158E-04	2.739649E-05	
-4.504634E-04	6.647231E-04	1.590293E-04	
-2.684934E-04	9.156398E-04	1.777116E-04	
-1.249029E-10	1.022582E-03	1.704158E-04	
2.684936E-04	9.156403E-04	1.777119E-04	
4.504635E-04	6.647234E-04	1.590292E-04	
5.102160E-04	5.102163E-04	2.739614E-05	
3.647199E-04	2.720027E-04	-1.099209E-04	
1.451984E-04	7.400816E-05	-9.667270E-05	
4.133208E-05	1.400718E-05	-4.998270E-05	
6.826750E-06	2.389150E-06	-2.513035E-05	
-6.617635E-06	2.720981E-06	-2.468861E-05	
-3.733425E-05	1.491286E-05	-4.780228E-05	
-1.182865E-04	7.293686E-05	-8.945072E-05	
-2.235440E-04	2.235440E-04	-1.100298E-04	
-2.720025E-04	3.647197E-04	-1.099210E-04	
-2.557181E-04	4.530769E-04	-1.082573E-04	
-1.791188E-04	6.104527E-04	-1.088132E-04	
-5.306406E-11	6.972829E-04	-1.185427E-04	
1.791188E-04	6.104531E-04	-1.088132E-04	
2.557182E-04	4.530771E-04	-1.082574E-04	
2.720026E-04	3.647199E-04	-1.099210E-04	
2.235441E-04	2.235441E-04	-1.100297E-04	
1.182866E-04	7.293686E-05	-8.945069E-05	
3.733427E-05	1.491294E-05	-4.780230E-05	
6.617668E-06	2.720950E-06	-2.468863E-05	
-5.719049E-06	3.419499E-06	-2.317260E-05	
-2.662523E-05	1.544877E-05	-4.118510E-05	
-5.678473E-05	5.678477E-05	-6.977624E-05	
-7.293680E-05	1.182865E-04	-8.945070E-05	
-7.400807E-05	1.451983E-04	-9.667258E-05	
-7.177635E-05	1.599365E-04	-1.003104E-04	
-5.869466E-05	1.988902E-04	-1.089676E-04	
3.324610E-12	2.370749E-04	-1.179995E-04	
5.869470E-05	1.988902E-04	-1.089677E-04	
7.177641E-05	1.599366E-04	-1.003104E-04	
7.400813E-05	1.451984E-04	-9.667267E-05	
7.293685E-05	1.182866E-04	-8.945072E-05	
5.678476E-05	5.678476E-05	-6.977628E-05	
2.662526E-05	1.544878E-05	-4.118514E-05	
5.719066E-06	3.419480E-06	-2.317263E-05	
-3.712273E-06	3.490827E-06	-1.971387E-05	
-1.128451E-05	1.128453E-05	-2.948315E-05	
-1.544875E-05	2.662525E-05	-4.118512E-05	
-1.491289E-05	3.733425E-05	-4.780230E-05	
-1.400713E-05	4.133207E-05	-4.998272E-05	
-1.316222E-05	4.331988E-05	-5.103578E-05	
-1.033462E-05	4.777077E-05	-5.352655E-05	
6.838754E-12	5.295054E-05	-5.606686E-05	
1.033463E-05	4.777077E-05	-5.352657E-05	
1.316224E-05	4.331989E-05	-5.103579E-05	
1.400716E-05	4.133208E-05	-4.998266E-05	
1.491293E-05	3.733426E-05	-4.780233E-05	
1.544878E-05	2.662526E-05	-4.118515E-05	
1.128454E-05	1.128453E-05	-2.948318E-05	
3.712283E-06	3.490818E-06	-1.971390E-05	
-1.589185E-06	1.589193E-06	-1.587330E-05	
-3.490806E-06	3.712281E-06	-1.971388E-05	
-3.419473E-06	5.719057E-06	-2.317263E-05	
-2.720951E-06	6.617655E-06	-2.468864E-05	
-2.389153E-06	6.826762E-06	-2.513029E-05	
-2.195943E-06	6.919857E-06	-2.533150E-05	
-1.625242E-06	7.219233E-06	-2.578616E-05	
1.005583E-11	7.370418E-06	-2.622705E-05	
1.625261E-06	7.219225E-06	-2.578617E-05	
2.195957E-06	6.919843E-06	-2.533152E-05	
2.389162E-06	6.826737E-06	-2.513033E-05	
2.720960E-06	6.617664E-06	-2.468865E-05	
3.419487E-06	5.719063E-06	-2.317264E-05	
3.490822E-06	3.712281E-06	-1.971390E-05	
1.589191E-06	1.589190E-06	-1.587332E-05	
-2.272752E-06	-2.272739E-06	-1.339469E-05	
-5.024244E-06	-5.186637E-06	-1.655089E-05	
-4.957937E-06	-8.094523E-06	-1.948373E-05	
-3.966562E-06	-9.237848E-06	-2.082673E-05	
-3.495371E-06	-9.546500E-06	-2.122955E-05	
-3.210194E-06	-9.680535E-06	-2.141577E-05	
-2.381938E-06	-9.940493E-06	-2.184177E-05	
-6.452787E-11	-1.013328E-05	-2.226332E-05	
2.381802E-06	-9.940475E-06	-2.184178E-05	
3.210049E-06	-9.680518E-06	-2.141579E-05	
3.495225E-06	-9.546483E-06	-2.122954E-05	
3.966432E-06	-9.237881E-06	-2.082665E-05	
4.957839E-06	-8.094543E-06	-1.948366E-05	
5.024186E-06	-5.186645E-06	-1.655083E-05	
2.272734E-06	-2.272740E-06	-1.339464E-05	
-5.186648E-06	-5.024213E-06	-1.655089E-05	
-1.502771E-05	-1.502768E-05	-2.289882E-05	
-1.993008E-05	-3.304668E-05	-2.855949E-05	
-1.901462E-05	-4.623364E-05	-3.106557E-05	
-1.776717E-05	-5.098242E-05	-3.179335E-05	
-1.670809E-05	-5.335929E-05	-3.212527E-05	
-1.307962E-05	-5.921446E-05	-3.288195E-05	
-3.364036E-11	-6.552501E-05	-3.359807E-05	
1.307957E-05	-5.921444E-05	-3.288196E-05	
1.670805E-05	-5.335927E-05	-3.212528E-05	
1.776714E-05	-5.098241E-05	-3.179329E-05	
1.901458E-05	-4.623367E-05	-3.106548E-05	
1.993002E-05	-3.304671E-05	-2.855941E-05	
1.502768E-05	-1.502769E-05	-2.289875E-05	
5.186638E-06	-5.024204E-06	-1.655083E-05	
-8.094524E-06	-4.957907E-06	-1.948375E-05	
-3.304671E-05	-1.993002E-05	-2.855950E-05	
-6.177620E-05	-6.177614E-05	-3.106027E-05	
-7.401186E-05	-1.087186E-04	-2.438966E-05	
-7.420717E-05	-1.296482E-04	-2.071184E-05	
-7.123559E-05	-1.409578E-04	-1.860071E-05	
-5.761011E-05	-1.681213E-04	-1.310398E-05	
-3.134107E-11	-1.957736E-04	-7.155791E-06	
5.761005E-05	-1.681213E-04	-1.310397E-05	
7.123555E-05	-1.409578E-04	-1.860064E-05	
7.420713E-05	-1.296480E-04	-2.071175E-05	
7.401180E-05	-1.087185E-04	-2.438961E-05	
6.177613E-05	-6.177614E-05	-3.106020E-05	
3.304669E-05	-1.993004E-05	-2.855942E-05	
8.094535E-06	-4.957869E-06	-1.948366E-05	
-9.237840E-06	-3.966548E-06	-2.082676E-05	
-4.623365E-05	-1.901455E-05	-3.106559E-05	
-1.087186E-04	-7.401178E-05	-2.438965E-05	
-1.517882E-04	-1.517883E-04	2.014940E-05	
-1.600204E-04	-1.875493E-04	5.233443E-05	
-1.551201E-04	-2.075761E-04	7.194501E-05	
-1.240775E-04	-2.583772E-04	1.135619E-04	
-4.859944E-11	-3.070107E-04	1.434088E-04	
1.240774E-04	-2.583773E-04	1.135619E-04	
1.551201E-04	-2.075761E-04	7.194507E-05	
1.600205E-04	-1.875491E-04	5.233458E-05	
1.517882E-04	-1.517882E-04	2.014944E-05	
1.087185E-04	-7.401177E-05	-2.438964E-05	
4.623364E-05	-1.901461E-05	-3.106550E-05	
9.237877E-06	-3.966474E-06	-2.082666E-05	
-9.546514E-06	-3.495366E-06	-2.122958E-05	
-5.098241E-05	-1.776709E-05	-3.179339E-05	
-1.296482E-04	-7.420706E-05	-2.071182E-05	
-1.875492E-04	-1.600208E-04	5.233437E-05	
-1.985216E-04	-1.985220E-04	1.017197E-04	
-1.953665E-04	-2.203190E-04	1.250334E-04	
-1.568504E-04	-2.788251E-04	2.054753E-04	
-2.425709E-10	-3.330203E-04	2.506702E-04	
1.568500E-04	-2.788253E-04	2.054753E-04	
1.953665E-04	-2.203192E-04	1.250333E-04	
1.985219E-04	-1.985220E-04	1.017199E-04	
1.875492E-04	-1.600205E-04	5.233445E-05	
1.296481E-04	-7.420708E-05	-2.071187E-05	
5.098243E-05	-1.776717E-05	-3.179328E-05	
9.546490E-06	-3.495275E-06	-2.122947E-05	
-9.680579E-06	-3.210181E-06	-2.141577E-05	
-5.335933E-05	-1.670802E-05	-3.212523E-05	
-1.409577E-04	-7.123551E-05	-1.860065E-05	
-2.075759E-04	-1.551204E-04	7.194505E-05	
-2.203191E-04	-1.953669E-04	1.250334E-04	
-2.164786E-04	-2.164787E-04	1.465097E-04	
-1.740483E-04	-2.647596E-04	2.665966E-04	
-3.490759E-11	-3.193153E-04	3.177742E-04	
1.740483E-04	-2.647598E-04	2.665964E-04	
2.164786E-04	-2.164787E-04	1.465097E-04	
2.203189E-04	-1.953669E-04	1.250332E-04	
2.075759E-04	-1.551201E-04	7.194494E-05	
1.409578E-04	-7.123552E-05	-1.860071E-05	
5.335928E-05	-1.670808E-05	-3.212530E-05	
9.680510E-06	-3.210100E-06	-2.141582E-05	
-9.940526E-06	-2.381907E-06	-2.184176E-05	
-5.921448E-05	-1.307956E-05	-3.288192E-05	
-1.681212E-04	-5.761007E-05	-1.310394E-05	
-2.583771E-04	-1.240776E-04	1.135619E-04	
-2.788250E-04	-1.568504E-04	2.054751E-04	
-2.647597E-04	-1.740483E-04	2.665966E-04	
-2.111812E-04	-2.111812E-04	3.392783E-04	
4.076715E-11	-2.523476E-04	4.410172E-04	
2.111812E-04	-2.111813E-04	3.392782E-04	
2.647596E-04	-1.740482E-04	2.665966E-04	
2.788250E-04	-1.568504E-04	2.054751E-04	
2.583771E-04	-1.240775E-04	1.135618E-04	
1.681212E-04	-5.761005E-05	-1.310403E-05	
5.921444E-05	-1.307960E-05	-3.288198E-05	
9.940477E-06	-2.381852E-06	-2.184181E-05	
-1.013331E-05	-7.999310E-12	-2.226333E-05	
-6.552503E-05	1.359302E-12	-3.359806E-05	
-1.957736E-04	2.989487E-12	-7.155782E-06	
-3.070107E-04	-2.474003E-11	1.434088E-04	
-3.330203E-04	2.787203E-11	2.506703E-04	
-3.193153E-04	8.141755E-11	3.177743E-04	
-2.523476E-04	2.487179E-11	4.410172E-04	
2.148965E-11	-1.672499E-11	5.400858E-04	
2.523476E-04	1.885238E-11	4.410172E-04	
3.193153E-04	1.408547E-10	3.177742E-04	
3.330204E-04	-1.183427E-11	2.506700E-04	
3.070107E-04	-5.935390E-11	1.434087E-04	
1.957736E-04	-9.302018E-12	-7.155847E-06	
6.552500E-05	-7.702969E-12	-3.359810E-05	
1.013328E-05	4.607811E-12	-2.226336E-05	
-9.940514E-06	2.381884E-06	-2.184180E-05	
-5.921445E-05	1.307957E-05	-3.288196E-05	
-1.681212E-04	5.761011E-05	-1.310397E-05	
-2.583773E-04	1.240775E-04	1.135618E-04	
-2.788252E-04	1.568503E-04	2.054752E-04	
-2.647598E-04	1.740483E-04	2.665968E-04	
-2.111812E-04	2.111812E-04	3.392784E-04	
2.914823E-11	2.523477E-04	4.410172E-04	
2.111812E-04	2.111813E-04	3.392782E-04	
2.647598E-04	1.740483E-04	2.665966E-04	
2.788252E-04	1.568504E-04	2.054752E-04	
2.583772E-04	1.240775E-04	1.135618E-04	
1.681213E-04	5.761002E-05	-1.310401E-05	
5.921444E-05	1.307957E-05	-3.288198E-05	
9.940482E-06	2.381855E-06	-2.184181E-05	
-9.680557E-06	3.210147E-06	-2.141582E-05	
-5.335927E-05	1.670805E-05	-3.212528E-05	
-1.409578E-04	7.123565E-05	-1.860068E-05	
-2.075761E-04	1.551202E-04	7.194498E-05	
-2.203192E-04	1.953666E-04	1.250333E-04	
-2.164787E-04	2.164785E-04	1.465099E-04	
-1.740483E-04	2.647597E-04	2.665967E-04	
2.343451E-11	3.193154E-04	3.177742E-04	
1.740483E-04	2.647598E-04	2.665966E-04	
2.164786E-04	2.164786E-04	1.465098E-04	
2.203190E-04	1.953667E-04	1.250331E-04	
2.075760E-04	1.551201E-04	7.194495E-05	
1.409578E-04	7.123546E-05	-1.860071E-05	
5.335929E-05	1.670802E-05	-3.212531E-05	
9.680522E-06	3.210092E-06	-2.141581E-05	
-9.546486E-06	3.495329E-06	-2.122956E-05	
-5.098242E-05	1.776713E-05	-3.179330E-05	
-1.296480E-04	7.420726E-05	-2.071180E-05	
-1.875492E-04	1.600207E-04	5.233459E-05	
-1.985220E-04	1.985220E-04	1.017200E-04	
-1.953668E-04	2.203189E-04	1.250332E-04	
-1.568504E-04	2.788251E-04	2.054753E-04	
-9.725832E-12	3.330204E-04	2.506702E-04	
1.568503E-04	2.788253E-04	2.054753E-04	
1.953666E-04	2.203190E-04	1.250334E-04	
1.985219E-04	1.985219E-04	1.017197E-04	
1.875491E-04	1.600205E-04	5.233451E-05	
1.296480E-04	7.420701E-05	-2.071187E-05	
5.098242E-05	1.776709E-05	-3.179333E-05	
9.546485E-06	3.495261E-06	-2.122956E-05	
-9.237833E-06	3.966519E-06	-2.082666E-05	
-4.623363E-05	1.901458E-05	-3.106551E-05	
-1.087185E-04	7.401188E-05	-2.438964E-05	
-1.517881E-04	1.517883E-04	2.014939E-05	
-1.600204E-04	1.875492E-04	5.233442E-05	
-1.551200E-04	2.075760E-04	7.194495E-05	
-1.240775E-04	2.583772E-04	1.135618E-04	
-2.310873E-11	3.070108E-04	1.434087E-04	
1.240775E-04	2.583773E-04	1.135618E-04	
1.551201E-04	2.075761E-04	7.194500E-05	
1.600204E-04	1.875491E-04	5.233456E-05	
1.517882E-04	1.517882E-04	2.014936E-05	
1.087185E-04	7.401173E-05	-2.438970E-05	
4.623364E-05	1.901456E-05	-3.106555E-05	
9.237864E-06	3.966470E-06	-2.082669E-05	
-8.094512E-06	4.957893E-06	-1.948366E-05	
-3.304666E-05	1.993003E-05	-2.855942E-05	
-6.177611E-05	6.177615E-05	-3.106022E-05	
-7.401178E-05	1.087185E-04	-2.438965E-05	
-7.420712E-05	1.296481E-04	-2.071184E-05	
-7.123553E-05	1.409578E-04	-1.860066E-05	
-5.761004E-05	1.681212E-04	-1.310399E-05	
9.579821E-12	1.957736E-04	-7.155833E-06	
5.761006E-05	1.681213E-04	-1.310399E-05	
7.123554E-05	1.409578E-04	-1.860068E-05	
7.420711E-05	1.296480E-04	-2.071188E-05	
7.401179E-05	1.087185E-04	-2.438970E-05	
6.177614E-05	6.177613E-05	-3.106027E-05	
3.304669E-05	1.993003E-05	-2.855947E-05	
8.094531E-06	4.957875E-06	-1.948370E-05	
-5.186631E-06	5.024212E-06	-1.655083E-05	
-1.502766E-05	1.502768E-05	-2.289876E-05	
-1.993001E-05	3.304667E-05	-2.855944E-05	
-1.901456E-05	4.623363E-05	-3.106552E-05	
-1.776711E-05	5.098240E-05	-3.179332E-05	
-1.670803E-05	5.335928E-05	-3.212528E-05	
-1.307956E-05	5.921445E-05	-3.288197E-05	
1.255811E-11	6.552501E-05	-3.359808E-05	
1.307959E-05	5.921444E-05	-3.288196E-05	
1.670805E-05	5.335928E-05	-3.212528E-05	
1.776713E-05	5.098243E-05	-3.179332E-05	
1.901458E-05	4.623364E-05	-3.106556E-05	
1.993004E-05	3.304669E-05	-2.855947E-05	
1.502769E-05	1.502769E-05	-2.289879E-05	
5.186642E-06	5.024208E-06	-1.655086E-05	
-2.272735E-06	2.272740E-06	-1.339464E-05	
-5.024199E-06	5.186637E-06	-1.655084E-05	
-4.957875E-06	8.094520E-06	-1.948368E-05	
-3.966491E-06	9.237847E-06	-2.082669E-05	
-3.495294E-06	9.546499E-06	-2.122950E-05	
-3.210118E-06	9.680537E-06	-2.141580E-05	
-2.381864E-06	9.940497E-06	-2.184179E-05	
5.654358E-12	1.013329E-05	-2.226334E-05	
2.381872E-06	9.940491E-06	-2.184179E-05	
3.210119E-06	9.680532E-06	-2.141580E-05	
3.495294E-06	9.546487E-06	-2.122954E-05	
3.966495E-06	9.237861E-06	-2.082670E-05	
4.957886E-06	8.094529E-06	-1.948370E-05	
5.024213E-06	5.186640E-06	-1.655086E-05	
2.272741E-06	2.272740E-06	-1.339466E-05	
-3.178490E-06	-3.178480E-06	-5.779063E-06	
-7.109350E-06	-6.887688E-06	-7.107952E-06	
-7.173960E-06	-1.091925E-05	-8.379132E-06	
-5.868183E-06	-1.295199E-05	-8.993460E-06	
-5.215033E-06	-1.358000E-05	-9.183476E-06	
-4.808822E-06	-1.387379E-05	-9.272844E-06	
-3.604467E-06	-1.455344E-05	-9.480649E-06	
-7.314756E-11	-1.523043E-05	-9.689176E-06	
3.604319E-06	-1.455343E-05	-9.480648E-06	
4.808672E-06	-1.387379E-05	-9.272853E-06	
5.214881E-06	-1.358001E-05	-9.183505E-06	
5.868040E-06	-1.295200E-05	-8.993429E-06	
7.173847E-06	-1.091927E-05	-8.379101E-06	
7.109283E-06	-6.887693E-06	-7.107926E-06	
3.178469E-06	-3.178476E-06	-5.779041E-06	
-6.887696E-06	-7.109327E-06	-7.107956E-06	
-1.782971E-05	-1.782968E-05	-9.122202E-06	
-2.118929E-05	-3.206475E-05	-9.941361E-06	
-1.900236E-05	-4.054534E-05	-9.756702E-06	
-1.741380E-05	-4.340810E-05	-9.605388E-06	
-1.624249E-05	-4.480322E-05	-9.513126E-06	
-1.247712E-05	-4.810064E-05	-9.261047E-06	
-5.017832E-11	-5.147400E-05	-8.959807E-06	
1.247701E-05	-4.810061E-05	-9.261063E-06	
1.624237E-05	-4.480317E-05	-9.513145E-06	
1.741368E-05	-4.340809E-05	-9.605387E-06	
1.900225E-05	-4.054538E-05	-9.756648E-06	
2.118921E-05	-3.206478E-05	-9.941327E-06	
1.782967E-05	-1.782969E-05	-9.122173E-06	
6.887686E-06	-7.109303E-06	-7.107927E-06	
-1.091925E-05	-7.173938E-06	-8.379140E-06	
-3.206478E-05	-2.118924E-05	-9.941365E-06	
-4.310400E-05	-4.310396E-05	-3.658307E-06	
-4.151286E-05	-5.753602E-05	5.532489E-06	
-3.892858E-05	-6.256904E-05	9.661803E-06	
-3.662764E-05	-6.505585E-05	1.189370E-05	
-2.866070E-05	-7.104795E-05	1.741226E-05	
-1.742477E-11	-7.733179E-05	2.332129E-05	
2.866066E-05	-7.104789E-05	1.741227E-05	
3.662760E-05	-6.505578E-05	1.189371E-05	
3.892855E-05	-6.256907E-05	9.661876E-06	
4.151282E-05	-5.753604E-05	5.532518E-06	
4.310396E-05	-4.310398E-05	-3.658283E-06	
3.206476E-05	-2.118924E-05	-9.941330E-06	
1.091926E-05	-7.173877E-06	-8.379102E-06	
-1.295198E-05	-5.868168E-06	-8.993468E-06	
-4.054536E-05	-1.900229E-05	-9.756706E-06	
-5.753607E-05	-4.151282E-05	5.532483E-06	
-5.691204E-05	-5.691199E-05	2.676011E-05	
-5.370422E-05	-6.237497E-05	3.508487E-05	
-5.068626E-05	-6.506191E-05	3.941045E-05	
-4.007689E-05	-7.144720E-05	5.121085E-05	
6.887387E-12	-7.840610E-05	6.534309E-05	
4.007688E-05	-7.144711E-05	5.121088E-05	
5.068621E-05	-6.506181E-05	3.941052E-05	
5.370414E-05	-6.237496E-05	3.508484E-05	
5.691195E-05	-5.691197E-05	2.676009E-05	
5.753601E-05	-4.151285E-05	5.532503E-06	
4.054536E-05	-1.900229E-05	-9.756663E-06	
1.295200E-05	-5.868075E-06	-8.993428E-06	
-1.358001E-05	-5.215022E-06	-9.183488E-06	
-4.340814E-05	-1.741373E-05	-9.605393E-06	
-6.256904E-05	-3.892855E-05	9.661795E-06	
-6.237500E-05	-5.370414E-05	3.508491E-05	
-5.901940E-05	-5.901940E-05	4.477284E-05	
-5.560614E-05	-6.162064E-05	5.101071E-05	
-4.405935E-05	-6.761723E-05	6.253143E-05	
8.869936E-11	-7.433989E-05	8.014243E-05	
4.405930E-05	-6.761709E-05	6.253147E-05	
5.560597E-05	-6.162049E-05	5.101074E-05	
5.901939E-05	-5.901926E-05	4.477285E-05	
6.237494E-05	-5.370412E-05	3.508488E-05	
6.256897E-05	-3.892860E-05	9.661798E-06	
4.340812E-05	-1.741372E-05	-9.605338E-06	
1.357999E-05	-5.214916E-06	-9.183445E-06	
-1.387383E-05	-4.808808E-06	-9.272852E-06	
-4.480325E-05	-1.624242E-05	-9.513113E-06	
-6.505583E-05	-3.662760E-05	1.189371E-05	
-6.506188E-05	-5.068619E-05	3.941043E-05	
-6.162059E-05	-5.560612E-05	5.101069E-05	
-5.809284E-05	-5.809292E-05	5.899324E-05	
-4.607682E-05	-6.429176E-05	6.677185E-05	
4.756116E-11	-7.061257E-05	8.689058E-05	
4.607689E-05	-6.429161E-05	6.677166E-05	
5.809288E-05	-5.809279E-05	5.899320E-05	
6.162063E-05	-5.560600E-05	5.101067E-05	
6.506194E-05	-5.068618E-05	3.941045E-05	
6.505586E-05	-3.662764E-05	1.189366E-05	
4.480318E-05	-1.624241E-05	-9.513150E-06	
1.387379E-05	-4.808709E-06	-9.272870E-06	
-1.455348E-05	-3.604443E-06	-9.480648E-06	
-4.810067E-05	-1.247706E-05	-9.261041E-06	
-7.104792E-05	-2.866067E-05	1.741227E-05	
-7.144715E-05	-4.007685E-05	5.121084E-05	
-6.761716E-05	-4.405933E-05	6.253141E-05	
-6.429169E-05	-4.607693E-05	6.677178E-05	
-5.122594E-05	-5.122600E-05	9.014372E-05	
1.517434E-11	-5.650351E-05	1.098642E-04	
5.122599E-05	-5.122589E-05	9.014366E-05	
6.429176E-05	-4.607681E-05	6.677177E-05	
6.761723E-05	-4.405928E-05	6.253130E-05	
7.144722E-05	-4.007685E-05	5.121085E-05	
7.104796E-05	-2.866069E-05	1.741222E-05	
4.810062E-05	-1.247705E-05	-9.261069E-06	
1.455343E-05	-3.604363E-06	-9.480667E-06	
-1.523046E-05	-2.713315E-11	-9.689180E-06	
-5.147403E-05	-1.621141E-11	-8.959803E-06	
-7.733178E-05	-5.452703E-12	2.332129E-05	
-7.840607E-05	-8.322832E-12	6.534310E-05	
-7.433985E-05	1.101119E-10	8.014242E-05	
-7.061254E-05	8.511483E-12	8.689063E-05	
-5.650349E-05	-3.553818E-11	1.098641E-04	
2.946032E-11	9.890992E-12	1.374778E-04	
5.650355E-05	1.961343E-11	1.098641E-04	
7.061261E-05	5.528253E-11	8.689056E-05	
7.433992E-05	2.746971E-11	8.014231E-05	
7.840613E-05	5.388791E-12	6.534308E-05	
7.733181E-05	7.318064E-12	2.332126E-05	
5.147400E-05	1.188443E-11	-8.959817E-06	
1.523043E-05	1.497752E-11	-9.689190E-06	
-1.455347E-05	3.604384E-06	-9.480660E-06	
-4.810065E-05	1.247702E-05	-9.261067E-06	
-7.104791E-05	2.866066E-05	1.741225E-05	
-7.144714E-05	4.007684E-05	5.121087E-05	
-6.761715E-05	4.405954E-05	6.253143E-05	
-6.429166E-05	4.607693E-05	6.677193E-05	
-5.122589E-05	5.122595E-05	9.014376E-05	
3.657202E-11	5.650352E-05	1.098641E-04	
5.122598E-05	5.122595E-05	9.014367E-05	
6.429176E-05	4.607689E-05	6.677177E-05	
6.761724E-05	4.405938E-05	6.253139E-05	
7.144722E-05	4.007688E-05	5.121086E-05	
7.104795E-05	2.866070E-05	1.741226E-05	
4.810063E-05	1.247708E-05	-9.261058E-06	
1.455343E-05	3.604395E-06	-9.480656E-06	
-1.387383E-05	4.808743E-06	-9.272872E-06	
-4.480321E-05	1.624236E-05	-9.513163E-06	
-6.505578E-05	3.662759E-05	1.189365E-05	
-6.506185E-05	5.068619E-05	3.941045E-05	
-6.162056E-05	5.560617E-05	5.101061E-05	
-5.809280E-05	5.809291E-05	5.899327E-05	
-4.607683E-05	6.429175E-05	6.677180E-05	
3.895288E-11	7.061256E-05	8.689054E-05	
4.607692E-05	6.429169E-05	6.677178E-05	
5.809292E-05	5.809287E-05	5.899329E-05	
6.162066E-05	5.560607E-05	5.101061E-05	
6.506195E-05	5.068624E-05	3.941046E-05	
6.505585E-05	3.662766E-05	1.189371E-05	
4.480319E-05	1.624244E-05	-9.513127E-06	
1.387379E-05	4.808746E-06	-9.272855E-06	
-1.358000E-05	5.214953E-06	-9.183521E-06	
-4.340807E-05	1.741366E-05	-9.605429E-06	
-6.256906E-05	3.892853E-05	9.661792E-06	
-6.237499E-05	5.370413E-05	3.508475E-05	
-5.901926E-05	5.901934E-05	4.477254E-05	
-5.560598E-05	6.162064E-05	5.101044E-05	
-4.405930E-05	6.761724E-05	6.253132E-05	
3.173820E-11	7.433987E-05	8.014233E-05	
4.405941E-05	6.761717E-05	6.253140E-05	
5.560612E-05	6.162060E-05	5.101059E-05	
5.901937E-05	5.901932E-05	4.477260E-05	
6.237511E-05	5.370418E-05	3.508475E-05	
6.256914E-05	3.892862E-05	9.661846E-06	
4.340808E-05	1.741376E-05	-9.605396E-06	
1.358000E-05	5.214954E-06	-9.183502E-06	
-1.295197E-05	5.868106E-06	-8.993423E-06	
-4.054533E-05	1.900224E-05	-9.756655E-06	
-5.753602E-05	4.151281E-05	5.532536E-06	
-5.691198E-05	5.691198E-05	2.676010E-05	
-5.370417E-05	6.237497E-05	3.508487E-05	
-5.068620E-05	6.506191E-05	3.941047E-05	
-4.007682E-05	7.144720E-05	5.121085E-05	
5.198441E-11	7.840609E-05	6.534310E-05	
4.007691E-05	7.144715E-05	5.121089E-05	
5.068629E-05	6.506187E-05	3.941050E-05	
5.370424E-05	6.237504E-05	3.508480E-05	
5.691204E-05	5.691202E-05	2.676001E-05	
5.753606E-05	4.151288E-05	5.532445E-06	
4.054539E-05	1.900232E-05	-9.756709E-06	
1.295200E-05	5.868108E-06	-8.993456E-06	
-1.091924E-05	7.173895E-06	-8.379101E-06	
-3.206474E-05	2.118921E-05	-9.941330E-06	
-4.310395E-05	4.310395E-05	-3.658280E-06	
-4.151279E-05	5.753602E-05	5.532513E-06	
-3.892851E-05	6.256904E-05	9.661794E-06	
-3.662756E-05	6.505584E-05	1.189369E-05	
-2.866063E-05	7.104795E-05	1.741225E-05	
3.977559E-11	7.733179E-05	2.332128E-05	
2.866071E-05	7.104792E-05	1.741227E-05	
3.662765E-05	6.505580E-05	1.189371E-05	
3.892860E-05	6.256909E-05	9.661827E-06	
4.151287E-05	5.753606E-05	5.532459E-06	
4.310400E-05	4.310400E-05	-3.658324E-06	
3.206478E-05	2.118925E-05	-9.941358E-06	
1.091926E-05	7.173898E-06	-8.379120E-06	
-6.887681E-06	7.109308E-06	-7.107929E-06	
-1.782967E-05	1.782967E-05	-9.122178E-06	
-2.118922E-05	3.206474E-05	-9.941338E-06	
-1.900227E-05	4.054533E-05	-9.756675E-06	
-1.741371E-05	4.340812E-05	-9.605367E-06	
-1.624240E-05	4.480322E-05	-9.513139E-06	
-1.247704E-05	4.810065E-05	-9.261064E-06	
2.284115E-11	5.147401E-05	-8.959811E-06	
1.247708E-05	4.810064E-05	-9.261057E-06	
1.624244E-05	4.480320E-05	-9.513134E-06	
1.741375E-05	4.340808E-05	-9.605410E-06	
1.900232E-05	4.054538E-05	-9.756698E-06	
2.118925E-05	3.206478E-05	-9.941356E-06	
1.782969E-05	1.782969E-05	-9.122192E-06	
6.887693E-06	7.109312E-06	-7.107940E-06	
-3.178473E-06	3.178476E-06	-5.779045E-06	
-7.109304E-06	6.887685E-06	-7.107934E-06	
-7.173894E-06	1.091925E-05	-8.379112E-06	
-5.868108E-06	1.295198E-05	-8.993443E-06	
-5.214956E-06	1.358000E-05	-9.183475E-06	
-4.808746E-06	1.387381E-05	-9.272857E-06	
-3.604390E-06	1.455345E-05	-9.480656E-06	
4.956626E-12	1.523044E-05	-9.689183E-06	
3.604399E-06	1.455344E-05	-9.480654E-06	
4.808753E-06	1.387380E-05	-9.272855E-06	
5.214963E-06	1.358000E-05	-9.183496E-06	
5.868116E-06	1.295200E-05	-8.993450E-06	
7.173906E-06	1.091926E-05	-8.379120E-06	
7.109317E-06	6.887691E-06	-7.107941E-06	
3.178479E-06	3.178478E-06	-5.779052E-06	
