flux
3
1575
-3.247344E-11	3.270736E-12	1.694579E-04	
-3.722342E-11	-3.952112E-12	6.881790E-05	
-1.126548E-11	-2.547214E-11	-1.220814E-06	
3.314636E-11	-2.829064E-11	6.881593E-05	
3.603287E-11	-3.793308E-12	1.694556E-04	
6.537186E-12	3.716117E-11	1.694567E-04	
1.458894E-11	4.378477E-11	6.881724E-05	
-3.091299E-13	3.373968E-11	-1.220167E-06	
1.535454E-11	1.190637E-11	6.881715E-05	
3.764959E-11	1.177094E-12	1.694567E-04	
9.366790E-12	2.321620E-11	1.694564E-04	
7.709298E-12	1.076656E-11	6.881715E-05	
-1.119355E-11	1.730449E-11	-1.219857E-06	
-1.618229E-11	4.049812E-11	6.881777E-05	
-5.349407E-12	3.650385E-11	1.694571E-04	
1.270877E-11	2.547803E-11	1.694567E-04	
-7.990148E-12	2.861643E-11	6.881726E-05	
-1.083896E-11	2.309941E-11	-1.220220E-06	
5.344751E-12	4.192288E-11	6.881719E-05	
-2.163550E-11	2.416136E-11	1.694567E-04	
3.035028E-11	4.743012E-12	-5.961111E-05	
-4.312721E-12	3.688138E-11	-5.961089E-05	
4.281534E-12	2.286438E-11	-5.961114E-05	
-3.330993E-11	1.892794E-11	-5.960971E-05	
-4.445944E-10	5.310331E-10	2.502538E-03	
-3.801152E-10	-1.440714E-10	1.723105E-03	
4.467241E-11	1.436824E-10	2.502537E-03	
-1.103720E-10	1.324196E-09	1.723105E-03	
-5.559513E-10	2.944286E-11	9.142946E-04	
-4.538458E-10	-1.112187E-09	1.723105E-03	
7.853400E-10	8.562559E-10	2.502538E-03	
2.073835E-09	2.049384E-10	1.723105E-03	
1.313044E-09	-1.218352E-09	2.502538E-03	
3.186109E-06	3.186108E-06	-5.792925E-06	
7.126412E-06	6.904231E-06	-7.125042E-06	
7.191186E-06	1.094551E-05	-8.399268E-06	
5.882260E-06	1.298312E-05	-9.015057E-06	
5.227535E-06	1.361264E-05	-9.205529E-06	
4.820341E-06	1.390717E-05	-9.295096E-06	
3.613074E-06	1.458841E-05	-9.503385E-06	
5.713323E-12	1.526697E-05	-9.712401E-06	
-3.613061E-06	1.458841E-05	-9.503389E-06	
-4.820327E-06	1.390717E-05	-9.295102E-06	
-5.227521E-06	1.361266E-05	-9.205535E-06	
-5.882247E-06	1.298312E-05	-9.015047E-06	
-7.191177E-06	1.094551E-05	-8.399260E-06	
-7.126407E-06	6.904227E-06	-7.125036E-06	
-3.186107E-06	3.186105E-06	-5.792920E-06	
6.904232E-06	7.126410E-06	-7.125042E-06	
1.787290E-05	1.787289E-05	-9.144972E-06	
2.124128E-05	3.214352E-05	-9.967948E-06	
1.904953E-05	4.064599E-05	-9.784100E-06	
1.745723E-05	4.351629E-05	-9.632843E-06	
1.628308E-05	4.491519E-05	-9.540560E-06	
1.250845E-05	4.822153E-05	-9.288391E-06	
7.316556E-12	5.160418E-05	-8.986976E-06	
-1.250844E-05	4.822154E-05	-9.288395E-06	
-1.628307E-05	4.491519E-05	-9.540564E-06	
-1.745722E-05	4.351634E-05	-9.632842E-06	
-1.904952E-05	4.064597E-05	-9.784089E-06	
-2.124126E-05	3.214351E-05	-9.967939E-06	
-1.787289E-05	1.787288E-05	-9.144965E-06	
-6.904229E-06	7.126400E-06	-7.125036E-06	
1.094551E-05	7.191184E-06	-8.399269E-06	
3.214352E-05	2.124127E-05	-9.967948E-06	
4.321362E-05	4.321362E-05	-3.679167E-06	
4.162242E-05	5.768742E-05	5.525774E-06	
3.903305E-05	6.273602E-05	9.662414E-06	
3.672672E-05	6.523079E-05	1.189862E-05	
2.873964E-05	7.124260E-05	1.742910E-05	
1.445494E-11	7.754762E-05	2.335273E-05	
-2.873962E-05	7.124261E-05	1.742911E-05	
-3.672670E-05	6.523080E-05	1.189863E-05	
-3.903303E-05	6.273608E-05	9.662432E-06	
-4.162240E-05	5.768739E-05	5.525782E-06	
-4.321360E-05	4.321360E-05	-3.679159E-06	
-3.214351E-05	2.124125E-05	-9.967939E-06	
-1.094551E-05	7.191170E-06	-8.399261E-06	
1.298312E-05	5.882257E-06	-9.015058E-06	
4.064599E-05	1.904953E-05	-9.784100E-06	
5.768742E-05	4.162242E-05	5.525775E-06	
5.707190E-05	5.707190E-05	2.679483E-05	
5.385973E-05	6.255453E-05	3.514227E-05	
5.083483E-05	6.525166E-05	3.948198E-05	
4.019688E-05	7.166217E-05	5.132159E-05	
2.235035E-11	7.864770E-05	6.550238E-05	
-4.019685E-05	7.166219E-05	5.132162E-05	
-5.083480E-05	6.525167E-05	3.948201E-05	
-5.385970E-05	6.255455E-05	3.514229E-05	
-5.707187E-05	5.707187E-05	2.679483E-05	
-5.768739E-05	4.162239E-05	5.525784E-06	
-4.064597E-05	1.904951E-05	-9.784090E-06	
-1.298311E-05	5.882241E-06	-9.015049E-06	
1.361264E-05	5.227533E-06	-9.205529E-06	
4.351629E-05	1.745723E-05	-9.632842E-06	
6.273602E-05	3.903305E-05	9.662419E-06	
6.255453E-05	5.385973E-05	3.514227E-05	
5.919507E-05	5.919507E-05	4.486260E-05	
5.577429E-05	6.180692E-05	5.112112E-05	
4.419538E-05	6.782910E-05	6.269850E-05	
2.943550E-11	7.457797E-05	8.037557E-05	
-4.419533E-05	6.782912E-05	6.269854E-05	
-5.577426E-05	6.180692E-05	5.112114E-05	
-5.919505E-05	5.919508E-05	4.486261E-05	
-6.255451E-05	5.385971E-05	3.514227E-05	
-6.273601E-05	3.903302E-05	9.662427E-06	
-4.351627E-05	1.745721E-05	-9.632832E-06	
-1.361263E-05	5.227516E-06	-9.205521E-06	
1.390717E-05	4.820340E-06	-9.295098E-06	
4.491518E-05	1.628308E-05	-9.540562E-06	
6.523079E-05	3.672672E-05	1.189862E-05	
6.525166E-05	5.083483E-05	3.948198E-05	
6.180692E-05	5.577429E-05	5.112110E-05	
5.827109E-05	5.827109E-05	5.912948E-05	
4.622079E-05	6.449339E-05	6.697889E-05	
7.483779E-12	7.083863E-05	8.716789E-05	
-4.622075E-05	6.449339E-05	6.697890E-05	
-5.827104E-05	5.827109E-05	5.912951E-05	
-6.180687E-05	5.577430E-05	5.112108E-05	
-6.525162E-05	5.083481E-05	3.948194E-05	
-6.523075E-05	3.672669E-05	1.189861E-05	
-4.491517E-05	1.628306E-05	-9.540559E-06	
-1.390717E-05	4.820322E-06	-9.295094E-06	
1.458841E-05	3.613073E-06	-9.503386E-06	
4.822152E-05	1.250845E-05	-9.288393E-06	
7.124259E-05	2.873964E-05	1.742910E-05	
7.166217E-05	4.019688E-05	5.132159E-05	
6.782911E-05	4.419537E-05	6.269847E-05	
6.449338E-05	4.622081E-05	6.697891E-05	
5.138785E-05	5.138786E-05	9.041481E-05	
2.634863E-11	5.668337E-05	1.102189E-04	
-5.138780E-05	5.138785E-05	9.041481E-05	
-6.449333E-05	4.622081E-05	6.697893E-05	
-6.782906E-05	4.419538E-05	6.269847E-05	
-7.166213E-05	4.019687E-05	5.132156E-05	
-7.124256E-05	2.873962E-05	1.742909E-05	
-4.822151E-05	1.250843E-05	-9.288390E-06	
-1.458841E-05	3.613056E-06	-9.503382E-06	
1.526697E-05	8.097548E-12	-9.712402E-06	
5.160417E-05	1.149556E-11	-8.986977E-06	
7.754761E-05	1.451596E-11	2.335273E-05	
7.864769E-05	1.222930E-11	6.550237E-05	
7.457796E-05	1.381282E-11	8.037552E-05	
7.083862E-05	3.262913E-11	8.716792E-05	
5.668336E-05	2.202747E-11	1.102189E-04	
1.113621E-11	2.317086E-11	1.379125E-04	
-5.668333E-05	1.517915E-11	1.102189E-04	
-7.083860E-05	2.397315E-11	8.716792E-05	
-7.457794E-05	1.604322E-11	8.037549E-05	
-7.864766E-05	1.717057E-11	6.550236E-05	
-7.754758E-05	8.376838E-12	2.335273E-05	
-5.160415E-05	-5.367901E-12	-8.986973E-06	
-1.526697E-05	-1.008687E-11	-9.712397E-06	
1.458842E-05	-3.613057E-06	-9.503389E-06	
4.822153E-05	-1.250843E-05	-9.288394E-06	
7.124259E-05	-2.873961E-05	1.742910E-05	
7.166216E-05	-4.019684E-05	5.132159E-05	
6.782908E-05	-4.419534E-05	6.269846E-05	
6.449336E-05	-4.622076E-05	6.697890E-05	
5.138783E-05	-5.138780E-05	9.041478E-05	
3.234524E-12	-5.668332E-05	1.102189E-04	
-5.138783E-05	-5.138781E-05	9.041478E-05	
-6.449337E-05	-4.622075E-05	6.697890E-05	
-6.782910E-05	-4.419533E-05	6.269848E-05	
-7.166217E-05	-4.019685E-05	5.132162E-05	
-7.124258E-05	-2.873962E-05	1.742911E-05	
-4.822152E-05	-1.250844E-05	-9.288390E-06	
-1.458841E-05	-3.613075E-06	-9.503384E-06	
1.390717E-05	-4.820324E-06	-9.295101E-06	
4.491519E-05	-1.628306E-05	-9.540562E-06	
6.523079E-05	-3.672668E-05	1.189862E-05	
6.525165E-05	-5.083478E-05	3.948197E-05	
6.180690E-05	-5.577425E-05	5.112106E-05	
5.827107E-05	-5.827104E-05	5.912945E-05	
4.622078E-05	-6.449333E-05	6.697887E-05	
-3.811755E-12	-7.083858E-05	8.716790E-05	
-4.622079E-05	-6.449333E-05	6.697890E-05	
-5.827108E-05	-5.827104E-05	5.912947E-05	
-6.180690E-05	-5.577424E-05	5.112112E-05	
-6.525165E-05	-5.083481E-05	3.948201E-05	
-6.523078E-05	-3.672670E-05	1.189863E-05	
-4.491518E-05	-1.628308E-05	-9.540561E-06	
-1.390716E-05	-4.820341E-06	-9.295096E-06	
1.361266E-05	-5.227518E-06	-9.205534E-06	
4.351634E-05	-1.745721E-05	-9.632843E-06	
6.273607E-05	-3.903301E-05	9.662421E-06	
6.255453E-05	-5.385968E-05	3.514226E-05	
5.919506E-05	-5.919502E-05	4.486255E-05	
5.577427E-05	-6.180686E-05	5.112102E-05	
4.419536E-05	-6.782905E-05	6.269840E-05	
-2.000886E-12	-7.457792E-05	8.037545E-05	
-4.419536E-05	-6.782906E-05	6.269846E-05	
-5.577428E-05	-6.180687E-05	5.112107E-05	
-5.919505E-05	-5.919503E-05	4.486258E-05	
-6.255452E-05	-5.385971E-05	3.514230E-05	
-6.273605E-05	-3.903304E-05	9.662428E-06	
-4.351633E-05	-1.745722E-05	-9.632844E-06	
-1.361266E-05	-5.227534E-06	-9.205530E-06	
1.298311E-05	-5.882243E-06	-9.015047E-06	
4.064597E-05	-1.904951E-05	-9.784092E-06	
5.768739E-05	-4.162238E-05	5.525781E-06	
5.707188E-05	-5.707184E-05	2.679483E-05	
5.385972E-05	-6.255448E-05	3.514228E-05	
5.083482E-05	-6.525161E-05	3.948199E-05	
4.019687E-05	-7.166213E-05	5.132161E-05	
1.702727E-11	-7.864764E-05	6.550237E-05	
-4.019683E-05	-7.166213E-05	5.132157E-05	
-5.083478E-05	-6.525162E-05	3.948193E-05	
-5.385967E-05	-6.255449E-05	3.514223E-05	
-5.707184E-05	-5.707187E-05	2.679483E-05	
-5.768736E-05	-4.162240E-05	5.525779E-06	
-4.064595E-05	-1.904952E-05	-9.784089E-06	
-1.298311E-05	-5.882259E-06	-9.015047E-06	
1.094550E-05	-7.191172E-06	-8.399260E-06	
3.214351E-05	-2.124125E-05	-9.967940E-06	
4.321360E-05	-4.321359E-05	-3.679161E-06	
4.162241E-05	-5.768738E-05	5.525781E-06	
3.903304E-05	-6.273599E-05	9.662423E-06	
3.672671E-05	-6.523075E-05	1.189863E-05	
2.873963E-05	-7.124256E-05	1.742911E-05	
1.533158E-11	-7.754757E-05	2.335273E-05	
-2.873959E-05	-7.124256E-05	1.742909E-05	
-3.672666E-05	-6.523075E-05	1.189861E-05	
-3.903299E-05	-6.273602E-05	9.662427E-06	
-4.162236E-05	-5.768739E-05	5.525786E-06	
-4.321357E-05	-4.321360E-05	-3.679157E-06	
-3.214349E-05	-2.124127E-05	-9.967937E-06	
-1.094550E-05	-7.191185E-06	-8.399260E-06	
6.904228E-06	-7.126403E-06	-7.125036E-06	
1.787289E-05	-1.787288E-05	-9.144966E-06	
2.124127E-05	-3.214350E-05	-9.967942E-06	
1.904952E-05	-4.064596E-05	-9.784093E-06	
1.745723E-05	-4.351626E-05	-9.632836E-06	
1.628308E-05	-4.491516E-05	-9.540557E-06	
1.250845E-05	-4.822150E-05	-9.288389E-06	
1.436556E-11	-5.160415E-05	-8.986973E-06	
-1.250842E-05	-4.822151E-05	-9.288392E-06	
-1.628305E-05	-4.491517E-05	-9.540563E-06	
-1.745719E-05	-4.351632E-05	-9.632837E-06	
-1.904949E-05	-4.064596E-05	-9.784087E-06	
-2.124124E-05	-3.214350E-05	-9.967937E-06	
-1.787287E-05	-1.787289E-05	-9.144964E-06	
-6.904224E-06	-7.126411E-06	-7.125036E-06	
3.186107E-06	-3.186106E-06	-5.792921E-06	
7.126408E-06	-6.904227E-06	-7.125038E-06	
7.191182E-06	-1.094550E-05	-8.399263E-06	
5.882256E-06	-1.298311E-05	-9.015052E-06	
5.227532E-06	-1.361263E-05	-9.205526E-06	
4.820339E-06	-1.390716E-05	-9.295096E-06	
3.613074E-06	-1.458841E-05	-9.503384E-06	
1.019556E-11	-1.526696E-05	-9.712398E-06	
-3.613054E-06	-1.458841E-05	-9.503384E-06	
-4.820319E-06	-1.390717E-05	-9.295097E-06	
-5.227513E-06	-1.361266E-05	-9.205525E-06	
-5.882238E-06	-1.298311E-05	-9.015046E-06	
-7.191167E-06	-1.094550E-05	-8.399259E-06	
-7.126398E-06	-6.904228E-06	-7.125035E-06	
-3.186104E-06	-3.186108E-06	-5.792920E-06	
2.278167E-06	2.278166E-06	-1.342679E-05	
5.036282E-06	5.198848E-06	-1.659060E-05	
4.969871E-06	8.113840E-06	-1.953050E-05	
3.976089E-06	9.260162E-06	-2.087675E-05	
3.503740E-06	9.569597E-06	-2.128054E-05	
3.217881E-06	9.703989E-06	-2.146726E-05	
2.387649E-06	9.964631E-06	-2.189429E-05	
1.273681E-12	1.015809E-05	-2.231685E-05	
-2.387647E-06	9.964628E-06	-2.189429E-05	
-3.217881E-06	9.703984E-06	-2.146727E-05	
-3.503739E-06	9.569581E-06	-2.128056E-05	
-3.976087E-06	9.260158E-06	-2.087673E-05	
-4.969869E-06	8.113836E-06	-1.953048E-05	
-5.036281E-06	5.198844E-06	-1.659059E-05	
-2.278166E-06	2.278163E-06	-1.342678E-05	
5.198849E-06	5.036281E-06	-1.659060E-05	
1.506232E-05	1.506231E-05	-2.295456E-05	
1.997563E-05	3.311966E-05	-2.863058E-05	
1.905838E-05	4.633496E-05	-3.114363E-05	
1.780819E-05	5.109437E-05	-3.187347E-05	
1.674669E-05	5.347664E-05	-3.220643E-05	
1.310980E-05	5.934490E-05	-3.296532E-05	
3.905724E-12	6.566908E-05	-3.368364E-05	
-1.310979E-05	5.934490E-05	-3.296532E-05	
-1.674670E-05	5.347665E-05	-3.220644E-05	
-1.780820E-05	5.109434E-05	-3.187350E-05	
-1.905838E-05	4.633494E-05	-3.114361E-05	
-1.997563E-05	3.311965E-05	-2.863056E-05	
-1.506231E-05	1.506230E-05	-2.295455E-05	
-5.198847E-06	5.036272E-06	-1.659059E-05	
8.113840E-06	4.969869E-06	-1.953050E-05	
3.311966E-05	1.997563E-05	-2.863058E-05	
6.190725E-05	6.190725E-05	-3.114954E-05	
7.417212E-05	1.089421E-04	-2.447951E-05	
7.437287E-05	1.299149E-04	-2.079917E-05	
7.139896E-05	1.412500E-04	-1.868592E-05	
5.775203E-05	1.684839E-04	-1.318206E-05	
1.969586E-11	1.962248E-04	-7.223678E-06	
-5.775200E-05	1.684839E-04	-1.318205E-05	
-7.139894E-05	1.412500E-04	-1.868591E-05	
-7.437285E-05	1.299149E-04	-2.079919E-05	
-7.417211E-05	1.089421E-04	-2.447949E-05	
-6.190723E-05	6.190722E-05	-3.114952E-05	
-3.311965E-05	1.997562E-05	-2.863056E-05	
-8.113837E-06	4.969858E-06	-1.953048E-05	
9.260161E-06	3.976087E-06	-2.087675E-05	
4.633496E-05	1.905838E-05	-3.114363E-05	
1.089421E-04	7.417213E-05	-2.447951E-05	
1.521121E-04	1.521121E-04	2.007963E-05	
1.603806E-04	1.879614E-04	5.228043E-05	
1.554918E-04	2.080448E-04	7.190319E-05	
1.244373E-04	2.590185E-04	1.135699E-04	
4.075602E-11	3.078960E-04	1.435096E-04	
-1.244372E-04	2.590186E-04	1.135699E-04	
-1.554918E-04	2.080448E-04	7.190322E-05	
-1.603806E-04	1.879614E-04	5.228046E-05	
-1.521120E-04	1.521121E-04	2.007964E-05	
-1.089421E-04	7.417211E-05	-2.447949E-05	
-4.633495E-05	1.905837E-05	-3.114361E-05	
-9.260158E-06	3.976074E-06	-2.087673E-05	
9.569594E-06	3.503739E-06	-2.128054E-05	
5.109436E-05	1.780819E-05	-3.187347E-05	
1.299149E-04	7.437288E-05	-2.079917E-05	
1.879614E-04	1.603807E-04	5.228045E-05	
1.989930E-04	1.989930E-04	1.016877E-04	
1.958619E-04	2.208636E-04	1.250186E-04	
1.573516E-04	2.796025E-04	2.055471E-04	
2.405931E-14	3.341402E-04	2.509364E-04	
-1.573516E-04	2.796027E-04	2.055471E-04	
-1.958618E-04	2.208637E-04	1.250187E-04	
-1.989929E-04	1.989931E-04	1.016878E-04	
-1.879613E-04	1.603806E-04	5.228047E-05	
-1.299148E-04	7.437286E-05	-2.079914E-05	
-5.109435E-05	1.780818E-05	-3.187345E-05	
-9.569596E-06	3.503726E-06	-2.128052E-05	
9.703986E-06	3.217881E-06	-2.146727E-05	
5.347664E-05	1.674669E-05	-3.220643E-05	
1.412500E-04	7.139897E-05	-1.868591E-05	
2.080448E-04	1.554918E-04	7.190322E-05	
2.208636E-04	1.958619E-04	1.250186E-04	
2.170605E-04	2.170605E-04	1.465136E-04	
1.746512E-04	2.656265E-04	2.667078E-04	
-1.538954E-11	3.205784E-04	3.182016E-04	
-1.746511E-04	2.656266E-04	2.667077E-04	
-2.170603E-04	2.170606E-04	1.465136E-04	
-2.208634E-04	1.958620E-04	1.250186E-04	
-2.080446E-04	1.554918E-04	7.190319E-05	
-1.412499E-04	7.139895E-05	-1.868591E-05	
-5.347662E-05	1.674668E-05	-3.220642E-05	
-9.703985E-06	3.217866E-06	-2.146726E-05	
9.964628E-06	2.387650E-06	-2.189429E-05	
5.934489E-05	1.310980E-05	-3.296532E-05	
1.684839E-04	5.775203E-05	-1.318206E-05	
2.590186E-04	1.244373E-04	1.135699E-04	
2.796025E-04	1.573516E-04	2.055471E-04	
2.656265E-04	1.746512E-04	2.667077E-04	
2.121166E-04	2.121166E-04	3.398743E-04	
2.860317E-11	2.537469E-04	4.423295E-04	
-2.121164E-04	2.121166E-04	3.398743E-04	
-2.656263E-04	1.746512E-04	2.667078E-04	
-2.796023E-04	1.573516E-04	2.055471E-04	
-2.590184E-04	1.244373E-04	1.135699E-04	
-1.684838E-04	5.775204E-05	-1.318205E-05	
-5.934487E-05	1.310978E-05	-3.296531E-05	
-9.964625E-06	2.387634E-06	-2.189428E-05	
1.015808E-05	5.061755E-12	-2.231685E-05	
6.566908E-05	8.477146E-12	-3.368364E-05	
1.962248E-04	1.327508E-11	-7.223680E-06	
3.078960E-04	9.755884E-12	1.435096E-04	
3.341401E-04	4.674516E-11	2.509364E-04	
3.205784E-04	3.982533E-11	3.182015E-04	
2.537469E-04	2.628879E-12	4.423295E-04	
3.821531E-11	8.250854E-12	5.428287E-04	
-2.537468E-04	-1.820749E-11	4.423295E-04	
-3.205783E-04	-6.400962E-12	3.182016E-04	
-3.341401E-04	-2.021337E-11	2.509363E-04	
-3.078959E-04	8.349020E-11	1.435096E-04	
-1.962247E-04	3.393462E-11	-7.223667E-06	
-6.566906E-05	-4.662601E-12	-3.368363E-05	
-1.015808E-05	-1.285131E-11	-2.231684E-05	
9.964632E-06	-2.387641E-06	-2.189429E-05	
5.934490E-05	-1.310978E-05	-3.296533E-05	
1.684839E-04	-5.775199E-05	-1.318206E-05	
2.590185E-04	-1.244373E-04	1.135699E-04	
2.796025E-04	-1.573516E-04	2.055470E-04	
2.656265E-04	-1.746512E-04	2.667077E-04	
2.121166E-04	-2.121165E-04	3.398743E-04	
4.991297E-11	-2.537469E-04	4.423295E-04	
-2.121166E-04	-2.121165E-04	3.398743E-04	
-2.656266E-04	-1.746511E-04	2.667077E-04	
-2.796026E-04	-1.573516E-04	2.055471E-04	
-2.590186E-04	-1.244372E-04	1.135699E-04	
-1.684839E-04	-5.775198E-05	-1.318204E-05	
-5.934488E-05	-1.310980E-05	-3.296531E-05	
-9.964620E-06	-2.387660E-06	-2.189428E-05	
9.703991E-06	-3.217874E-06	-2.146727E-05	
5.347665E-05	-1.674667E-05	-3.220644E-05	
1.412500E-04	-7.139891E-05	-1.868592E-05	
2.080447E-04	-1.554918E-04	7.190321E-05	
2.208636E-04	-1.958619E-04	1.250186E-04	
2.170605E-04	-2.170605E-04	1.465135E-04	
1.746513E-04	-2.656265E-04	2.667076E-04	
8.924897E-11	-3.205784E-04	3.182016E-04	
-1.746512E-04	-2.656263E-04	2.667077E-04	
-2.170606E-04	-2.170603E-04	1.465135E-04	
-2.208637E-04	-1.958617E-04	1.250187E-04	
-2.080449E-04	-1.554918E-04	7.190321E-05	
-1.412500E-04	-7.139893E-05	-1.868590E-05	
-5.347663E-05	-1.674670E-05	-3.220643E-05	
-9.703975E-06	-3.217893E-06	-2.146726E-05	
9.569584E-06	-3.503733E-06	-2.128056E-05	
5.109434E-05	-1.780817E-05	-3.187351E-05	
1.299148E-04	-7.437282E-05	-2.079921E-05	
1.879614E-04	-1.603806E-04	5.228041E-05	
1.989930E-04	-1.989930E-04	1.016877E-04	
1.958619E-04	-2.208636E-04	1.250185E-04	
1.573517E-04	-2.796026E-04	2.055470E-04	
6.134901E-11	-3.341401E-04	2.509363E-04	
-1.573516E-04	-2.796023E-04	2.055471E-04	
-1.958620E-04	-2.208634E-04	1.250185E-04	
-1.989931E-04	-1.989928E-04	1.016877E-04	
-1.879614E-04	-1.603806E-04	5.228043E-05	
-1.299148E-04	-7.437285E-05	-2.079920E-05	
-5.109431E-05	-1.780821E-05	-3.187350E-05	
-9.569575E-06	-3.503752E-06	-2.128055E-05	
9.260154E-06	-3.976081E-06	-2.087673E-05	
4.633494E-05	-1.905836E-05	-3.114361E-05	
1.089421E-04	-7.417208E-05	-2.447949E-05	
1.521121E-04	-1.521121E-04	2.007965E-05	
1.603807E-04	-1.879613E-04	5.228047E-05	
1.554918E-04	-2.080448E-04	7.190324E-05	
1.244373E-04	-2.590186E-04	1.135699E-04	
-4.239183E-11	-3.078959E-04	1.435096E-04	
-1.244373E-04	-2.590184E-04	1.135699E-04	
-1.554918E-04	-2.080446E-04	7.190317E-05	
-1.603806E-04	-1.879612E-04	5.228039E-05	
-1.521121E-04	-1.521121E-04	2.007965E-05	
-1.089420E-04	-7.417210E-05	-2.447949E-05	
-4.633492E-05	-1.905839E-05	-3.114360E-05	
-9.260153E-06	-3.976098E-06	-2.087673E-05	
8.113835E-06	-4.969863E-06	-1.953048E-05	
3.311965E-05	-1.997562E-05	-2.863057E-05	
6.190723E-05	-6.190722E-05	-3.114952E-05	
7.417212E-05	-1.089421E-04	-2.447950E-05	
7.437286E-05	-1.299148E-04	-2.079916E-05	
7.139895E-05	-1.412500E-04	-1.868589E-05	
5.775201E-05	-1.684839E-04	-1.318204E-05	
-5.147835E-12	-1.962247E-04	-7.223668E-06	
-5.775200E-05	-1.684838E-04	-1.318206E-05	
-7.139892E-05	-1.412499E-04	-1.868591E-05	
-7.437282E-05	-1.299148E-04	-2.079918E-05	
-7.417208E-05	-1.089421E-04	-2.447948E-05	
-6.190720E-05	-6.190723E-05	-3.114951E-05	
-3.311963E-05	-1.997563E-05	-2.863056E-05	
-8.113832E-06	-4.969876E-06	-1.953048E-05	
5.198845E-06	-5.036276E-06	-1.659059E-05	
1.506231E-05	-1.506230E-05	-2.295455E-05	
1.997563E-05	-3.311964E-05	-2.863057E-05	
1.905838E-05	-4.633494E-05	-3.114362E-05	
1.780820E-05	-5.109434E-05	-3.187346E-05	
1.674670E-05	-5.347662E-05	-3.220642E-05	
1.310980E-05	-5.934487E-05	-3.296531E-05	
1.054940E-11	-6.566905E-05	-3.368363E-05	
-1.310978E-05	-5.934487E-05	-3.296531E-05	
-1.674667E-05	-5.347662E-05	-3.220643E-05	
-1.780817E-05	-5.109434E-05	-3.187349E-05	
-1.905836E-05	-4.633494E-05	-3.114360E-05	
-1.997561E-05	-3.311965E-05	-2.863056E-05	
-1.506230E-05	-1.506231E-05	-2.295454E-05	
-5.198842E-06	-5.036284E-06	-1.659059E-05	
2.278166E-06	-2.278165E-06	-1.342678E-05	
5.036280E-06	-5.198844E-06	-1.659059E-05	
4.969870E-06	-8.113834E-06	-1.953049E-05	
3.976090E-06	-9.260155E-06	-2.087674E-05	
3.503743E-06	-9.569586E-06	-2.128053E-05	
3.217885E-06	-9.703980E-06	-2.146726E-05	
2.387653E-06	-9.964622E-06	-2.189428E-05	
8.510477E-12	-1.015808E-05	-2.231684E-05	
-2.387637E-06	-9.964625E-06	-2.189428E-05	
-3.217870E-06	-9.703982E-06	-2.146726E-05	
-3.503729E-06	-9.569586E-06	-2.128054E-05	
-3.976077E-06	-9.260154E-06	-2.087672E-05	
-4.969858E-06	-8.113835E-06	-1.953048E-05	
-5.036271E-06	-5.198846E-06	-1.659059E-05	
-2.278163E-06	-2.278167E-06	-1.342678E-05	
1.592975E-06	1.592974E-06	-1.591136E-05	
3.499207E-06	3.720945E-06	-1.976114E-05	
3.427739E-06	5.732746E-06	-2.322822E-05	
2.727511E-06	6.633232E-06	-2.474793E-05	
2.394922E-06	6.842786E-06	-2.519067E-05	
2.201243E-06	6.936102E-06	-2.539238E-05	
1.629186E-06	7.235976E-06	-2.584815E-05	
-2.134160E-12	7.387690E-06	-2.629011E-05	
-1.629190E-06	7.235974E-06	-2.584815E-05	
-2.201246E-06	6.936099E-06	-2.539239E-05	
-2.394925E-06	6.842773E-06	-2.519070E-05	
-2.727513E-06	6.633231E-06	-2.474790E-05	
-3.427740E-06	5.732743E-06	-2.322820E-05	
-3.499207E-06	3.720942E-06	-1.976113E-05	
-1.592975E-06	1.592972E-06	-1.591135E-05	
3.720946E-06	3.499205E-06	-1.976114E-05	
1.131000E-05	1.131000E-05	-2.955324E-05	
1.548349E-05	2.668190E-05	-4.128206E-05	
1.494691E-05	3.741514E-05	-4.791427E-05	
1.403916E-05	4.142211E-05	-5.009966E-05	
1.319235E-05	4.341447E-05	-5.115526E-05	
1.035816E-05	4.787604E-05	-5.365172E-05	
1.588156E-12	5.306672E-05	-5.619783E-05	
-1.035816E-05	4.787605E-05	-5.365172E-05	
-1.319236E-05	4.341448E-05	-5.115526E-05	
-1.403917E-05	4.142206E-05	-5.009970E-05	
-1.494691E-05	3.741512E-05	-4.791424E-05	
-1.548349E-05	2.668189E-05	-4.128204E-05	
-1.131000E-05	1.130999E-05	-2.955322E-05	
-3.720945E-06	3.499199E-06	-1.976113E-05	
5.732746E-06	3.427737E-06	-2.322823E-05	
2.668191E-05	1.548349E-05	-4.128207E-05	
5.689468E-05	5.689468E-05	-6.993710E-05	
7.307894E-05	1.184838E-04	-8.965847E-05	
7.415859E-05	1.454393E-04	-9.689837E-05	
7.192664E-05	1.602046E-04	-1.005456E-04	
5.882845E-05	1.992369E-04	-1.092262E-04	
2.346993E-11	2.375227E-04	-1.182839E-04	
-5.882841E-05	1.992369E-04	-1.092262E-04	
-7.192661E-05	1.602046E-04	-1.005456E-04	
-7.415857E-05	1.454393E-04	-9.689841E-05	
-7.307892E-05	1.184838E-04	-8.965845E-05	
-5.689466E-05	5.689466E-05	-6.993707E-05	
-2.668190E-05	1.548348E-05	-4.128204E-05	
-5.732744E-06	3.427728E-06	-2.322821E-05	
6.633232E-06	2.727509E-06	-2.474793E-05	
3.741513E-05	1.494691E-05	-4.791427E-05	
1.184838E-04	7.307894E-05	-8.965848E-05	
2.238497E-04	2.238497E-04	-1.103221E-04	
2.723523E-04	3.651101E-04	-1.102497E-04	
2.560971E-04	4.535245E-04	-1.086056E-04	
1.795447E-04	6.111360E-04	-1.092055E-04	
6.598700E-11	6.984409E-04	-1.189708E-04	
-1.795446E-04	6.111362E-04	-1.092055E-04	
-2.560970E-04	4.535246E-04	-1.086056E-04	
-2.723523E-04	3.651101E-04	-1.102497E-04	
-2.238496E-04	2.238497E-04	-1.103221E-04	
-1.184838E-04	7.307892E-05	-8.965845E-05	
-3.741513E-05	1.494689E-05	-4.791424E-05	
-6.633231E-06	2.727499E-06	-2.474791E-05	
6.842779E-06	2.394921E-06	-2.519067E-05	
4.142208E-05	1.403916E-05	-5.009966E-05	
1.454393E-04	7.415858E-05	-9.689835E-05	
3.651100E-04	2.723523E-04	-1.102497E-04	
5.106659E-04	5.106659E-04	2.701954E-05	
4.509713E-04	6.652412E-04	1.586258E-04	
2.691655E-04	9.164977E-04	1.772572E-04	
5.309292E-11	1.024240E-03	1.699507E-04	
-2.691655E-04	9.164979E-04	1.772572E-04	
-4.509713E-04	6.652413E-04	1.586259E-04	
-5.106658E-04	5.106659E-04	2.702041E-05	
-3.651099E-04	2.723523E-04	-1.102496E-04	
-1.454392E-04	7.415857E-05	-9.689831E-05	
-4.142208E-05	1.403915E-05	-5.009963E-05	
-6.842782E-06	2.394910E-06	-2.519065E-05	
6.936097E-06	2.201242E-06	-2.539239E-05	
4.341446E-05	1.319235E-05	-5.115526E-05	
1.602046E-04	7.192663E-05	-1.005456E-04	
4.535245E-04	2.560971E-04	-1.086056E-04	
6.652412E-04	4.509712E-04	1.586258E-04	
6.101367E-04	6.101367E-04	4.177641E-04	
3.467950E-04	9.984834E-04	4.609179E-04	
1.023230E-11	1.063845E-03	4.530165E-04	
-3.467949E-04	9.984834E-04	4.609177E-04	
-6.101364E-04	6.101368E-04	4.177642E-04	
-6.652409E-04	4.509714E-04	1.586265E-04	
-4.535243E-04	2.560971E-04	-1.086055E-04	
-1.602045E-04	7.192662E-05	-1.005456E-04	
-4.341445E-05	1.319234E-05	-5.115524E-05	
-6.936098E-06	2.201231E-06	-2.539237E-05	
7.235972E-06	1.629186E-06	-2.584815E-05	
4.787603E-05	1.035816E-05	-5.365172E-05	
1.992369E-04	5.882843E-05	-1.092262E-04	
6.111361E-04	1.795447E-04	-1.092055E-04	
9.164979E-04	2.691653E-04	1.772572E-04	
9.984835E-04	3.467950E-04	4.609177E-04	
5.681451E-04	5.681451E-04	1.500728E-03	
-6.594587E-11	5.853752E-04	1.193663E-03	
-5.681450E-04	5.681449E-04	1.500728E-03	
-9.984830E-04	3.467950E-04	4.609178E-04	
-9.164974E-04	2.691660E-04	1.772576E-04	
-6.111358E-04	1.795447E-04	-1.092054E-04	
-1.992368E-04	5.882845E-05	-1.092261E-04	
-4.787602E-05	1.035815E-05	-5.365170E-05	
-7.235971E-06	1.629173E-06	-2.584814E-05	
7.387688E-06	1.597946E-12	-2.629012E-05	
5.306671E-05	4.705656E-12	-5.619783E-05	
2.375227E-04	8.130186E-12	-1.182839E-04	
6.984409E-04	1.425093E-11	-1.189708E-04	
1.024240E-03	-3.934302E-10	1.699509E-04	
1.063845E-03	3.363601E-11	4.530164E-04	
5.853752E-04	-3.542879E-12	1.193663E-03	
3.614638E-11	4.193499E-11	8.620636E-04	
-5.853751E-04	-1.835051E-10	1.193663E-03	
-1.063845E-03	-8.497208E-11	4.530164E-04	
-1.024240E-03	9.972456E-10	1.699504E-04	
-6.984408E-04	8.556907E-11	-1.189708E-04	
-2.375227E-04	3.086414E-11	-1.182838E-04	
-5.306670E-05	-6.506887E-12	-5.619781E-05	
-7.387684E-06	-1.369195E-11	-2.629010E-05	
7.235976E-06	-1.629184E-06	-2.584816E-05	
4.787605E-05	-1.035815E-05	-5.365173E-05	
1.992369E-04	-5.882841E-05	-1.092262E-04	
6.111362E-04	-1.795447E-04	-1.092055E-04	
9.164979E-04	-2.691657E-04	1.772575E-04	
9.984835E-04	-3.467950E-04	4.609177E-04	
5.681451E-04	-5.681451E-04	1.500728E-03	
8.144537E-11	-5.853751E-04	1.193663E-03	
-5.681450E-04	-5.681450E-04	1.500728E-03	
-9.984835E-04	-3.467950E-04	4.609176E-04	
-9.164979E-04	-2.691648E-04	1.772566E-04	
-6.111361E-04	-1.795446E-04	-1.092055E-04	
-1.992369E-04	-5.882840E-05	-1.092262E-04	
-4.787603E-05	-1.035817E-05	-5.365170E-05	
-7.235967E-06	-1.629200E-06	-2.584814E-05	
6.936104E-06	-2.201241E-06	-2.539239E-05	
4.341448E-05	-1.319234E-05	-5.115527E-05	
1.602046E-04	-7.192659E-05	-1.005456E-04	
4.535246E-04	-2.560971E-04	-1.086056E-04	
6.652412E-04	-4.509713E-04	1.586260E-04	
6.101367E-04	-6.101367E-04	4.177641E-04	
3.467952E-04	-9.984834E-04	4.609176E-04	
6.850891E-11	-1.063844E-03	4.530164E-04	
-3.467951E-04	-9.984832E-04	4.609176E-04	
-6.101368E-04	-6.101365E-04	4.177640E-04	
-6.652413E-04	-4.509711E-04	1.586253E-04	
-4.535246E-04	-2.560970E-04	-1.086056E-04	
-1.602046E-04	-7.192662E-05	-1.005456E-04	
-4.341445E-05	-1.319237E-05	-5.115524E-05	
-6.936091E-06	-2.201256E-06	-2.539237E-05	
6.842778E-06	-2.394920E-06	-2.519071E-05	
4.142207E-05	-1.403915E-05	-5.009972E-05	
1.454393E-04	-7.415853E-05	-9.689846E-05	
3.651101E-04	-2.723523E-04	-1.102498E-04	
5.106660E-04	-5.106659E-04	2.701971E-05	
4.509714E-04	-6.652412E-04	1.586258E-04	
2.691656E-04	-9.164979E-04	1.772572E-04	
8.164010E-11	-1.024240E-03	1.699507E-04	
-2.691655E-04	-9.164976E-04	1.772572E-04	
-4.509712E-04	-6.652409E-04	1.586258E-04	
-5.106659E-04	-5.106657E-04	2.701951E-05	
-3.651100E-04	-2.723523E-04	-1.102498E-04	
-1.454392E-04	-7.415857E-05	-9.689843E-05	
-4.142205E-05	-1.403918E-05	-5.009970E-05	
-6.842773E-06	-2.394935E-06	-2.519069E-05	
6.633227E-06	-2.727508E-06	-2.474790E-05	
3.741512E-05	-1.494689E-05	-4.791424E-05	
1.184838E-04	-7.307890E-05	-8.965845E-05	
2.238497E-04	-2.238497E-04	-1.103221E-04	
2.723523E-04	-3.651101E-04	-1.102496E-04	
2.560971E-04	-4.535246E-04	-1.086056E-04	
1.795446E-04	-6.111361E-04	-1.092055E-04	
-5.545462E-11	-6.984407E-04	-1.189708E-04	
-1.795447E-04	-6.111359E-04	-1.092055E-04	
-2.560971E-04	-4.535243E-04	-1.086055E-04	
-2.723523E-04	-3.651099E-04	-1.102497E-04	
-2.238496E-04	-2.238497E-04	-1.103221E-04	
-1.184838E-04	-7.307893E-05	-8.965845E-05	
-3.741510E-05	-1.494692E-05	-4.791424E-05	
-6.633226E-06	-2.727522E-06	-2.474791E-05	
5.732741E-06	-3.427734E-06	-2.322820E-05	
2.668189E-05	-1.548348E-05	-4.128204E-05	
5.689466E-05	-5.689465E-05	-6.993708E-05	
7.307893E-05	-1.184838E-04	-8.965847E-05	
7.415857E-05	-1.454393E-04	-9.689837E-05	
7.192662E-05	-1.602045E-04	-1.005456E-04	
5.882842E-05	-1.992369E-04	-1.092262E-04	
-7.735106E-12	-2.375227E-04	-1.182838E-04	
-5.882841E-05	-1.992368E-04	-1.092262E-04	
-7.192658E-05	-1.602045E-04	-1.005456E-04	
-7.415852E-05	-1.454393E-04	-9.689838E-05	
-7.307889E-05	-1.184838E-04	-8.965844E-05	
-5.689464E-05	-5.689466E-05	-6.993707E-05	
-2.668188E-05	-1.548349E-05	-4.128204E-05	
-5.732739E-06	-3.427746E-06	-2.322820E-05	
3.720943E-06	-3.499203E-06	-1.976113E-05	
1.131000E-05	-1.130999E-05	-2.955322E-05	
1.548348E-05	-2.668189E-05	-4.128205E-05	
1.494691E-05	-3.741511E-05	-4.791426E-05	
1.403917E-05	-4.142206E-05	-5.009966E-05	
1.319235E-05	-4.341445E-05	-5.115524E-05	
1.035816E-05	-4.787602E-05	-5.365170E-05	
7.722563E-12	-5.306669E-05	-5.619781E-05	
-1.035815E-05	-4.787602E-05	-5.365170E-05	
-1.319233E-05	-4.341445E-05	-5.115525E-05	
-1.403915E-05	-4.142207E-05	-5.009968E-05	
-1.494689E-05	-3.741511E-05	-4.791423E-05	
-1.548347E-05	-2.668189E-05	-4.128204E-05	
-1.130999E-05	-1.131000E-05	-2.955322E-05	
-3.720940E-06	-3.499210E-06	-1.976113E-05	
1.592974E-06	-1.592973E-06	-1.591135E-05	
3.499205E-06	-3.720942E-06	-1.976113E-05	
3.427739E-06	-5.732740E-06	-2.322821E-05	
2.727514E-06	-6.633226E-06	-2.474791E-05	
2.394926E-06	-6.842771E-06	-2.519066E-05	
2.201248E-06	-6.936094E-06	-2.539237E-05	
1.629192E-06	-7.235968E-06	-2.584814E-05	
6.499588E-12	-7.387684E-06	-2.629010E-05	
-1.629179E-06	-7.235970E-06	-2.584814E-05	
-2.201235E-06	-6.936096E-06	-2.539237E-05	
-2.394915E-06	-6.842782E-06	-2.519068E-05	
-2.727503E-06	-6.633227E-06	-2.474790E-05	
-3.427729E-06	-5.732742E-06	-2.322820E-05	
-3.499198E-06	-3.720944E-06	-1.976112E-05	
-1.592971E-06	-1.592975E-06	-1.591135E-05	
2.806666E-13	-5.141931E-13	-1.655499E-05	
-2.200726E-14	3.823162E-13	-2.059116E-05	
-1.432172E-12	1.557670E-12	-2.419399E-05	
-2.773638E-12	1.887999E-12	-2.577247E-05	
-3.381894E-12	6.254049E-12	-2.623132E-05	
-3.414393E-12	2.725551E-12	-2.644043E-05	
-3.420071E-12	2.061912E-12	-2.691450E-05	
-4.249215E-12	2.050147E-12	-2.737134E-05	
-5.117783E-12	1.259394E-12	-2.691450E-05	
-5.119411E-12	-7.968807E-13	-2.644043E-05	
-4.895853E-12	-6.940400E-12	-2.623136E-05	
-5.380576E-12	1.212418E-12	-2.577245E-05	
-5.880118E-12	-3.760605E-14	-2.419397E-05	
-4.722066E-12	-9.306800E-13	-2.059115E-05	
-1.834083E-12	-1.620574E-12	-1.655497E-05	
9.633076E-13	-2.135006E-12	-2.059116E-05	
2.536791E-12	1.306197E-13	-3.148729E-05	
2.677731E-12	4.843530E-12	-4.523886E-05	
1.073819E-12	9.626804E-12	-5.310948E-05	
-2.265962E-13	2.102486E-11	-5.571806E-05	
2.070743E-13	3.743693E-12	-5.697878E-05	
8.681569E-13	5.487301E-12	-5.994958E-05	
-1.690756E-12	8.518979E-12	-6.300234E-05	
-6.319141E-12	1.081238E-11	-5.994958E-05	
-9.839490E-12	1.096006E-11	-5.697878E-05	
-1.128204E-11	-1.025206E-11	-5.571810E-05	
-1.043971E-11	-1.005957E-12	-5.310946E-05	
-8.863502E-12	-7.857831E-13	-4.523883E-05	
-6.374664E-12	-2.912655E-12	-3.148727E-05	
-2.344853E-12	-4.986799E-12	-2.059115E-05	
1.249315E-12	-3.926974E-12	-2.419399E-05	
5.830429E-12	-1.906808E-12	-4.523886E-05	
1.146199E-11	6.049558E-12	-8.493346E-05	
1.752036E-11	1.179945E-11	-1.193064E-04	
2.134955E-11	2.503532E-11	-1.328736E-04	
1.907148E-11	9.843580E-12	-1.399221E-04	
1.359527E-11	1.199149E-11	-1.572301E-04	
5.203014E-12	1.729712E-11	-1.754149E-04	
-1.020277E-12	2.147109E-11	-1.572301E-04	
-1.369387E-12	2.103956E-11	-1.399221E-04	
-5.347145E-13	-7.854903E-12	-1.328736E-04	
-5.482032E-12	5.928836E-12	-1.193064E-04	
-1.171840E-11	8.907225E-13	-8.493343E-05	
-9.505518E-12	-4.872709E-12	-4.523883E-05	
-3.114391E-12	-7.978966E-12	-2.419397E-05	
2.381190E-13	-4.683613E-12	-2.577247E-05	
6.942358E-12	-4.670931E-12	-5.310948E-05	
1.538036E-11	6.160190E-12	-1.193064E-04	
1.850367E-11	9.601985E-12	-2.072138E-04	
1.950767E-11	2.274081E-11	-2.547757E-04	
1.667891E-11	2.177377E-11	-2.820536E-04	
9.443382E-12	2.204490E-11	-3.429076E-04	
3.176754E-12	2.255364E-11	-3.939562E-04	
-7.146386E-12	3.256668E-11	-3.429077E-04	
-1.627894E-11	2.073299E-11	-2.820537E-04	
-1.743000E-11	7.700587E-12	-2.547757E-04	
-1.814484E-11	1.697234E-11	-2.072138E-04	
-1.821139E-11	4.651907E-12	-1.193064E-04	
-1.285846E-11	-6.728472E-12	-5.310945E-05	
-3.762307E-12	-1.007634E-11	-2.577245E-05	
-2.890469E-12	-4.759201E-12	-2.623132E-05	
-5.582427E-13	-6.125142E-12	-5.571806E-05	
5.562811E-12	6.809354E-12	-1.328735E-04	
4.599296E-12	1.126579E-11	-2.547757E-04	
-2.358158E-11	1.754754E-11	-2.547756E-04	
-2.217375E-11	6.105054E-12	-1.328735E-04	
-1.845536E-11	-7.772707E-12	-5.571803E-05	
-6.586387E-12	-1.102711E-11	-2.623130E-05	
-3.133432E-12	-4.429804E-12	-2.644043E-05	
-1.118667E-11	-5.402430E-12	-5.697877E-05	
-7.469931E-12	5.451274E-12	-1.399221E-04	
5.371404E-12	1.139520E-11	-2.820537E-04	
9.021180E-12	2.958956E-11	6.607600E-04	
-7.458351E-12	4.362820E-11	5.223778E-04	
-2.538398E-11	2.412320E-11	4.439655E-04	
-3.374196E-11	4.552656E-11	5.223778E-04	
-3.682408E-11	2.215453E-11	6.607601E-04	
-2.068550E-11	1.225569E-11	-2.820535E-04	
-5.334444E-12	5.130527E-12	-1.399221E-04	
-1.955213E-12	-7.497189E-12	-5.697876E-05	
-1.398096E-12	-1.102385E-11	-2.644042E-05	
-1.937236E-12	-3.721464E-12	-2.691450E-05	
-8.213388E-12	-3.359106E-12	-5.994957E-05	
-6.396670E-12	2.301267E-12	-1.572301E-04	
3.267458E-12	8.794603E-12	-3.429077E-04	
1.251721E-11	3.283033E-11	5.223778E-04	
-4.643027E-11	-2.920266E-12	5.223779E-04	
-2.492821E-11	-2.060037E-12	-3.429075E-04	
-5.751633E-12	9.081637E-13	-1.572300E-04	
-2.520162E-13	-7.024298E-12	-5.994955E-05	
-6.327697E-13	-1.089528E-11	-2.691449E-05	
-9.989894E-13	-2.608580E-12	-2.737134E-05	
-3.620569E-12	-1.264322E-12	-6.300234E-05	
-5.897117E-12	1.906737E-12	-1.754149E-04	
-8.812636E-12	8.315752E-12	-3.939562E-04	
-9.211239E-12	3.205509E-11	4.439655E-04	
-1.034338E-11	-2.585075E-11	4.439655E-04	
-7.046328E-12	-1.490015E-11	-3.939561E-04	
-1.521416E-12	-4.565038E-12	-1.754148E-04	
-3.139463E-13	-7.653684E-12	-6.300231E-05	
-2.050798E-13	-1.077561E-11	-2.737132E-05	
9.424651E-13	-1.967745E-12	-2.691451E-05	
1.436908E-12	-7.667788E-13	-5.994958E-05	
-3.613913E-12	4.533516E-12	-1.572301E-04	
-1.210785E-11	1.188839E-11	-3.429077E-04	
-1.441519E-11	3.499323E-11	5.223778E-04	
4.823105E-11	-1.184364E-11	5.223777E-04	
2.187950E-11	-1.008690E-11	-3.429077E-04	
7.008826E-12	-5.082629E-12	-1.572300E-04	
1.354091E-12	-8.158218E-12	-5.994955E-05	
5.288433E-13	-1.029060E-11	-2.691448E-05	
2.967610E-12	-2.321842E-12	-2.644044E-05	
7.259305E-12	-1.915987E-12	-5.697878E-05	
2.222058E-12	5.505410E-12	-1.399221E-04	
-5.138028E-12	1.228096E-11	-2.820537E-04	
-4.457816E-12	3.823037E-11	6.607601E-04	
1.273420E-11	5.651773E-11	5.223778E-04	
2.845908E-11	3.566809E-11	4.439655E-04	
3.376554E-11	1.963965E-11	5.223778E-04	
3.877369E-11	2.158913E-12	6.607599E-04	
2.844322E-11	1.282822E-12	-2.820537E-04	
1.412607E-11	-1.446724E-12	-1.399221E-04	
4.952692E-12	-7.494958E-12	-5.697875E-05	
1.793192E-12	-9.542233E-12	-2.644042E-05	
2.683267E-12	-2.534934E-12	-2.623136E-05	
4.737373E-12	-2.663512E-12	-5.571812E-05	
4.588920E-12	5.123793E-12	-1.328736E-04	
3.189329E-12	1.116507E-11	-2.547758E-04	
3.619105E-11	3.492148E-12	-2.547758E-04	
3.822378E-11	7.766964E-13	-1.328736E-04	
1.826003E-11	-6.862283E-12	-5.571809E-05	
4.778423E-12	-9.084805E-12	-2.623134E-05	
-7.302210E-13	-2.527977E-12	-2.577244E-05	
-4.993147E-12	-1.583436E-12	-5.310945E-05	
-8.765455E-12	5.596226E-12	-1.193064E-04	
-1.032308E-11	1.125716E-11	-2.072138E-04	
-1.127757E-11	3.274478E-11	-2.547757E-04	
-8.994827E-12	3.097207E-11	-2.820536E-04	
-1.963657E-12	3.807563E-11	-3.429076E-04	
1.369469E-11	3.003312E-11	-3.939561E-04	
2.368265E-11	1.079547E-11	-3.429076E-04	
2.104407E-11	2.281169E-12	-2.820535E-04	
1.946059E-11	-5.009409E-12	-2.547757E-04	
1.826433E-11	1.716381E-12	-2.072138E-04	
1.541426E-11	-7.227104E-13	-1.193063E-04	
9.715749E-12	-6.862264E-12	-5.310945E-05	
2.587204E-12	-8.905086E-12	-2.577245E-05	
-9.228347E-13	-2.140256E-12	-2.419397E-05	
-3.433193E-12	2.732019E-13	-4.523883E-05	
-5.362570E-12	5.892738E-12	-8.493344E-05	
-6.340942E-12	1.050855E-11	-1.193064E-04	
-6.990728E-12	1.871863E-11	-1.328736E-04	
-5.085062E-12	2.009433E-11	-1.399221E-04	
6.620964E-13	2.413343E-11	-1.572300E-04	
1.077572E-11	1.994979E-11	-1.754148E-04	
1.596851E-11	9.192905E-12	-1.572300E-04	
1.304543E-11	3.558017E-12	-1.399221E-04	
1.098347E-11	-1.219831E-11	-1.328735E-04	
1.096588E-11	8.245526E-13	-1.193063E-04	
1.027999E-11	-2.462382E-12	-8.493342E-05	
6.970321E-12	-6.250616E-12	-4.523883E-05	
2.280219E-12	-7.896242E-12	-2.419397E-05	
-6.564111E-13	-1.144864E-12	-2.059115E-05	
-1.532178E-12	1.059654E-12	-3.148728E-05	
-1.561469E-12	4.278987E-12	-4.523884E-05	
-1.318280E-12	6.955925E-12	-5.310946E-05	
-1.352528E-12	1.269516E-11	-5.571805E-05	
-7.075735E-13	9.040902E-12	-5.697875E-05	
1.326733E-12	1.005914E-11	-5.994956E-05	
4.656207E-12	8.839911E-12	-6.300231E-05	
6.281382E-12	6.006905E-12	-5.994956E-05	
5.328769E-12	3.481921E-12	-5.697875E-05	
4.910549E-12	-5.314260E-12	-5.571807E-05	
5.547014E-12	-2.671792E-13	-5.310944E-05	
5.989706E-12	-1.986304E-12	-4.523883E-05	
4.721622E-12	-4.084516E-12	-3.148727E-05	
1.757618E-12	-5.260482E-12	-2.059115E-05	
-2.204401E-13	-2.869179E-13	-1.655498E-05	
-1.097151E-13	5.189979E-13	-2.059115E-05	
6.601026E-13	1.474458E-12	-2.419398E-05	
1.322049E-12	2.123944E-12	-2.577246E-05	
1.527598E-12	5.211691E-12	-2.623132E-05	
1.744681E-12	2.279234E-12	-2.644042E-05	
2.241843E-12	2.132035E-12	-2.691449E-05	
3.438136E-12	2.176753E-12	-2.737132E-05	
4.724830E-12	2.077893E-12	-2.691449E-05	
5.264627E-12	1.543586E-12	-2.644042E-05	
5.523375E-12	-3.304440E-12	-2.623133E-05	
5.283911E-12	-8.046115E-13	-2.577244E-05	
4.759997E-12	-8.221449E-13	-2.419397E-05	
3.723348E-12	-1.362227E-12	-2.059114E-05	
1.449731E-12	-1.776820E-12	-1.655497E-05	
-1.592974E-06	-1.592975E-06	-1.591136E-05	
-3.499207E-06	-3.720944E-06	-1.976114E-05	
-3.427742E-06	-5.732742E-06	-2.322822E-05	
-2.727516E-06	-6.633228E-06	-2.474793E-05	
-2.394926E-06	-6.842771E-06	-2.519067E-05	
-2.201248E-06	-6.936098E-06	-2.539239E-05	
-1.629192E-06	-7.235973E-06	-2.584815E-05	
-6.236387E-12	-7.387687E-06	-2.629012E-05	
1.629179E-06	-7.235972E-06	-2.584815E-05	
2.201233E-06	-6.936100E-06	-2.539238E-05	
2.394911E-06	-6.842786E-06	-2.519070E-05	
2.727501E-06	-6.633229E-06	-2.474790E-05	
3.427730E-06	-5.732743E-06	-2.322820E-05	
3.499200E-06	-3.720944E-06	-1.976113E-05	
1.592972E-06	-1.592975E-06	-1.591135E-05	
-3.720944E-06	-3.499210E-06	-1.976114E-05	
-1.131000E-05	-1.131000E-05	-2.955324E-05	
-1.548349E-05	-2.668190E-05	-4.128206E-05	
-1.494691E-05	-3.741512E-05	-4.791427E-05	
-1.403916E-05	-4.142205E-05	-5.009966E-05	
-1.319235E-05	-4.341446E-05	-5.115527E-05	
-1.035816E-05	-4.787603E-05	-5.365172E-05	
-4.952672E-12	-5.306671E-05	-5.619783E-05	
1.035815E-05	-4.787604E-05	-5.365172E-05	
1.319234E-05	-4.341447E-05	-5.115526E-05	
1.403915E-05	-4.142211E-05	-5.009971E-05	
1.494689E-05	-3.741512E-05	-4.791425E-05	
1.548348E-05	-2.668190E-05	-4.128204E-05	
1.130999E-05	-1.131000E-05	-2.955322E-05	
3.720941E-06	-3.499209E-06	-1.976113E-05	
-5.732743E-06	-3.427746E-06	-2.322822E-05	
-2.668190E-05	-1.548349E-05	-4.128207E-05	
-5.689466E-05	-5.689467E-05	-6.993711E-05	
-7.307892E-05	-1.184838E-04	-8.965849E-05	
-7.415856E-05	-1.454392E-04	-9.689838E-05	
-7.192662E-05	-1.602045E-04	-1.005456E-04	
-5.882843E-05	-1.992368E-04	-1.092262E-04	
-1.569697E-11	-2.375227E-04	-1.182839E-04	
5.882841E-05	-1.992369E-04	-1.092262E-04	
7.192661E-05	-1.602046E-04	-1.005456E-04	
7.415856E-05	-1.454394E-04	-9.689843E-05	
7.307891E-05	-1.184838E-04	-8.965845E-05	
5.689465E-05	-5.689466E-05	-6.993708E-05	
2.668188E-05	-1.548349E-05	-4.128204E-05	
5.732739E-06	-3.427745E-06	-2.322820E-05	
-6.633230E-06	-2.727520E-06	-2.474793E-05	
-3.741512E-05	-1.494692E-05	-4.791427E-05	
-1.184838E-04	-7.307893E-05	-8.965850E-05	
-2.238497E-04	-2.238497E-04	-1.103221E-04	
-2.723523E-04	-3.651100E-04	-1.102497E-04	
-2.560971E-04	-4.535245E-04	-1.086056E-04	
-1.795447E-04	-6.111360E-04	-1.092055E-04	
-4.806470E-11	-6.984408E-04	-1.189709E-04	
1.795446E-04	-6.111361E-04	-1.092055E-04	
2.560970E-04	-4.535246E-04	-1.086056E-04	
2.723522E-04	-3.651101E-04	-1.102497E-04	
2.238496E-04	-2.238496E-04	-1.103221E-04	
1.184838E-04	-7.307892E-05	-8.965846E-05	
3.741511E-05	-1.494691E-05	-4.791425E-05	
6.633224E-06	-2.727518E-06	-2.474791E-05	
-6.842782E-06	-2.394930E-06	-2.519067E-05	
-4.142209E-05	-1.403917E-05	-5.009966E-05	
-1.454393E-04	-7.415858E-05	-9.689836E-05	
-3.651100E-04	-2.723523E-04	-1.102497E-04	
-5.106659E-04	-5.106658E-04	2.701960E-05	
-4.509713E-04	-6.652411E-04	1.586258E-04	
-2.691655E-04	-9.164977E-04	1.772572E-04	
-7.500996E-11	-1.024240E-03	1.699506E-04	
2.691655E-04	-9.164978E-04	1.772571E-04	
4.509712E-04	-6.652412E-04	1.586259E-04	
5.106658E-04	-5.106659E-04	2.702022E-05	
3.651099E-04	-2.723523E-04	-1.102496E-04	
1.454392E-04	-7.415857E-05	-9.689833E-05	
4.142206E-05	-1.403916E-05	-5.009963E-05	
6.842774E-06	-2.394929E-06	-2.519065E-05	
-6.936101E-06	-2.201252E-06	-2.539239E-05	
-4.341447E-05	-1.319236E-05	-5.115526E-05	
-1.602046E-04	-7.192663E-05	-1.005456E-04	
-4.535246E-04	-2.560971E-04	-1.086056E-04	
-6.652412E-04	-4.509712E-04	1.586257E-04	
-6.101367E-04	-6.101366E-04	4.177641E-04	
-3.467951E-04	-9.984833E-04	4.609177E-04	
-4.766646E-11	-1.063845E-03	4.530165E-04	
3.467949E-04	-9.984834E-04	4.609177E-04	
6.101364E-04	-6.101367E-04	4.177642E-04	
6.652408E-04	-4.509713E-04	1.586266E-04	
4.535243E-04	-2.560971E-04	-1.086055E-04	
1.602045E-04	-7.192663E-05	-1.005456E-04	
4.341445E-05	-1.319235E-05	-5.115524E-05	
6.936098E-06	-2.201251E-06	-2.539237E-05	
-7.235973E-06	-1.629195E-06	-2.584815E-05	
-4.787604E-05	-1.035817E-05	-5.365172E-05	
-1.992369E-04	-5.882844E-05	-1.092262E-04	
-6.111361E-04	-1.795447E-04	-1.092055E-04	
-9.164979E-04	-2.691654E-04	1.772572E-04	
-9.984835E-04	-3.467949E-04	4.609177E-04	
-5.681451E-04	-5.681450E-04	1.500728E-03	
2.556364E-11	-5.853752E-04	1.193663E-03	
5.681449E-04	-5.681450E-04	1.500728E-03	
9.984830E-04	-3.467949E-04	4.609178E-04	
9.164974E-04	-2.691658E-04	1.772576E-04	
6.111358E-04	-1.795448E-04	-1.092054E-04	
1.992368E-04	-5.882845E-05	-1.092261E-04	
4.787602E-05	-1.035817E-05	-5.365170E-05	
7.235972E-06	-1.629196E-06	-2.584814E-05	
-7.387687E-06	-7.234209E-12	-2.629012E-05	
-5.306671E-05	-8.926133E-12	-5.619783E-05	
-2.375227E-04	-6.664719E-12	-1.182839E-04	
-6.984409E-04	-3.359681E-12	-1.189708E-04	
-1.024240E-03	3.850602E-10	1.699509E-04	
-1.063845E-03	7.322520E-11	4.530163E-04	
-5.853752E-04	1.452982E-11	1.193663E-03	
-4.526979E-11	-2.970940E-11	8.620636E-04	
5.853751E-04	1.002198E-10	1.193663E-03	
1.063845E-03	1.036026E-10	4.530164E-04	
1.024240E-03	-7.604814E-10	1.699504E-04	
6.984408E-04	-9.932258E-11	-1.189708E-04	
2.375227E-04	-3.477034E-11	-1.182838E-04	
5.306670E-05	-1.053244E-11	-5.619781E-05	
7.387686E-06	-1.012068E-11	-2.629010E-05	
-7.235971E-06	1.629180E-06	-2.584816E-05	
-4.787603E-05	1.035815E-05	-5.365172E-05	
-1.992369E-04	5.882843E-05	-1.092262E-04	
-6.111362E-04	1.795447E-04	-1.092055E-04	
-9.164979E-04	2.691659E-04	1.772575E-04	
-9.984834E-04	3.467950E-04	4.609176E-04	
-5.681450E-04	5.681451E-04	1.500728E-03	
-5.160067E-11	5.853751E-04	1.193663E-03	
5.681450E-04	5.681450E-04	1.500728E-03	
9.984835E-04	3.467950E-04	4.609176E-04	
9.164980E-04	2.691647E-04	1.772565E-04	
6.111361E-04	1.795446E-04	-1.092055E-04	
1.992369E-04	5.882839E-05	-1.092262E-04	
4.787604E-05	1.035815E-05	-5.365169E-05	
7.235973E-06	1.629176E-06	-2.584814E-05	
-6.936095E-06	2.201235E-06	-2.539239E-05	
-4.341445E-05	1.319234E-05	-5.115526E-05	
-1.602045E-04	7.192663E-05	-1.005456E-04	
-4.535246E-04	2.560971E-04	-1.086056E-04	
-6.652412E-04	4.509714E-04	1.586260E-04	
-6.101367E-04	6.101368E-04	4.177640E-04	
-3.467951E-04	9.984835E-04	4.609176E-04	
-1.326050E-10	1.063845E-03	4.530164E-04	
3.467950E-04	9.984832E-04	4.609177E-04	
6.101368E-04	6.101365E-04	4.177640E-04	
6.652414E-04	4.509709E-04	1.586254E-04	
4.535246E-04	2.560970E-04	-1.086056E-04	
1.602046E-04	7.192659E-05	-1.005456E-04	
4.341448E-05	1.319233E-05	-5.115524E-05	
6.936101E-06	2.201231E-06	-2.539237E-05	
-6.842776E-06	2.394912E-06	-2.519071E-05	
-4.142207E-05	1.403915E-05	-5.009972E-05	
-1.454393E-04	7.415858E-05	-9.689845E-05	
-3.651101E-04	2.723524E-04	-1.102497E-04	
-5.106660E-04	5.106659E-04	2.701963E-05	
-4.509713E-04	6.652413E-04	1.586258E-04	
-2.691655E-04	9.164980E-04	1.772572E-04	
-5.427090E-11	1.024240E-03	1.699507E-04	
2.691654E-04	9.164976E-04	1.772572E-04	
4.509713E-04	6.652409E-04	1.586259E-04	
5.106660E-04	5.106656E-04	2.701982E-05	
3.651102E-04	2.723523E-04	-1.102497E-04	
1.454393E-04	7.415854E-05	-9.689842E-05	
4.142208E-05	1.403915E-05	-5.009970E-05	
6.842780E-06	2.394908E-06	-2.519069E-05	
-6.633230E-06	2.727502E-06	-2.474790E-05	
-3.741513E-05	1.494690E-05	-4.791424E-05	
-1.184838E-04	7.307893E-05	-8.965845E-05	
-2.238497E-04	2.238497E-04	-1.103221E-04	
-2.723523E-04	3.651101E-04	-1.102496E-04	
-2.560971E-04	4.535246E-04	-1.086055E-04	
-1.795446E-04	6.111362E-04	-1.092055E-04	
8.047681E-11	6.984408E-04	-1.189708E-04	
1.795448E-04	6.111359E-04	-1.092055E-04	
2.560971E-04	4.535243E-04	-1.086055E-04	
2.723524E-04	3.651098E-04	-1.102497E-04	
2.238497E-04	2.238496E-04	-1.103221E-04	
1.184838E-04	7.307890E-05	-8.965843E-05	
3.741512E-05	1.494689E-05	-4.791424E-05	
6.633231E-06	2.727499E-06	-2.474790E-05	
-5.732744E-06	3.427732E-06	-2.322820E-05	
-2.668190E-05	1.548348E-05	-4.128204E-05	
-5.689467E-05	5.689467E-05	-6.993708E-05	
-7.307893E-05	1.184838E-04	-8.965846E-05	
-7.415857E-05	1.454393E-04	-9.689835E-05	
-7.192662E-05	1.602046E-04	-1.005456E-04	
-5.882841E-05	1.992369E-04	-1.092262E-04	
2.429044E-11	2.375227E-04	-1.182838E-04	
5.882845E-05	1.992368E-04	-1.092261E-04	
7.192663E-05	1.602045E-04	-1.005455E-04	
7.415858E-05	1.454392E-04	-9.689836E-05	
7.307893E-05	1.184838E-04	-8.965844E-05	
5.689466E-05	5.689465E-05	-6.993706E-05	
2.668190E-05	1.548348E-05	-4.128204E-05	
5.732745E-06	3.427729E-06	-2.322820E-05	
-3.720945E-06	3.499202E-06	-1.976113E-05	
-1.131000E-05	1.131000E-05	-2.955322E-05	
-1.548349E-05	2.668190E-05	-4.128205E-05	
-1.494691E-05	3.741513E-05	-4.791425E-05	
-1.403916E-05	4.142210E-05	-5.009965E-05	
-1.319235E-05	4.341446E-05	-5.115524E-05	
-1.035816E-05	4.787604E-05	-5.365170E-05	
1.354123E-12	5.306670E-05	-5.619781E-05	
1.035816E-05	4.787603E-05	-5.365169E-05	
1.319235E-05	4.341445E-05	-5.115523E-05	
1.403916E-05	4.142204E-05	-5.009968E-05	
1.494690E-05	3.741512E-05	-4.791423E-05	
1.548349E-05	2.668189E-05	-4.128204E-05	
1.131000E-05	1.130999E-05	-2.955322E-05	
3.720945E-06	3.499200E-06	-1.976113E-05	
-1.592974E-06	1.592973E-06	-1.591135E-05	
-3.499207E-06	3.720944E-06	-1.976113E-05	
-3.427739E-06	5.732744E-06	-2.322821E-05	
-2.727511E-06	6.633232E-06	-2.474791E-05	
-2.394921E-06	6.842791E-06	-2.519066E-05	
-2.201242E-06	6.936098E-06	-2.539237E-05	
-1.629186E-06	7.235972E-06	-2.584814E-05	
8.501070E-13	7.387687E-06	-2.629010E-05	
1.629188E-06	7.235972E-06	-2.584814E-05	
2.201244E-06	6.936096E-06	-2.539237E-05	
2.394922E-06	6.842763E-06	-2.519069E-05	
2.727511E-06	6.633227E-06	-2.474790E-05	
3.427739E-06	5.732741E-06	-2.322820E-05	
3.499207E-06	3.720942E-06	-1.976112E-05	
1.592975E-06	1.592972E-06	-1.591135E-05	
-2.278166E-06	-2.278167E-06	-1.342679E-05	
-5.036281E-06	-5.198847E-06	-1.659060E-05	
-4.969872E-06	-8.113836E-06	-1.953049E-05	
-3.976093E-06	-9.260156E-06	-2.087675E-05	
-3.503747E-06	-9.569586E-06	-2.128053E-05	
-3.217888E-06	-9.703986E-06	-2.146727E-05	
-2.387655E-06	-9.964629E-06	-2.189429E-05	
-9.340804E-12	-1.015808E-05	-2.231685E-05	
2.387637E-06	-9.964628E-06	-2.189429E-05	
3.217870E-06	-9.703986E-06	-2.146727E-05	
3.503729E-06	-9.569592E-06	-2.128056E-05	
3.976077E-06	-9.260157E-06	-2.087673E-05	
4.969859E-06	-8.113837E-06	-1.953048E-05	
5.036273E-06	-5.198846E-06	-1.659059E-05	
2.278163E-06	-2.278167E-06	-1.342678E-05	
-5.198846E-06	-5.036285E-06	-1.659060E-05	
-1.506231E-05	-1.506231E-05	-2.295456E-05	
-1.997563E-05	-3.311965E-05	-2.863058E-05	
-1.905838E-05	-4.633495E-05	-3.114363E-05	
-1.780819E-05	-5.109433E-05	-3.187347E-05	
-1.674669E-05	-5.347664E-05	-3.220644E-05	
-1.310980E-05	-5.934489E-05	-3.296533E-05	
-8.952819E-12	-6.566907E-05	-3.368365E-05	
1.310978E-05	-5.934489E-05	-3.296533E-05	
1.674668E-05	-5.347664E-05	-3.220643E-05	
1.780818E-05	-5.109436E-05	-3.187350E-05	
1.905837E-05	-4.633494E-05	-3.114361E-05	
1.997562E-05	-3.311965E-05	-2.863057E-05	
1.506230E-05	-1.506231E-05	-2.295455E-05	
5.198843E-06	-5.036282E-06	-1.659059E-05	
-8.113837E-06	-4.969877E-06	-1.953050E-05	
-3.311965E-05	-1.997563E-05	-2.863059E-05	
-6.190723E-05	-6.190724E-05	-3.114955E-05	
-7.417211E-05	-1.089421E-04	-2.447952E-05	
-7.437285E-05	-1.299148E-04	-2.079918E-05	
-7.139894E-05	-1.412500E-04	-1.868592E-05	
-5.775202E-05	-1.684839E-04	-1.318207E-05	
-2.224562E-11	-1.962248E-04	-7.223690E-06	
5.775199E-05	-1.684839E-04	-1.318206E-05	
7.139893E-05	-1.412500E-04	-1.868591E-05	
7.437284E-05	-1.299149E-04	-2.079920E-05	
7.417209E-05	-1.089421E-04	-2.447950E-05	
6.190721E-05	-6.190723E-05	-3.114952E-05	
3.311964E-05	-1.997563E-05	-2.863057E-05	
8.113832E-06	-4.969873E-06	-1.953048E-05	
-9.260158E-06	-3.976098E-06	-2.087675E-05	
-4.633495E-05	-1.905839E-05	-3.114363E-05	
-1.089421E-04	-7.417213E-05	-2.447952E-05	
-1.521121E-04	-1.521121E-04	2.007960E-05	
-1.603806E-04	-1.879613E-04	5.228040E-05	
-1.554918E-04	-2.080447E-04	7.190317E-05	
-1.244373E-04	-2.590185E-04	1.135699E-04	
-4.212463E-11	-3.078960E-04	1.435096E-04	
1.244372E-04	-2.590186E-04	1.135699E-04	
1.554917E-04	-2.080448E-04	7.190322E-05	
1.603805E-04	-1.879614E-04	5.228042E-05	
1.521120E-04	-1.521121E-04	2.007962E-05	
1.089420E-04	-7.417211E-05	-2.447950E-05	
4.633493E-05	-1.905838E-05	-3.114361E-05	
9.260151E-06	-3.976094E-06	-2.087673E-05	
-9.569593E-06	-3.503751E-06	-2.128053E-05	
-5.109436E-05	-1.780821E-05	-3.187347E-05	
-1.299149E-04	-7.437288E-05	-2.079917E-05	
-1.879614E-04	-1.603806E-04	5.228044E-05	
-1.989930E-04	-1.989930E-04	1.016877E-04	
-1.958619E-04	-2.208636E-04	1.250186E-04	
-1.573516E-04	-2.796025E-04	2.055471E-04	
-4.192737E-11	-3.341402E-04	2.509363E-04	
1.573515E-04	-2.796026E-04	2.055471E-04	
1.958618E-04	-2.208636E-04	1.250187E-04	
1.989929E-04	-1.989930E-04	1.016877E-04	
1.879612E-04	-1.603807E-04	5.228045E-05	
1.299148E-04	-7.437287E-05	-2.079915E-05	
5.109433E-05	-1.780819E-05	-3.187345E-05	
9.569584E-06	-3.503748E-06	-2.128052E-05	
-9.703990E-06	-3.217892E-06	-2.146727E-05	
-5.347665E-05	-1.674671E-05	-3.220643E-05	
-1.412500E-04	-7.139896E-05	-1.868591E-05	
-2.080448E-04	-1.554918E-04	7.190321E-05	
-2.208636E-04	-1.958619E-04	1.250186E-04	
-2.170605E-04	-2.170605E-04	1.465135E-04	
-1.746512E-04	-2.656264E-04	2.667078E-04	
-6.254805E-11	-3.205784E-04	3.182016E-04	
1.746511E-04	-2.656265E-04	2.667077E-04	
2.170603E-04	-2.170605E-04	1.465136E-04	
2.208634E-04	-1.958619E-04	1.250186E-04	
2.080446E-04	-1.554918E-04	7.190318E-05	
1.412499E-04	-7.139896E-05	-1.868591E-05	
5.347662E-05	-1.674669E-05	-3.220643E-05	
9.703983E-06	-3.217888E-06	-2.146726E-05	
-9.964631E-06	-2.387659E-06	-2.189429E-05	
-5.934490E-05	-1.310981E-05	-3.296532E-05	
-1.684839E-04	-5.775203E-05	-1.318206E-05	
-2.590186E-04	-1.244373E-04	1.135699E-04	
-2.796026E-04	-1.573516E-04	2.055471E-04	
-2.656265E-04	-1.746512E-04	2.667077E-04	
-2.121166E-04	-2.121165E-04	3.398743E-04	
-5.897027E-11	-2.537469E-04	4.423295E-04	
2.121164E-04	-2.121165E-04	3.398743E-04	
2.656263E-04	-1.746511E-04	2.667078E-04	
2.796023E-04	-1.573516E-04	2.055471E-04	
2.590184E-04	-1.244374E-04	1.135699E-04	
1.684838E-04	-5.775204E-05	-1.318205E-05	
5.934487E-05	-1.310980E-05	-3.296531E-05	
9.964624E-06	-2.387656E-06	-2.189428E-05	
-1.015809E-05	-1.203954E-11	-2.231685E-05	
-6.566908E-05	-1.301669E-11	-3.368364E-05	
-1.962248E-04	-7.744720E-12	-7.223685E-06	
-3.078960E-04	4.250785E-12	1.435096E-04	
-3.341401E-04	4.308977E-11	2.509364E-04	
-3.205784E-04	5.737104E-12	3.182015E-04	
-2.537469E-04	1.349873E-11	4.423295E-04	
-7.146490E-11	1.516198E-12	5.428287E-04	
2.537468E-04	2.825153E-11	4.423295E-04	
3.205784E-04	7.663264E-11	3.182016E-04	
3.341401E-04	-4.296019E-11	2.509363E-04	
3.078959E-04	-8.306386E-11	1.435096E-04	
1.962247E-04	-3.620094E-11	-7.223660E-06	
6.566906E-05	-1.146439E-11	-3.368362E-05	
1.015808E-05	-9.665166E-12	-2.231684E-05	
-9.964631E-06	2.387635E-06	-2.189429E-05	
-5.934489E-05	1.310978E-05	-3.296533E-05	
-1.684839E-04	5.775201E-05	-1.318207E-05	
-2.590185E-04	1.244373E-04	1.135699E-04	
-2.796025E-04	1.573516E-04	2.055471E-04	
-2.656265E-04	1.746512E-04	2.667076E-04	
-2.121166E-04	2.121166E-04	3.398743E-04	
-6.551640E-11	2.537468E-04	4.423295E-04	
2.121165E-04	2.121165E-04	3.398743E-04	
2.656265E-04	1.746512E-04	2.667076E-04	
2.796026E-04	1.573515E-04	2.055471E-04	
2.590186E-04	1.244372E-04	1.135700E-04	
1.684839E-04	5.775198E-05	-1.318202E-05	
5.934488E-05	1.310978E-05	-3.296530E-05	
9.964623E-06	2.387637E-06	-2.189428E-05	
-9.703988E-06	3.217869E-06	-2.146727E-05	
-5.347664E-05	1.674668E-05	-3.220644E-05	
-1.412500E-04	7.139894E-05	-1.868592E-05	
-2.080447E-04	1.554918E-04	7.190320E-05	
-2.208635E-04	1.958619E-04	1.250185E-04	
-2.170605E-04	2.170605E-04	1.465134E-04	
-1.746512E-04	2.656265E-04	2.667076E-04	
-7.800188E-11	3.205784E-04	3.182016E-04	
1.746512E-04	2.656264E-04	2.667077E-04	
2.170605E-04	2.170604E-04	1.465135E-04	
2.208636E-04	1.958618E-04	1.250187E-04	
2.080448E-04	1.554918E-04	7.190326E-05	
1.412500E-04	7.139893E-05	-1.868587E-05	
5.347663E-05	1.674668E-05	-3.220641E-05	
9.703982E-06	3.217870E-06	-2.146725E-05	
-9.569589E-06	3.503728E-06	-2.128057E-05	
-5.109435E-05	1.780818E-05	-3.187351E-05	
-1.299148E-04	7.437285E-05	-2.079923E-05	
-1.879613E-04	1.603806E-04	5.228040E-05	
-1.989929E-04	1.989930E-04	1.016877E-04	
-1.958618E-04	2.208636E-04	1.250185E-04	
-1.573515E-04	2.796025E-04	2.055469E-04	
2.414936E-11	3.341401E-04	2.509363E-04	
1.573516E-04	2.796024E-04	2.055471E-04	
1.958619E-04	2.208635E-04	1.250186E-04	
1.989930E-04	1.989929E-04	1.016879E-04	
1.879614E-04	1.603806E-04	5.228047E-05	
1.299148E-04	7.437284E-05	-2.079918E-05	
5.109435E-05	1.780818E-05	-3.187349E-05	
9.569587E-06	3.503729E-06	-2.128054E-05	
-9.260158E-06	3.976076E-06	-2.087673E-05	
-4.633495E-05	1.905837E-05	-3.114360E-05	
-1.089421E-04	7.417211E-05	-2.447948E-05	
-1.521121E-04	1.521121E-04	2.007966E-05	
-1.603806E-04	1.879614E-04	5.228049E-05	
-1.554918E-04	2.080448E-04	7.190327E-05	
-1.244373E-04	2.590186E-04	1.135700E-04	
4.673045E-11	3.078959E-04	1.435096E-04	
1.244373E-04	2.590184E-04	1.135699E-04	
1.554918E-04	2.080446E-04	7.190317E-05	
1.603806E-04	1.879613E-04	5.228039E-05	
1.521121E-04	1.521121E-04	2.007965E-05	
1.089421E-04	7.417210E-05	-2.447948E-05	
4.633495E-05	1.905837E-05	-3.114360E-05	
9.260158E-06	3.976077E-06	-2.087673E-05	
-8.113838E-06	4.969859E-06	-1.953048E-05	
-3.311966E-05	1.997562E-05	-2.863056E-05	
-6.190724E-05	6.190723E-05	-3.114952E-05	
-7.417212E-05	1.089421E-04	-2.447949E-05	
-7.437286E-05	1.299149E-04	-2.079915E-05	
-7.139895E-05	1.412500E-04	-1.868588E-05	
-5.775200E-05	1.684839E-04	-1.318203E-05	
1.374865E-11	1.962247E-04	-7.223656E-06	
5.775202E-05	1.684838E-04	-1.318205E-05	
7.139894E-05	1.412499E-04	-1.868590E-05	
7.437285E-05	1.299148E-04	-2.079917E-05	
7.417210E-05	1.089421E-04	-2.447948E-05	
6.190723E-05	6.190722E-05	-3.114951E-05	
3.311965E-05	1.997562E-05	-2.863056E-05	
8.113837E-06	4.969860E-06	-1.953048E-05	
-5.198847E-06	5.036274E-06	-1.659059E-05	
-1.506231E-05	1.506231E-05	-2.295455E-05	
-1.997563E-05	3.311965E-05	-2.863057E-05	
-1.905838E-05	4.633495E-05	-3.114361E-05	
-1.780819E-05	5.109435E-05	-3.187346E-05	
-1.674669E-05	5.347663E-05	-3.220642E-05	
-1.310980E-05	5.934488E-05	-3.296530E-05	
-2.853903E-12	6.566906E-05	-3.368362E-05	
1.310979E-05	5.934488E-05	-3.296531E-05	
1.674669E-05	5.347662E-05	-3.220642E-05	
1.780819E-05	5.109433E-05	-3.187348E-05	
1.905838E-05	4.633494E-05	-3.114360E-05	
1.997562E-05	3.311965E-05	-2.863056E-05	
1.506231E-05	1.506230E-05	-2.295454E-05	
5.198846E-06	5.036274E-06	-1.659059E-05	
-2.278166E-06	2.278164E-06	-1.342678E-05	
-5.036281E-06	5.198845E-06	-1.659059E-05	
-4.969869E-06	8.113836E-06	-1.953048E-05	
-3.976088E-06	9.260158E-06	-2.087674E-05	
-3.503740E-06	9.569593E-06	-2.128053E-05	
-3.217881E-06	9.703984E-06	-2.146726E-05	
-2.387649E-06	9.964626E-06	-2.189428E-05	
-1.731632E-12	1.015808E-05	-2.231684E-05	
2.387646E-06	9.964627E-06	-2.189428E-05	
3.217879E-06	9.703984E-06	-2.146726E-05	
3.503738E-06	9.569582E-06	-2.128054E-05	
3.976086E-06	9.260155E-06	-2.087672E-05	
4.969868E-06	8.113834E-06	-1.953048E-05	
5.036279E-06	5.198844E-06	-1.659059E-05	
2.278166E-06	2.278164E-06	-1.342678E-05	
-3.186108E-06	-3.186109E-06	-5.792925E-06	
-7.126410E-06	-6.904230E-06	-7.125042E-06	
-7.191185E-06	-1.094551E-05	-8.399267E-06	
-5.882261E-06	-1.298312E-05	-9.015056E-06	
-5.227537E-06	-1.361265E-05	-9.205526E-06	
-4.820343E-06	-1.390717E-05	-9.295100E-06	
-3.613077E-06	-1.458841E-05	-9.503387E-06	
-1.111332E-11	-1.526697E-05	-9.712402E-06	
3.613054E-06	-1.458841E-05	-9.503388E-06	
4.820320E-06	-1.390717E-05	-9.295099E-06	
5.227514E-06	-1.361265E-05	-9.205535E-06	
5.882239E-06	-1.298312E-05	-9.015048E-06	
7.191169E-06	-1.094551E-05	-8.399261E-06	
7.126400E-06	-6.904229E-06	-7.125036E-06	
3.186105E-06	-3.186108E-06	-5.792920E-06	
-6.904229E-06	-7.126414E-06	-7.125042E-06	
-1.787289E-05	-1.787289E-05	-9.144972E-06	
-2.124127E-05	-3.214352E-05	-9.967948E-06	
-1.904952E-05	-4.064598E-05	-9.784101E-06	
-1.745723E-05	-4.351630E-05	-9.632842E-06	
-1.628308E-05	-4.491519E-05	-9.540565E-06	
-1.250845E-05	-4.822153E-05	-9.288396E-06	
-1.067578E-11	-5.160417E-05	-8.986979E-06	
1.250843E-05	-4.822153E-05	-9.288395E-06	
1.628306E-05	-4.491519E-05	-9.540562E-06	
1.745721E-05	-4.351631E-05	-9.632843E-06	
1.904951E-05	-4.064597E-05	-9.784091E-06	
2.124125E-05	-3.214351E-05	-9.967940E-06	
1.787288E-05	-1.787289E-05	-9.144965E-06	
6.904225E-06	-7.126409E-06	-7.125036E-06	
-1.094551E-05	-7.191190E-06	-8.399268E-06	
-3.214351E-05	-2.124127E-05	-9.967948E-06	
-4.321360E-05	-4.321361E-05	-3.679171E-06	
-4.162240E-05	-5.768741E-05	5.525768E-06	
-3.903303E-05	-6.273602E-05	9.662413E-06	
-3.672670E-05	-6.523077E-05	1.189861E-05	
-2.873963E-05	-7.124258E-05	1.742909E-05	
-1.883562E-11	-7.754761E-05	2.335273E-05	
2.873961E-05	-7.124260E-05	1.742910E-05	
3.672669E-05	-6.523080E-05	1.189863E-05	
3.903303E-05	-6.273604E-05	9.662421E-06	
4.162239E-05	-5.768739E-05	5.525776E-06	
4.321359E-05	-4.321360E-05	-3.679162E-06	
3.214350E-05	-2.124126E-05	-9.967940E-06	
1.094550E-05	-7.191183E-06	-8.399261E-06	
-1.298312E-05	-5.882266E-06	-9.015056E-06	
-4.064597E-05	-1.904953E-05	-9.784100E-06	
-5.768740E-05	-4.162242E-05	5.525770E-06	
-5.707188E-05	-5.707189E-05	2.679482E-05	
-5.385972E-05	-6.255453E-05	3.514225E-05	
-5.083483E-05	-6.525163E-05	3.948196E-05	
-4.019689E-05	-7.166215E-05	5.132159E-05	
-3.368754E-11	-7.864769E-05	6.550237E-05	
4.019683E-05	-7.166219E-05	5.132161E-05	
5.083479E-05	-6.525167E-05	3.948200E-05	
5.385969E-05	-6.255454E-05	3.514227E-05	
5.707186E-05	-5.707187E-05	2.679482E-05	
5.768738E-05	-4.162240E-05	5.525779E-06	
4.064596E-05	-1.904952E-05	-9.784092E-06	
1.298311E-05	-5.882257E-06	-9.015049E-06	
-1.361265E-05	-5.227542E-06	-9.205526E-06	
-4.351631E-05	-1.745724E-05	-9.632839E-06	
-6.273603E-05	-3.903305E-05	9.662417E-06	
-6.255452E-05	-5.385973E-05	3.514227E-05	
-5.919506E-05	-5.919507E-05	4.486258E-05	
-5.577429E-05	-6.180689E-05	5.112109E-05	
-4.419539E-05	-6.782907E-05	6.269848E-05	
-2.667635E-11	-7.457796E-05	8.037555E-05	
4.419534E-05	-6.782912E-05	6.269852E-05	
5.577426E-05	-6.180692E-05	5.112113E-05	
5.919504E-05	-5.919508E-05	4.486260E-05	
6.255449E-05	-5.385972E-05	3.514227E-05	
6.273600E-05	-3.903303E-05	9.662426E-06	
4.351628E-05	-1.745722E-05	-9.632831E-06	
1.361264E-05	-5.227533E-06	-9.205519E-06	
-1.390717E-05	-4.820348E-06	-9.295099E-06	
-4.491519E-05	-1.628309E-05	-9.540560E-06	
-6.523080E-05	-3.672672E-05	1.189863E-05	
-6.525168E-05	-5.083483E-05	3.948198E-05	
-6.180693E-05	-5.577427E-05	5.112110E-05	
-5.827111E-05	-5.827106E-05	5.912946E-05	
-4.622081E-05	-6.449335E-05	6.697890E-05	
-1.858846E-11	-7.083862E-05	8.716791E-05	
4.622075E-05	-6.449339E-05	6.697890E-05	
5.827103E-05	-5.827109E-05	5.912949E-05	
6.180686E-05	-5.577429E-05	5.112106E-05	
6.525161E-05	-5.083482E-05	3.948194E-05	
6.523075E-05	-3.672669E-05	1.189861E-05	
4.491517E-05	-1.628307E-05	-9.540561E-06	
1.390717E-05	-4.820339E-06	-9.295095E-06	
-1.458842E-05	-3.613081E-06	-9.503387E-06	
-4.822153E-05	-1.250845E-05	-9.288393E-06	
-7.124261E-05	-2.873964E-05	1.742910E-05	
-7.166219E-05	-4.019687E-05	5.132159E-05	
-6.782912E-05	-4.419534E-05	6.269846E-05	
-6.449339E-05	-4.622078E-05	6.697890E-05	
-5.138786E-05	-5.138783E-05	9.041480E-05	
-2.136423E-11	-5.668336E-05	1.102189E-04	
5.138780E-05	-5.138785E-05	9.041480E-05	
6.449333E-05	-4.622080E-05	6.697893E-05	
6.782906E-05	-4.419540E-05	6.269847E-05	
7.166213E-05	-4.019688E-05	5.132157E-05	
7.124255E-05	-2.873963E-05	1.742909E-05	
4.822150E-05	-1.250844E-05	-9.288389E-06	
1.458841E-05	-3.613073E-06	-9.503382E-06	
-1.526697E-05	-1.464954E-11	-9.712404E-06	
-5.160417E-05	-1.571427E-11	-8.986979E-06	
-7.754761E-05	-1.397602E-11	2.335273E-05	
-7.864770E-05	-9.000918E-12	6.550236E-05	
-7.457797E-05	2.197860E-12	8.037552E-05	
-7.083863E-05	-1.685028E-11	8.716792E-05	
-5.668336E-05	-5.469251E-12	1.102189E-04	
-1.828570E-11	-1.138902E-11	1.379125E-04	
5.668332E-05	-1.143785E-11	1.102189E-04	
7.083858E-05	-9.065807E-12	8.716792E-05	
7.457792E-05	-3.844089E-11	8.037551E-05	
7.864765E-05	-1.948374E-11	6.550238E-05	
7.754757E-05	-1.160962E-11	2.335274E-05	
5.160415E-05	-7.047804E-12	-8.986970E-06	
1.526696E-05	-8.434055E-12	-9.712397E-06	
-1.458842E-05	3.613051E-06	-9.503390E-06	
-4.822153E-05	1.250842E-05	-9.288397E-06	
-7.124259E-05	2.873960E-05	1.742909E-05	
-7.166217E-05	4.019684E-05	5.132157E-05	
-6.782910E-05	4.419534E-05	6.269845E-05	
-6.449338E-05	4.622076E-05	6.697891E-05	
-5.138785E-05	5.138782E-05	9.041478E-05	
-1.747774E-11	5.668334E-05	1.102189E-04	
5.138781E-05	5.138782E-05	9.041479E-05	
6.449335E-05	4.622078E-05	6.697891E-05	
6.782907E-05	4.419534E-05	6.269852E-05	
7.166215E-05	4.019685E-05	5.132162E-05	
7.124257E-05	2.873961E-05	1.742912E-05	
4.822151E-05	1.250843E-05	-9.288385E-06	
1.458841E-05	3.613056E-06	-9.503382E-06	
-1.390717E-05	4.820317E-06	-9.295102E-06	
-4.491519E-05	1.628305E-05	-9.540565E-06	
-6.523078E-05	3.672667E-05	1.189861E-05	
-6.525165E-05	5.083479E-05	3.948195E-05	
-6.180691E-05	5.577425E-05	5.112107E-05	
-5.827108E-05	5.827105E-05	5.912948E-05	
-4.622079E-05	6.449335E-05	6.697890E-05	
-1.148308E-11	7.083860E-05	8.716791E-05	
4.622077E-05	6.449335E-05	6.697891E-05	
5.827106E-05	5.827106E-05	5.912949E-05	
6.180688E-05	5.577426E-05	5.112112E-05	
6.525163E-05	5.083481E-05	3.948201E-05	
6.523076E-05	3.672670E-05	1.189864E-05	
4.491516E-05	1.628306E-05	-9.540554E-06	
1.390716E-05	4.820322E-06	-9.295094E-06	
-1.361265E-05	5.227511E-06	-9.205539E-06	
-4.351631E-05	1.745720E-05	-9.632852E-06	
-6.273604E-05	3.903301E-05	9.662404E-06	
-6.255453E-05	5.385969E-05	3.514224E-05	
-5.919507E-05	5.919503E-05	4.486257E-05	
-5.577427E-05	6.180688E-05	5.112107E-05	
-4.419534E-05	6.782907E-05	6.269843E-05	
1.290855E-11	7.457794E-05	8.037548E-05	
4.419535E-05	6.782907E-05	6.269846E-05	
5.577425E-05	6.180689E-05	5.112108E-05	
5.919504E-05	5.919505E-05	4.486257E-05	
6.255450E-05	5.385971E-05	3.514229E-05	
6.273601E-05	3.903304E-05	9.662430E-06	
4.351629E-05	1.745721E-05	-9.632840E-06	
1.361264E-05	5.227516E-06	-9.205530E-06	
-1.298312E-05	5.882237E-06	-9.015046E-06	
-4.064598E-05	1.904950E-05	-9.784089E-06	
-5.768741E-05	4.162238E-05	5.525786E-06	
-5.707189E-05	5.707185E-05	2.679484E-05	
-5.385973E-05	6.255450E-05	3.514228E-05	
-5.083483E-05	6.525163E-05	3.948200E-05	
-4.019687E-05	7.166214E-05	5.132161E-05	
-9.610505E-12	7.864766E-05	6.550237E-05	
4.019685E-05	7.166215E-05	5.132157E-05	
5.083479E-05	6.525164E-05	3.948196E-05	
5.385969E-05	6.255451E-05	3.514224E-05	
5.707186E-05	5.707187E-05	2.679483E-05	
5.768739E-05	4.162240E-05	5.525782E-06	
4.064597E-05	1.904951E-05	-9.784089E-06	
1.298312E-05	5.882241E-06	-9.015048E-06	
-1.094551E-05	7.191167E-06	-8.399260E-06	
-3.214352E-05	2.124125E-05	-9.967938E-06	
-4.321361E-05	4.321359E-05	-3.679158E-06	
-4.162242E-05	5.768739E-05	5.525783E-06	
-3.903305E-05	6.273601E-05	9.662429E-06	
-3.672671E-05	6.523076E-05	1.189864E-05	
-2.873963E-05	7.124257E-05	1.742911E-05	
-1.021744E-11	7.754758E-05	2.335274E-05	
2.873961E-05	7.124257E-05	1.742910E-05	
3.672668E-05	6.523077E-05	1.189862E-05	
3.903302E-05	6.273602E-05	9.662423E-06	
4.162239E-05	5.768739E-05	5.525785E-06	
4.321359E-05	4.321360E-05	-3.679158E-06	
3.214351E-05	2.124126E-05	-9.967939E-06	
1.094551E-05	7.191171E-06	-8.399261E-06	
-6.904230E-06	7.126399E-06	-7.125036E-06	
-1.787289E-05	1.787288E-05	-9.144965E-06	
-2.124127E-05	3.214351E-05	-9.967941E-06	
-1.904953E-05	4.064597E-05	-9.784093E-06	
-1.745723E-05	4.351629E-05	-9.632836E-06	
-1.628308E-05	4.491517E-05	-9.540554E-06	
-1.250845E-05	4.822151E-05	-9.288385E-06	
-7.844956E-12	5.160415E-05	-8.986970E-06	
1.250843E-05	4.822151E-05	-9.288389E-06	
1.628306E-05	4.491517E-05	-9.540557E-06	
1.745721E-05	4.351629E-05	-9.632834E-06	
1.904951E-05	4.064597E-05	-9.784087E-06	
2.124126E-05	3.214351E-05	-9.967938E-06	
1.787289E-05	1.787288E-05	-9.144964E-06	
6.904228E-06	7.126401E-06	-7.125036E-06	
-3.186108E-06	3.186105E-06	-5.792921E-06	
-7.126409E-06	6.904227E-06	-7.125037E-06	
-7.191182E-06	1.094550E-05	-8.399263E-06	
-5.882255E-06	1.298312E-05	-9.015051E-06	
-5.227530E-06	1.361265E-05	-9.205525E-06	
-4.820336E-06	1.390717E-05	-9.295095E-06	
-3.613070E-06	1.458841E-05	-9.503382E-06	
-3.663023E-12	1.526697E-05	-9.712397E-06	
3.613063E-06	1.458841E-05	-9.503383E-06	
4.820329E-06	1.390717E-05	-9.295095E-06	
5.227523E-06	1.361264E-05	-9.205525E-06	
5.882248E-06	1.298311E-05	-9.015046E-06	
7.191177E-06	1.094550E-05	-8.399260E-06	
7.126406E-06	6.904227E-06	-7.125036E-06	
3.186107E-06	3.186105E-06	-5.792920E-06	
