flux
3
1575
-2.377990E-11	1.296434E-11	1.694562E-04	
-2.931095E-11	1.151519E-11	6.881688E-05	
-1.029512E-11	1.227595E-11	-1.220246E-06	
1.442582E-11	1.155098E-11	6.881731E-05	
1.504303E-11	7.749757E-12	1.694568E-04	
-5.567534E-12	2.659145E-11	1.694566E-04	
-1.244450E-13	3.645978E-11	6.881719E-05	
1.276134E-12	3.337856E-11	-1.220261E-06	
3.601167E-12	1.456606E-11	6.881716E-05	
1.126275E-11	9.214269E-12	1.694567E-04	
5.594355E-12	1.502923E-11	1.694567E-04	
5.447850E-12	3.055076E-12	6.881717E-05	
-6.337703E-12	-1.360252E-12	-1.220295E-06	
-1.228227E-11	7.860463E-12	6.881711E-05	
-9.590533E-12	1.887013E-11	1.694566E-04	
9.374902E-12	2.768948E-11	1.694567E-04	
6.289554E-12	3.512136E-11	6.881720E-05	
-6.259494E-12	2.909011E-11	-1.220227E-06	
-1.504832E-11	2.490477E-11	6.881722E-05	
-1.987827E-11	1.777363E-11	1.694567E-04	
1.327823E-11	8.262319E-12	-5.961087E-05	
-8.241076E-12	2.334317E-11	-5.961090E-05	
-4.681120E-13	2.396732E-11	-5.961093E-05	
-1.814772E-11	1.578917E-11	-5.961136E-05	
-1.613354E-09	1.677136E-09	2.502537E-03	
-1.971595E-09	-3.850931E-10	1.723105E-03	
-3.740805E-10	-2.864777E-10	2.502537E-03	
2.346565E-10	2.561955E-09	1.723105E-03	
2.490541E-11	-3.553758E-10	9.142956E-04	
-2.198755E-10	-1.214698E-09	1.723105E-03	
8.492573E-10	9.359600E-10	2.502537E-03	
1.790622E-09	6.496262E-11	1.723105E-03	
9.363808E-10	-8.991034E-10	2.502537E-03	
3.186110E-06	3.186109E-06	-5.792926E-06	
7.126413E-06	6.904233E-06	-7.125043E-06	
7.191185E-06	1.094551E-05	-8.399269E-06	
5.882257E-06	1.298312E-05	-9.015057E-06	
5.227532E-06	1.361265E-05	-9.205528E-06	
4.820338E-06	1.390717E-05	-9.295095E-06	
3.613071E-06	1.458841E-05	-9.503383E-06	
4.432629E-12	1.526697E-05	-9.712399E-06	
-3.613062E-06	1.458841E-05	-9.503386E-06	
-4.820328E-06	1.390717E-05	-9.295099E-06	
-5.227521E-06	1.361265E-05	-9.205533E-06	
-5.882247E-06	1.298312E-05	-9.015049E-06	
-7.191178E-06	1.094551E-05	-8.399262E-06	
-7.126409E-06	6.904230E-06	-7.125038E-06	
-3.186108E-06	3.186106E-06	-5.792922E-06	
6.904234E-06	7.126412E-06	-7.125044E-06	
1.787290E-05	1.787290E-05	-9.144974E-06	
2.124128E-05	3.214353E-05	-9.967949E-06	
1.904953E-05	4.064600E-05	-9.784100E-06	
1.745723E-05	4.351630E-05	-9.632841E-06	
1.628308E-05	4.491518E-05	-9.540561E-06	
1.250845E-05	4.822152E-05	-9.288390E-06	
5.839540E-12	5.160417E-05	-8.986974E-06	
-1.250844E-05	4.822152E-05	-9.288393E-06	
-1.628307E-05	4.491518E-05	-9.540563E-06	
-1.745722E-05	4.351633E-05	-9.632842E-06	
-1.904952E-05	4.064599E-05	-9.784091E-06	
-2.124127E-05	3.214352E-05	-9.967941E-06	
-1.787289E-05	1.787289E-05	-9.144968E-06	
-6.904231E-06	7.126403E-06	-7.125039E-06	
1.094551E-05	7.191184E-06	-8.399269E-06	
3.214353E-05	2.124128E-05	-9.967950E-06	
4.321364E-05	4.321363E-05	-3.679169E-06	
4.162244E-05	5.768744E-05	5.525774E-06	
3.903307E-05	6.273604E-05	9.662416E-06	
3.672673E-05	6.523079E-05	1.189862E-05	
2.873965E-05	7.124260E-05	1.742910E-05	
9.371395E-12	7.754762E-05	2.335273E-05	
-2.873963E-05	7.124260E-05	1.742910E-05	
-3.672671E-05	6.523079E-05	1.189862E-05	
-3.903305E-05	6.273606E-05	9.662422E-06	
-4.162242E-05	5.768741E-05	5.525783E-06	
-4.321362E-05	4.321362E-05	-3.679161E-06	
-3.214352E-05	2.124126E-05	-9.967942E-06	
-1.094551E-05	7.191171E-06	-8.399263E-06	
1.298312E-05	5.882256E-06	-9.015057E-06	
4.064600E-05	1.904953E-05	-9.784100E-06	
5.768744E-05	4.162244E-05	5.525775E-06	
5.707191E-05	5.707191E-05	2.679482E-05	
5.385975E-05	6.255455E-05	3.514226E-05	
5.083485E-05	6.525168E-05	3.948197E-05	
4.019689E-05	7.166219E-05	5.132159E-05	
1.238879E-11	7.864771E-05	6.550237E-05	
-4.019687E-05	7.166219E-05	5.132159E-05	
-5.083482E-05	6.525168E-05	3.948198E-05	
-5.385972E-05	6.255455E-05	3.514227E-05	
-5.707189E-05	5.707189E-05	2.679483E-05	
-5.768742E-05	4.162242E-05	5.525783E-06	
-4.064599E-05	1.904951E-05	-9.784092E-06	
-1.298312E-05	5.882241E-06	-9.015050E-06	
1.361265E-05	5.227531E-06	-9.205528E-06	
4.351630E-05	1.745723E-05	-9.632841E-06	
6.273604E-05	3.903307E-05	9.662420E-06	
6.255455E-05	5.385975E-05	3.514227E-05	
5.919509E-05	5.919509E-05	4.486259E-05	
5.577431E-05	6.180694E-05	5.112111E-05	
4.419539E-05	6.782913E-05	6.269850E-05	
1.471129E-11	7.457799E-05	8.037555E-05	
-4.419536E-05	6.782913E-05	6.269850E-05	
-5.577429E-05	6.180693E-05	5.112111E-05	
-5.919507E-05	5.919509E-05	4.486260E-05	
-6.255453E-05	5.385973E-05	3.514228E-05	
-6.273603E-05	3.903305E-05	9.662428E-06	
-4.351629E-05	1.745721E-05	-9.632832E-06	
-1.361264E-05	5.227516E-06	-9.205521E-06	
1.390717E-05	4.820337E-06	-9.295097E-06	
4.491518E-05	1.628308E-05	-9.540563E-06	
6.523079E-05	3.672673E-05	1.189861E-05	
6.525168E-05	5.083485E-05	3.948197E-05	
6.180694E-05	5.577431E-05	5.112110E-05	
5.827111E-05	5.827111E-05	5.912949E-05	
4.622082E-05	6.449340E-05	6.697892E-05	
1.686209E-11	7.083865E-05	8.716794E-05	
-4.622078E-05	6.449340E-05	6.697892E-05	
-5.827107E-05	5.827110E-05	5.912950E-05	
-6.180690E-05	5.577430E-05	5.112109E-05	
-6.525164E-05	5.083483E-05	3.948197E-05	
-6.523076E-05	3.672671E-05	1.189862E-05	
-4.491516E-05	1.628306E-05	-9.540557E-06	
-1.390716E-05	4.820322E-06	-9.295094E-06	
1.458841E-05	3.613071E-06	-9.503385E-06	
4.822152E-05	1.250845E-05	-9.288393E-06	
7.124260E-05	2.873965E-05	1.742909E-05	
7.166219E-05	4.019689E-05	5.132158E-05	
6.782913E-05	4.419539E-05	6.269847E-05	
6.449340E-05	4.622082E-05	6.697892E-05	
5.138786E-05	5.138787E-05	9.041482E-05	
2.139149E-11	5.668338E-05	1.102190E-04	
-5.138782E-05	5.138787E-05	9.041482E-05	
-6.449336E-05	4.622081E-05	6.697894E-05	
-6.782908E-05	4.419538E-05	6.269849E-05	
-7.166215E-05	4.019687E-05	5.132159E-05	
-7.124257E-05	2.873963E-05	1.742910E-05	
-4.822150E-05	1.250843E-05	-9.288388E-06	
-1.458841E-05	3.613056E-06	-9.503382E-06	
1.526697E-05	6.528903E-12	-9.712399E-06	
5.160416E-05	1.050409E-11	-8.986977E-06	
7.754761E-05	1.466387E-11	2.335272E-05	
7.864771E-05	1.620513E-11	6.550236E-05	
7.457799E-05	1.756135E-11	8.037552E-05	
7.083864E-05	2.816832E-11	8.716794E-05	
5.668338E-05	2.817998E-11	1.102190E-04	
1.823494E-11	2.813519E-11	1.379125E-04	
-5.668334E-05	2.009367E-11	1.102190E-04	
-7.083861E-05	1.259278E-11	8.716796E-05	
-7.457795E-05	1.174207E-11	8.037553E-05	
-7.864767E-05	1.572864E-12	6.550236E-05	
-7.754758E-05	-2.332560E-12	2.335273E-05	
-5.160415E-05	-6.643507E-12	-8.986970E-06	
-1.526696E-05	-8.691237E-12	-9.712396E-06	
1.458841E-05	-3.613058E-06	-9.503386E-06	
4.822152E-05	-1.250843E-05	-9.288395E-06	
7.124260E-05	-2.873962E-05	1.742909E-05	
7.166219E-05	-4.019685E-05	5.132158E-05	
6.782912E-05	-4.419535E-05	6.269846E-05	
6.449340E-05	-4.622077E-05	6.697892E-05	
5.138787E-05	-5.138781E-05	9.041482E-05	
1.992223E-11	-5.668333E-05	1.102190E-04	
-5.138783E-05	-5.138782E-05	9.041483E-05	
-6.449337E-05	-4.622078E-05	6.697893E-05	
-6.782910E-05	-4.419535E-05	6.269848E-05	
-7.166216E-05	-4.019687E-05	5.132159E-05	
-7.124257E-05	-2.873963E-05	1.742910E-05	
-4.822151E-05	-1.250845E-05	-9.288389E-06	
-1.458841E-05	-3.613073E-06	-9.503383E-06	
1.390717E-05	-4.820324E-06	-9.295099E-06	
4.491518E-05	-1.628306E-05	-9.540565E-06	
6.523079E-05	-3.672670E-05	1.189861E-05	
6.525168E-05	-5.083481E-05	3.948196E-05	
6.180693E-05	-5.577427E-05	5.112108E-05	
5.827110E-05	-5.827106E-05	5.912948E-05	
4.622082E-05	-6.449335E-05	6.697892E-05	
2.351823E-11	-7.083859E-05	8.716795E-05	
-4.622078E-05	-6.449336E-05	6.697893E-05	
-5.827108E-05	-5.827107E-05	5.912950E-05	
-6.180691E-05	-5.577426E-05	5.112110E-05	
-6.525165E-05	-5.083483E-05	3.948197E-05	
-6.523077E-05	-3.672672E-05	1.189862E-05	
-4.491516E-05	-1.628308E-05	-9.540560E-06	
-1.390716E-05	-4.820339E-06	-9.295095E-06	
1.361265E-05	-5.227517E-06	-9.205533E-06	
4.351633E-05	-1.745721E-05	-9.632848E-06	
6.273606E-05	-3.903304E-05	9.662408E-06	
6.255455E-05	-5.385971E-05	3.514225E-05	
5.919509E-05	-5.919505E-05	4.486256E-05	
5.577430E-05	-6.180689E-05	5.112107E-05	
4.419539E-05	-6.782907E-05	6.269845E-05	
2.557499E-11	-7.457793E-05	8.037550E-05	
-4.419534E-05	-6.782908E-05	6.269848E-05	
-5.577427E-05	-6.180690E-05	5.112109E-05	
-5.919506E-05	-5.919505E-05	4.486258E-05	
-6.255452E-05	-5.385973E-05	3.514226E-05	
-6.273604E-05	-3.903305E-05	9.662415E-06	
-4.351631E-05	-1.745722E-05	-9.632843E-06	
-1.361265E-05	-5.227532E-06	-9.205530E-06	
1.298312E-05	-5.882243E-06	-9.015049E-06	
4.064599E-05	-1.904951E-05	-9.784092E-06	
5.768742E-05	-4.162241E-05	5.525781E-06	
5.707190E-05	-5.707187E-05	2.679483E-05	
5.385974E-05	-6.255451E-05	3.514227E-05	
5.083483E-05	-6.525163E-05	3.948197E-05	
4.019688E-05	-7.166214E-05	5.132159E-05	
2.017658E-11	-7.864766E-05	6.550236E-05	
-4.019684E-05	-7.166215E-05	5.132159E-05	
-5.083480E-05	-6.525164E-05	3.948197E-05	
-5.385970E-05	-6.255451E-05	3.514226E-05	
-5.707186E-05	-5.707189E-05	2.679483E-05	
-5.768739E-05	-4.162242E-05	5.525782E-06	
-4.064597E-05	-1.904952E-05	-9.784091E-06	
-1.298311E-05	-5.882257E-06	-9.015049E-06	
1.094551E-05	-7.191173E-06	-8.399262E-06	
3.214352E-05	-2.124126E-05	-9.967943E-06	
4.321362E-05	-4.321361E-05	-3.679163E-06	
4.162243E-05	-5.768740E-05	5.525780E-06	
3.903306E-05	-6.273601E-05	9.662418E-06	
3.672672E-05	-6.523075E-05	1.189862E-05	
2.873964E-05	-7.124256E-05	1.742910E-05	
1.791652E-11	-7.754757E-05	2.335273E-05	
-2.873961E-05	-7.124256E-05	1.742910E-05	
-3.672669E-05	-6.523076E-05	1.189862E-05	
-3.903303E-05	-6.273603E-05	9.662422E-06	
-4.162239E-05	-5.768741E-05	5.525784E-06	
-4.321360E-05	-4.321362E-05	-3.679160E-06	
-3.214351E-05	-2.124127E-05	-9.967941E-06	
-1.094550E-05	-7.191185E-06	-8.399262E-06	
6.904231E-06	-7.126405E-06	-7.125039E-06	
1.787289E-05	-1.787289E-05	-9.144969E-06	
2.124127E-05	-3.214352E-05	-9.967944E-06	
1.904953E-05	-4.064598E-05	-9.784094E-06	
1.745723E-05	-4.351628E-05	-9.632837E-06	
1.628308E-05	-4.491515E-05	-9.540558E-06	
1.250845E-05	-4.822150E-05	-9.288388E-06	
1.353166E-11	-5.160414E-05	-8.986971E-06	
-1.250842E-05	-4.822150E-05	-9.288390E-06	
-1.628305E-05	-4.491516E-05	-9.540560E-06	
-1.745720E-05	-4.351631E-05	-9.632838E-06	
-1.904950E-05	-4.064598E-05	-9.784089E-06	
-2.124125E-05	-3.214352E-05	-9.967940E-06	
-1.787288E-05	-1.787289E-05	-9.144967E-06	
-6.904227E-06	-7.126412E-06	-7.125038E-06	
3.186108E-06	-3.186107E-06	-5.792923E-06	
7.126410E-06	-6.904229E-06	-7.125040E-06	
7.191183E-06	-1.094551E-05	-8.399265E-06	
5.882256E-06	-1.298312E-05	-9.015053E-06	
5.227531E-06	-1.361264E-05	-9.205525E-06	
4.820338E-06	-1.390716E-05	-9.295094E-06	
3.613072E-06	-1.458840E-05	-9.503381E-06	
9.157675E-12	-1.526696E-05	-9.712396E-06	
-3.613054E-06	-1.458840E-05	-9.503382E-06	
-4.820319E-06	-1.390716E-05	-9.295095E-06	
-5.227513E-06	-1.361265E-05	-9.205525E-06	
-5.882238E-06	-1.298312E-05	-9.015048E-06	
-7.191168E-06	-1.094551E-05	-8.399261E-06	
-7.126400E-06	-6.904231E-06	-7.125038E-06	
-3.186105E-06	-3.186109E-06	-5.792922E-06	
2.278168E-06	2.278167E-06	-1.342680E-05	
5.036283E-06	5.198850E-06	-1.659061E-05	
4.969872E-06	8.113843E-06	-1.953050E-05	
3.976091E-06	9.260164E-06	-2.087675E-05	
3.503743E-06	9.569595E-06	-2.128054E-05	
3.217883E-06	9.703985E-06	-2.146726E-05	
2.387650E-06	9.964627E-06	-2.189428E-05	
1.326348E-12	1.015808E-05	-2.231684E-05	
-2.387648E-06	9.964626E-06	-2.189428E-05	
-3.217882E-06	9.703983E-06	-2.146726E-05	
-3.503742E-06	9.569584E-06	-2.128055E-05	
-3.976089E-06	9.260160E-06	-2.087673E-05	
-4.969870E-06	8.113839E-06	-1.953048E-05	
-5.036282E-06	5.198846E-06	-1.659059E-05	
-2.278167E-06	2.278165E-06	-1.342679E-05	
5.198850E-06	5.036282E-06	-1.659061E-05	
1.506232E-05	1.506232E-05	-2.295457E-05	
1.997564E-05	3.311967E-05	-2.863059E-05	
1.905839E-05	4.633497E-05	-3.114363E-05	
1.780820E-05	5.109437E-05	-3.187348E-05	
1.674670E-05	5.347663E-05	-3.220643E-05	
1.310980E-05	5.934489E-05	-3.296531E-05	
2.604282E-12	6.566907E-05	-3.368363E-05	
-1.310980E-05	5.934489E-05	-3.296532E-05	
-1.674670E-05	5.347663E-05	-3.220643E-05	
-1.780820E-05	5.109434E-05	-3.187349E-05	
-1.905839E-05	4.633496E-05	-3.114361E-05	
-1.997563E-05	3.311966E-05	-2.863057E-05	
-1.506232E-05	1.506231E-05	-2.295455E-05	
-5.198849E-06	5.036275E-06	-1.659060E-05	
8.113843E-06	4.969871E-06	-1.953050E-05	
3.311967E-05	1.997564E-05	-2.863059E-05	
6.190726E-05	6.190726E-05	-3.114955E-05	
7.417215E-05	1.089421E-04	-2.447952E-05	
7.437291E-05	1.299149E-04	-2.079918E-05	
7.139899E-05	1.412500E-04	-1.868590E-05	
5.775204E-05	1.684839E-04	-1.318205E-05	
4.680190E-12	1.962248E-04	-7.223671E-06	
-5.775203E-05	1.684839E-04	-1.318205E-05	
-7.139897E-05	1.412500E-04	-1.868591E-05	
-7.437289E-05	1.299149E-04	-2.079919E-05	
-7.417214E-05	1.089421E-04	-2.447950E-05	
-6.190725E-05	6.190724E-05	-3.114953E-05	
-3.311966E-05	1.997563E-05	-2.863057E-05	
-8.113841E-06	4.969861E-06	-1.953049E-05	
9.260164E-06	3.976090E-06	-2.087675E-05	
4.633497E-05	1.905839E-05	-3.114364E-05	
1.089421E-04	7.417216E-05	-2.447952E-05	
1.521121E-04	1.521121E-04	2.007961E-05	
1.603807E-04	1.879614E-04	5.228043E-05	
1.554918E-04	2.080448E-04	7.190321E-05	
1.244373E-04	2.590186E-04	1.135699E-04	
2.259819E-12	3.078960E-04	1.435096E-04	
-1.244373E-04	2.590186E-04	1.135699E-04	
-1.554918E-04	2.080448E-04	7.190320E-05	
-1.603806E-04	1.879614E-04	5.228044E-05	
-1.521121E-04	1.521121E-04	2.007963E-05	
-1.089421E-04	7.417214E-05	-2.447950E-05	
-4.633497E-05	1.905838E-05	-3.114362E-05	
-9.260162E-06	3.976078E-06	-2.087674E-05	
9.569593E-06	3.503742E-06	-2.128054E-05	
5.109436E-05	1.780820E-05	-3.187348E-05	
1.299149E-04	7.437291E-05	-2.079918E-05	
1.879614E-04	1.603807E-04	5.228045E-05	
1.989930E-04	1.989930E-04	1.016878E-04	
1.958619E-04	2.208636E-04	1.250186E-04	
1.573516E-04	2.796026E-04	2.055471E-04	
-8.709687E-12	3.341401E-04	2.509364E-04	
-1.573516E-04	2.796026E-04	2.055471E-04	
-1.958619E-04	2.208636E-04	1.250186E-04	
-1.989930E-04	1.989930E-04	1.016878E-04	
-1.879613E-04	1.603806E-04	5.228047E-05	
-1.299149E-04	7.437289E-05	-2.079915E-05	
-5.109436E-05	1.780819E-05	-3.187345E-05	
-9.569593E-06	3.503730E-06	-2.128052E-05	
9.703984E-06	3.217883E-06	-2.146726E-05	
5.347662E-05	1.674670E-05	-3.220643E-05	
1.412500E-04	7.139899E-05	-1.868591E-05	
2.080448E-04	1.554919E-04	7.190319E-05	
2.208636E-04	1.958619E-04	1.250186E-04	
2.170605E-04	2.170605E-04	1.465135E-04	
1.746513E-04	2.656265E-04	2.667077E-04	
4.942465E-12	3.205784E-04	3.182016E-04	
-1.746512E-04	2.656265E-04	2.667077E-04	
-2.170605E-04	2.170605E-04	1.465135E-04	
-2.208635E-04	1.958619E-04	1.250186E-04	
-2.080447E-04	1.554918E-04	7.190323E-05	
-1.412500E-04	7.139897E-05	-1.868589E-05	
-5.347662E-05	1.674669E-05	-3.220641E-05	
-9.703982E-06	3.217871E-06	-2.146725E-05	
9.964624E-06	2.387651E-06	-2.189428E-05	
5.934488E-05	1.310980E-05	-3.296532E-05	
1.684839E-04	5.775205E-05	-1.318206E-05	
2.590186E-04	1.244373E-04	1.135699E-04	
2.796025E-04	1.573516E-04	2.055471E-04	
2.656265E-04	1.746513E-04	2.667077E-04	
2.121166E-04	2.121166E-04	3.398743E-04	
4.144800E-11	2.537469E-04	4.423296E-04	
-2.121166E-04	2.121166E-04	3.398743E-04	
-2.656265E-04	1.746512E-04	2.667077E-04	
-2.796025E-04	1.573516E-04	2.055471E-04	
-2.590185E-04	1.244373E-04	1.135699E-04	
-1.684839E-04	5.775202E-05	-1.318203E-05	
-5.934487E-05	1.310979E-05	-3.296530E-05	
-9.964622E-06	2.387638E-06	-2.189427E-05	
1.015808E-05	3.894925E-12	-2.231684E-05	
6.566907E-05	8.430189E-12	-3.368364E-05	
1.962247E-04	1.450817E-11	-7.223684E-06	
3.078960E-04	1.738664E-11	1.435096E-04	
3.341401E-04	4.061422E-11	2.509363E-04	
3.205784E-04	2.721403E-11	3.182015E-04	
2.537470E-04	1.690695E-11	4.423296E-04	
4.062322E-11	1.948710E-11	5.428289E-04	
-2.537469E-04	1.323964E-11	4.423296E-04	
-3.205784E-04	-3.885764E-11	3.182016E-04	
-3.341401E-04	-3.646955E-11	2.509363E-04	
-3.078959E-04	-1.861222E-12	1.435096E-04	
-1.962247E-04	-3.726009E-12	-7.223657E-06	
-6.566905E-05	-7.458729E-12	-3.368362E-05	
-1.015808E-05	-9.763549E-12	-2.231683E-05	
9.964626E-06	-2.387643E-06	-2.189428E-05	
5.934488E-05	-1.310979E-05	-3.296532E-05	
1.684839E-04	-5.775201E-05	-1.318206E-05	
2.590186E-04	-1.244373E-04	1.135699E-04	
2.796026E-04	-1.573516E-04	2.055470E-04	
2.656265E-04	-1.746512E-04	2.667076E-04	
2.121166E-04	-2.121165E-04	3.398743E-04	
5.248305E-11	-2.537469E-04	4.423295E-04	
-2.121165E-04	-2.121166E-04	3.398743E-04	
-2.656264E-04	-1.746513E-04	2.667077E-04	
-2.796025E-04	-1.573516E-04	2.055471E-04	
-2.590185E-04	-1.244373E-04	1.135699E-04	
-1.684839E-04	-5.775203E-05	-1.318204E-05	
-5.934487E-05	-1.310981E-05	-3.296530E-05	
-9.964621E-06	-2.387658E-06	-2.189427E-05	
9.703984E-06	-3.217877E-06	-2.146726E-05	
5.347663E-05	-1.674669E-05	-3.220643E-05	
1.412500E-04	-7.139896E-05	-1.868592E-05	
2.080448E-04	-1.554918E-04	7.190318E-05	
2.208636E-04	-1.958619E-04	1.250186E-04	
2.170605E-04	-2.170605E-04	1.465135E-04	
1.746513E-04	-2.656264E-04	2.667076E-04	
7.842865E-11	-3.205783E-04	3.182015E-04	
-1.746512E-04	-2.656265E-04	2.667077E-04	
-2.170605E-04	-2.170605E-04	1.465135E-04	
-2.208635E-04	-1.958619E-04	1.250186E-04	
-2.080447E-04	-1.554918E-04	7.190322E-05	
-1.412500E-04	-7.139897E-05	-1.868589E-05	
-5.347661E-05	-1.674671E-05	-3.220642E-05	
-9.703978E-06	-3.217892E-06	-2.146725E-05	
9.569586E-06	-3.503736E-06	-2.128055E-05	
5.109435E-05	-1.780819E-05	-3.187350E-05	
1.299149E-04	-7.437288E-05	-2.079922E-05	
1.879614E-04	-1.603806E-04	5.228039E-05	
1.989930E-04	-1.989930E-04	1.016877E-04	
1.958619E-04	-2.208635E-04	1.250185E-04	
1.573517E-04	-2.796025E-04	2.055470E-04	
6.581823E-11	-3.341400E-04	2.509363E-04	
-1.573515E-04	-2.796025E-04	2.055470E-04	
-1.958618E-04	-2.208636E-04	1.250186E-04	
-1.989929E-04	-1.989930E-04	1.016877E-04	
-1.879613E-04	-1.603806E-04	5.228042E-05	
-1.299148E-04	-7.437289E-05	-2.079920E-05	
-5.109433E-05	-1.780821E-05	-3.187349E-05	
-9.569580E-06	-3.503751E-06	-2.128055E-05	
9.260159E-06	-3.976083E-06	-2.087673E-05	
4.633496E-05	-1.905838E-05	-3.114362E-05	
1.089421E-04	-7.417213E-05	-2.447950E-05	
1.521121E-04	-1.521121E-04	2.007963E-05	
1.603807E-04	-1.879613E-04	5.228046E-05	
1.554918E-04	-2.080447E-04	7.190322E-05	
1.244373E-04	-2.590185E-04	1.135699E-04	
2.419798E-11	-3.078959E-04	1.435096E-04	
-1.244373E-04	-2.590185E-04	1.135699E-04	
-1.554918E-04	-2.080447E-04	7.190321E-05	
-1.603806E-04	-1.879613E-04	5.228042E-05	
-1.521121E-04	-1.521121E-04	2.007963E-05	
-1.089421E-04	-7.417214E-05	-2.447950E-05	
-4.633494E-05	-1.905840E-05	-3.114361E-05	
-9.260156E-06	-3.976098E-06	-2.087673E-05	
8.113839E-06	-4.969865E-06	-1.953048E-05	
3.311966E-05	-1.997562E-05	-2.863058E-05	
6.190725E-05	-6.190724E-05	-3.114953E-05	
7.417215E-05	-1.089421E-04	-2.447951E-05	
7.437290E-05	-1.299148E-04	-2.079918E-05	
7.139899E-05	-1.412499E-04	-1.868589E-05	
5.775204E-05	-1.684838E-04	-1.318204E-05	
1.840939E-11	-1.962247E-04	-7.223661E-06	
-5.775200E-05	-1.684838E-04	-1.318204E-05	
-7.139895E-05	-1.412499E-04	-1.868590E-05	
-7.437287E-05	-1.299148E-04	-2.079918E-05	
-7.417211E-05	-1.089421E-04	-2.447950E-05	
-6.190723E-05	-6.190725E-05	-3.114953E-05	
-3.311965E-05	-1.997564E-05	-2.863057E-05	
-8.113835E-06	-4.969876E-06	-1.953048E-05	
5.198847E-06	-5.036278E-06	-1.659060E-05	
1.506231E-05	-1.506231E-05	-2.295456E-05	
1.997563E-05	-3.311966E-05	-2.863058E-05	
1.905839E-05	-4.633496E-05	-3.114362E-05	
1.780820E-05	-5.109434E-05	-3.187347E-05	
1.674670E-05	-5.347661E-05	-3.220642E-05	
1.310981E-05	-5.934486E-05	-3.296530E-05	
1.147245E-11	-6.566905E-05	-3.368362E-05	
-1.310978E-05	-5.934487E-05	-3.296531E-05	
-1.674668E-05	-5.347661E-05	-3.220642E-05	
-1.780818E-05	-5.109435E-05	-3.187348E-05	
-1.905837E-05	-4.633496E-05	-3.114361E-05	
-1.997562E-05	-3.311966E-05	-2.863057E-05	
-1.506230E-05	-1.506232E-05	-2.295455E-05	
-5.198844E-06	-5.036285E-06	-1.659059E-05	
2.278167E-06	-2.278165E-06	-1.342679E-05	
5.036282E-06	-5.198846E-06	-1.659060E-05	
4.969872E-06	-8.113838E-06	-1.953049E-05	
3.976092E-06	-9.260158E-06	-2.087674E-05	
3.503745E-06	-9.569586E-06	-2.128053E-05	
3.217886E-06	-9.703979E-06	-2.146725E-05	
2.387654E-06	-9.964620E-06	-2.189427E-05	
7.473939E-12	-1.015808E-05	-2.231683E-05	
-2.387639E-06	-9.964621E-06	-2.189428E-05	
-3.217872E-06	-9.703979E-06	-2.146725E-05	
-3.503732E-06	-9.569588E-06	-2.128054E-05	
-3.976079E-06	-9.260158E-06	-2.087673E-05	
-4.969860E-06	-8.113838E-06	-1.953048E-05	
-5.036274E-06	-5.198848E-06	-1.659059E-05	
-2.278164E-06	-2.278168E-06	-1.342679E-05	
1.592975E-06	1.592975E-06	-1.591137E-05	
3.499208E-06	3.720946E-06	-1.976115E-05	
3.427740E-06	5.732748E-06	-2.322823E-05	
2.727512E-06	6.633234E-06	-2.474793E-05	
2.394923E-06	6.842784E-06	-2.519067E-05	
2.201244E-06	6.936099E-06	-2.539237E-05	
1.629187E-06	7.235972E-06	-2.584814E-05	
-1.193665E-12	7.387687E-06	-2.629010E-05	
-1.629189E-06	7.235972E-06	-2.584814E-05	
-2.201246E-06	6.936098E-06	-2.539238E-05	
-2.394925E-06	6.842776E-06	-2.519069E-05	
-2.727513E-06	6.633232E-06	-2.474791E-05	
-3.427741E-06	5.732745E-06	-2.322821E-05	
-3.499208E-06	3.720944E-06	-1.976113E-05	
-1.592975E-06	1.592973E-06	-1.591135E-05	
3.720947E-06	3.499206E-06	-1.976115E-05	
1.131001E-05	1.131000E-05	-2.955324E-05	
1.548349E-05	2.668191E-05	-4.128207E-05	
1.494691E-05	3.741514E-05	-4.791428E-05	
1.403917E-05	4.142210E-05	-5.009967E-05	
1.319236E-05	4.341446E-05	-5.115524E-05	
1.035817E-05	4.787604E-05	-5.365170E-05	
4.025355E-13	5.306671E-05	-5.619781E-05	
-1.035817E-05	4.787604E-05	-5.365170E-05	
-1.319236E-05	4.341446E-05	-5.115525E-05	
-1.403917E-05	4.142207E-05	-5.009969E-05	
-1.494691E-05	3.741513E-05	-4.791426E-05	
-1.548349E-05	2.668190E-05	-4.128205E-05	
-1.131000E-05	1.131000E-05	-2.955323E-05	
-3.720946E-06	3.499201E-06	-1.976113E-05	
5.732748E-06	3.427739E-06	-2.322823E-05	
2.668191E-05	1.548349E-05	-4.128208E-05	
5.689469E-05	5.689469E-05	-6.993712E-05	
7.307895E-05	1.184838E-04	-8.965850E-05	
7.415860E-05	1.454393E-04	-9.689839E-05	
7.192665E-05	1.602046E-04	-1.005456E-04	
5.882845E-05	1.992369E-04	-1.092262E-04	
2.528221E-12	2.375227E-04	-1.182838E-04	
-5.882844E-05	1.992369E-04	-1.092262E-04	
-7.192664E-05	1.602046E-04	-1.005456E-04	
-7.415859E-05	1.454393E-04	-9.689840E-05	
-7.307895E-05	1.184838E-04	-8.965848E-05	
-5.689468E-05	5.689467E-05	-6.993710E-05	
-2.668191E-05	1.548348E-05	-4.128205E-05	
-5.732747E-06	3.427731E-06	-2.322821E-05	
6.633234E-06	2.727511E-06	-2.474793E-05	
3.741514E-05	1.494691E-05	-4.791428E-05	
1.184838E-04	7.307896E-05	-8.965851E-05	
2.238497E-04	2.238497E-04	-1.103221E-04	
2.723524E-04	3.651101E-04	-1.102497E-04	
2.560971E-04	4.535246E-04	-1.086056E-04	
1.795447E-04	6.111361E-04	-1.092055E-04	
-4.266532E-12	6.984409E-04	-1.189708E-04	
-1.795447E-04	6.111361E-04	-1.092055E-04	
-2.560971E-04	4.535245E-04	-1.086056E-04	
-2.723523E-04	3.651100E-04	-1.102497E-04	
-2.238497E-04	2.238497E-04	-1.103221E-04	
-1.184838E-04	7.307894E-05	-8.965848E-05	
-3.741514E-05	1.494690E-05	-4.791426E-05	
-6.633233E-06	2.727502E-06	-2.474791E-05	
6.842781E-06	2.394922E-06	-2.519068E-05	
4.142208E-05	1.403917E-05	-5.009967E-05	
1.454393E-04	7.415860E-05	-9.689838E-05	
3.651101E-04	2.723524E-04	-1.102497E-04	
5.106659E-04	5.106659E-04	2.701969E-05	
4.509713E-04	6.652413E-04	1.586259E-04	
2.691655E-04	9.164979E-04	1.772572E-04	
-4.218339E-11	1.024240E-03	1.699507E-04	
-2.691656E-04	9.164978E-04	1.772572E-04	
-4.509713E-04	6.652412E-04	1.586258E-04	
-5.106659E-04	5.106659E-04	2.701947E-05	
-3.651100E-04	2.723523E-04	-1.102497E-04	
-1.454393E-04	7.415859E-05	-9.689835E-05	
-4.142208E-05	1.403916E-05	-5.009965E-05	
-6.842781E-06	2.394912E-06	-2.519066E-05	
6.936097E-06	2.201243E-06	-2.539238E-05	
4.341445E-05	1.319236E-05	-5.115525E-05	
1.602045E-04	7.192665E-05	-1.005456E-04	
4.535245E-04	2.560971E-04	-1.086056E-04	
6.652412E-04	4.509713E-04	1.586258E-04	
6.101367E-04	6.101368E-04	4.177640E-04	
3.467951E-04	9.984834E-04	4.609176E-04	
-1.885199E-13	1.063845E-03	4.530164E-04	
-3.467951E-04	9.984834E-04	4.609176E-04	
-6.101367E-04	6.101367E-04	4.177640E-04	
-6.652412E-04	4.509713E-04	1.586256E-04	
-4.535245E-04	2.560971E-04	-1.086055E-04	
-1.602045E-04	7.192663E-05	-1.005455E-04	
-4.341445E-05	1.319234E-05	-5.115523E-05	
-6.936096E-06	2.201234E-06	-2.539237E-05	
7.235970E-06	1.629187E-06	-2.584814E-05	
4.787603E-05	1.035817E-05	-5.365171E-05	
1.992369E-04	5.882845E-05	-1.092262E-04	
6.111361E-04	1.795447E-04	-1.092055E-04	
9.164978E-04	2.691656E-04	1.772572E-04	
9.984834E-04	3.467951E-04	4.609176E-04	
5.681452E-04	5.681451E-04	1.500728E-03	
2.012047E-10	5.853755E-04	1.193663E-03	
-5.681450E-04	5.681453E-04	1.500728E-03	
-9.984834E-04	3.467950E-04	4.609176E-04	
-9.164978E-04	2.691655E-04	1.772571E-04	
-6.111361E-04	1.795447E-04	-1.092054E-04	
-1.992368E-04	5.882843E-05	-1.092261E-04	
-4.787602E-05	1.035815E-05	-5.365169E-05	
-7.235969E-06	1.629177E-06	-2.584813E-05	
7.387685E-06	1.203205E-12	-2.629011E-05	
5.306670E-05	5.309471E-12	-5.619782E-05	
2.375227E-04	1.130544E-11	-1.182838E-04	
6.984409E-04	1.368183E-11	-1.189708E-04	
1.024240E-03	7.018136E-11	1.699506E-04	
1.063845E-03	8.407566E-12	4.530163E-04	
5.853755E-04	-4.311243E-11	1.193663E-03	
2.114871E-11	-1.617893E-11	8.620642E-04	
-5.853754E-04	1.845894E-10	1.193663E-03	
-1.063845E-03	-5.759451E-11	4.530164E-04	
-1.024240E-03	-1.676795E-10	1.699507E-04	
-6.984408E-04	-7.976691E-12	-1.189708E-04	
-2.375227E-04	-5.664516E-12	-1.182838E-04	
-5.306670E-05	-7.991574E-12	-5.619780E-05	
-7.387683E-06	-1.033787E-11	-2.629009E-05	
7.235971E-06	-1.629185E-06	-2.584815E-05	
4.787603E-05	-1.035816E-05	-5.365171E-05	
1.992369E-04	-5.882843E-05	-1.092262E-04	
6.111361E-04	-1.795447E-04	-1.092055E-04	
9.164979E-04	-2.691655E-04	1.772571E-04	
9.984834E-04	-3.467950E-04	4.609176E-04	
5.681451E-04	-5.681451E-04	1.500728E-03	
-9.011887E-11	-5.853754E-04	1.193663E-03	
-5.681452E-04	-5.681451E-04	1.500728E-03	
-9.984833E-04	-3.467951E-04	4.609176E-04	
-9.164978E-04	-2.691657E-04	1.772573E-04	
-6.111360E-04	-1.795447E-04	-1.092055E-04	
-1.992368E-04	-5.882844E-05	-1.092261E-04	
-4.787602E-05	-1.035817E-05	-5.365169E-05	
-7.235968E-06	-1.629198E-06	-2.584813E-05	
6.936098E-06	-2.201242E-06	-2.539238E-05	
4.341446E-05	-1.319235E-05	-5.115525E-05	
1.602046E-04	-7.192662E-05	-1.005456E-04	
4.535246E-04	-2.560971E-04	-1.086056E-04	
6.652412E-04	-4.509713E-04	1.586258E-04	
6.101367E-04	-6.101366E-04	4.177640E-04	
3.467951E-04	-9.984833E-04	4.609176E-04	
8.120690E-11	-1.063845E-03	4.530163E-04	
-3.467950E-04	-9.984833E-04	4.609176E-04	
-6.101366E-04	-6.101367E-04	4.177640E-04	
-6.652411E-04	-4.509713E-04	1.586259E-04	
-4.535245E-04	-2.560971E-04	-1.086055E-04	
-1.602045E-04	-7.192664E-05	-1.005456E-04	
-4.341444E-05	-1.319236E-05	-5.115523E-05	
-6.936093E-06	-2.201254E-06	-2.539236E-05	
6.842778E-06	-2.394920E-06	-2.519069E-05	
4.142207E-05	-1.403916E-05	-5.009971E-05	
1.454393E-04	-7.415857E-05	-9.689844E-05	
3.651101E-04	-2.723523E-04	-1.102498E-04	
5.106659E-04	-5.106659E-04	2.701966E-05	
4.509713E-04	-6.652411E-04	1.586258E-04	
2.691656E-04	-9.164978E-04	1.772572E-04	
9.036363E-11	-1.024240E-03	1.699506E-04	
-2.691655E-04	-9.164978E-04	1.772572E-04	
-4.509712E-04	-6.652412E-04	1.586258E-04	
-5.106658E-04	-5.106658E-04	2.701971E-05	
-3.651100E-04	-2.723523E-04	-1.102497E-04	
-1.454393E-04	-7.415859E-05	-9.689840E-05	
-4.142206E-05	-1.403918E-05	-5.009969E-05	
-6.842774E-06	-2.394933E-06	-2.519068E-05	
6.633230E-06	-2.727509E-06	-2.474791E-05	
3.741513E-05	-1.494690E-05	-4.791426E-05	
1.184838E-04	-7.307893E-05	-8.965848E-05	
2.238497E-04	-2.238497E-04	-1.103221E-04	
2.723524E-04	-3.651100E-04	-1.102497E-04	
2.560971E-04	-4.535245E-04	-1.086055E-04	
1.795447E-04	-6.111360E-04	-1.092055E-04	
1.952134E-11	-6.984408E-04	-1.189708E-04	
-1.795447E-04	-6.111361E-04	-1.092055E-04	
-2.560971E-04	-4.535245E-04	-1.086056E-04	
-2.723523E-04	-3.651100E-04	-1.102497E-04	
-2.238497E-04	-2.238497E-04	-1.103221E-04	
-1.184838E-04	-7.307894E-05	-8.965847E-05	
-3.741512E-05	-1.494692E-05	-4.791426E-05	
-6.633228E-06	-2.727520E-06	-2.474791E-05	
5.732744E-06	-3.427736E-06	-2.322821E-05	
2.668190E-05	-1.548348E-05	-4.128206E-05	
5.689468E-05	-5.689467E-05	-6.993710E-05	
7.307895E-05	-1.184838E-04	-8.965849E-05	
7.415860E-05	-1.454393E-04	-9.689837E-05	
7.192665E-05	-1.602045E-04	-1.005455E-04	
5.882845E-05	-1.992368E-04	-1.092261E-04	
1.578203E-11	-2.375227E-04	-1.182838E-04	
-5.882841E-05	-1.992368E-04	-1.092261E-04	
-7.192661E-05	-1.602045E-04	-1.005456E-04	
-7.415856E-05	-1.454393E-04	-9.689838E-05	
-7.307892E-05	-1.184838E-04	-8.965847E-05	
-5.689466E-05	-5.689467E-05	-6.993709E-05	
-2.668189E-05	-1.548349E-05	-4.128205E-05	
-5.732741E-06	-3.427746E-06	-2.322821E-05	
3.720945E-06	-3.499204E-06	-1.976113E-05	
1.131000E-05	-1.131000E-05	-2.955323E-05	
1.548349E-05	-2.668190E-05	-4.128206E-05	
1.494691E-05	-3.741513E-05	-4.791427E-05	
1.403917E-05	-4.142206E-05	-5.009966E-05	
1.319236E-05	-4.341444E-05	-5.115523E-05	
1.035817E-05	-4.787601E-05	-5.365169E-05	
9.249026E-12	-5.306669E-05	-5.619780E-05	
-1.035815E-05	-4.787602E-05	-5.365169E-05	
-1.319234E-05	-4.341444E-05	-5.115523E-05	
-1.403915E-05	-4.142208E-05	-5.009968E-05	
-1.494690E-05	-3.741513E-05	-4.791425E-05	
-1.548348E-05	-2.668190E-05	-4.128205E-05	
-1.130999E-05	-1.131000E-05	-2.955323E-05	
-3.720942E-06	-3.499210E-06	-1.976113E-05	
1.592974E-06	-1.592973E-06	-1.591136E-05	
3.499207E-06	-3.720943E-06	-1.976114E-05	
3.427741E-06	-5.732743E-06	-2.322822E-05	
2.727514E-06	-6.633229E-06	-2.474792E-05	
2.394926E-06	-6.842774E-06	-2.519067E-05	
2.201248E-06	-6.936093E-06	-2.539237E-05	
1.629192E-06	-7.235966E-06	-2.584813E-05	
5.889072E-12	-7.387681E-06	-2.629009E-05	
-1.629180E-06	-7.235967E-06	-2.584813E-05	
-2.201236E-06	-6.936094E-06	-2.539237E-05	
-2.394915E-06	-6.842780E-06	-2.519068E-05	
-2.727504E-06	-6.633230E-06	-2.474791E-05	
-3.427731E-06	-5.732744E-06	-2.322821E-05	
-3.499200E-06	-3.720945E-06	-1.976113E-05	
-1.592972E-06	-1.592975E-06	-1.591135E-05	
2.777647E-13	-3.802977E-13	-1.655499E-05	
1.368444E-13	3.672223E-13	-2.059117E-05	
-9.441059E-13	1.349265E-12	-2.419400E-05	
-2.104124E-12	1.854937E-12	-2.577247E-05	
-2.662885E-12	4.039702E-12	-2.623133E-05	
-2.696350E-12	1.689556E-12	-2.644042E-05	
-2.771682E-12	1.455959E-12	-2.691449E-05	
-3.615172E-12	1.547322E-12	-2.737132E-05	
-4.534648E-12	1.129865E-12	-2.691449E-05	
-4.757766E-12	4.425777E-13	-2.644042E-05	
-4.733012E-12	-3.372401E-12	-2.623135E-05	
-4.909527E-12	3.933796E-13	-2.577246E-05	
-4.982584E-12	-1.958731E-13	-2.419398E-05	
-3.929564E-12	-8.233893E-13	-2.059115E-05	
-1.524506E-12	-1.374490E-12	-1.655498E-05	
8.692889E-13	-1.604365E-12	-2.059117E-05	
2.220920E-12	3.298463E-13	-3.148730E-05	
2.445089E-12	3.758746E-12	-4.523887E-05	
1.629839E-12	6.680151E-12	-5.310949E-05	
9.800534E-13	1.301924E-11	-5.571807E-05	
9.002797E-13	5.455182E-12	-5.697876E-05	
4.817897E-13	6.177872E-12	-5.994956E-05	
-2.375937E-12	7.325849E-12	-6.300232E-05	
-5.803409E-12	6.869701E-12	-5.994956E-05	
-7.382643E-12	5.882044E-12	-5.697876E-05	
-7.888791E-12	-5.898529E-12	-5.571809E-05	
-7.580202E-12	4.954178E-14	-5.310947E-05	
-6.900983E-12	-5.813529E-13	-4.523885E-05	
-5.161272E-12	-2.513958E-12	-3.148728E-05	
-1.932054E-12	-4.180773E-12	-2.059115E-05	
1.273826E-12	-3.048360E-12	-2.419400E-05	
4.808196E-12	-9.765999E-13	-4.523887E-05	
8.247518E-12	4.715643E-12	-8.493348E-05	
1.072282E-11	9.072453E-12	-1.193064E-04	
1.204089E-11	1.665177E-11	-1.328736E-04	
1.067380E-11	1.466485E-11	-1.399221E-04	
6.861734E-12	1.597642E-11	-1.572300E-04	
-6.382164E-13	1.648514E-11	-1.754149E-04	
-6.484849E-12	1.383913E-11	-1.572300E-04	
-7.149478E-12	1.102564E-11	-1.399221E-04	
-6.980069E-12	-2.085083E-12	-1.328736E-04	
-8.406520E-12	3.148427E-12	-1.193064E-04	
-9.718579E-12	-2.991407E-14	-8.493346E-05	
-7.327862E-12	-4.080151E-12	-4.523885E-05	
-2.557729E-12	-6.614396E-12	-2.419398E-05	
9.088643E-13	-3.868796E-12	-2.577248E-05	
5.775372E-12	-2.682306E-12	-5.310950E-05	
1.107568E-11	4.844831E-12	-1.193064E-04	
1.310655E-11	9.263065E-12	-2.072139E-04	
1.350642E-11	2.172211E-11	-2.547758E-04	
1.219256E-11	2.501521E-11	-2.820536E-04	
6.947391E-12	2.853035E-11	-3.429077E-04	
-2.861443E-12	2.515724E-11	-3.939562E-04	
-1.150606E-11	2.038791E-11	-3.429076E-04	
-1.602321E-11	1.443212E-11	-2.820536E-04	
-1.778877E-11	9.296860E-12	-2.547757E-04	
-1.627019E-11	6.647060E-12	-2.072138E-04	
-1.362395E-11	1.066215E-12	-1.193064E-04	
-9.548871E-12	-5.381589E-12	-5.310947E-05	
-3.148803E-12	-8.299853E-12	-2.577246E-05	
-4.426323E-13	-4.099408E-12	-2.623133E-05	
1.093440E-12	-3.524034E-12	-5.571807E-05	
5.588442E-12	5.033266E-12	-1.328736E-04	
1.758720E-12	1.036897E-11	-2.547757E-04	
-1.915313E-11	6.524789E-12	-2.547757E-04	
-1.866220E-11	1.357048E-12	-1.328735E-04	
-1.192947E-11	-6.051690E-12	-5.571804E-05	
-4.102323E-12	-9.051240E-12	-2.623131E-05	
-4.539230E-13	-3.996046E-12	-2.644042E-05	
-3.667351E-12	-3.065596E-12	-5.697876E-05	
-3.511911E-12	4.465547E-12	-1.399221E-04	
2.266396E-12	9.625610E-12	-2.820536E-04	
8.074680E-12	2.522301E-11	6.607600E-04	
1.270613E-13	4.330196E-11	5.223777E-04	
-5.970523E-12	3.126058E-11	4.439654E-04	
-1.334923E-11	3.100458E-11	5.223778E-04	
-2.430196E-11	1.820283E-11	6.607600E-04	
-1.897389E-11	5.680344E-12	-2.820536E-04	
-8.238799E-12	2.541489E-13	-1.399221E-04	
-1.241399E-12	-6.007924E-12	-5.697874E-05	
-2.017070E-13	-9.020742E-12	-2.644041E-05	
-5.780036E-13	-3.659573E-12	-2.691449E-05	
-3.140884E-12	-1.888453E-12	-5.994956E-05	
-3.254225E-12	3.206973E-12	-1.572300E-04	
1.869729E-12	5.607099E-12	-3.429077E-04	
8.570570E-12	1.685406E-11	5.223778E-04	
-3.626532E-11	7.157568E-12	5.223777E-04	
-2.129651E-11	-4.808568E-13	-3.429076E-04	
-7.856437E-12	-2.875660E-12	-1.572300E-04	
-1.214790E-12	-6.033148E-12	-5.994954E-05	
-8.568402E-14	-8.895418E-12	-2.691448E-05	
-4.397826E-13	-2.763959E-12	-2.737133E-05	
-1.662789E-12	-2.751229E-13	-6.300232E-05	
-3.108319E-12	3.223797E-12	-1.754149E-04	
-4.969141E-12	3.550582E-12	-3.939562E-04	
-6.864566E-12	5.974971E-12	4.439654E-04	
-1.179465E-11	-2.391859E-12	4.439654E-04	
-8.158796E-12	-9.002943E-12	-3.939561E-04	
-4.504926E-12	-6.479990E-12	-1.754148E-04	
-1.657935E-12	-6.885758E-12	-6.300230E-05	
-2.976586E-13	-9.058919E-12	-2.737132E-05	
-2.515802E-14	-1.886550E-12	-2.691449E-05	
2.889285E-14	6.397479E-13	-5.994957E-05	
-2.578087E-12	4.848539E-12	-1.572300E-04	
-8.533923E-12	6.487980E-12	-3.429077E-04	
-1.942913E-11	1.230440E-11	5.223777E-04	
1.512343E-11	3.696809E-12	5.223778E-04	
8.784660E-12	-7.906577E-12	-3.429076E-04	
5.114950E-13	-6.611803E-12	-1.572300E-04	
-1.155225E-12	-7.590887E-12	-5.994954E-05	
-2.493729E-13	-9.215992E-12	-2.691448E-05	
7.824431E-13	-1.677465E-12	-2.644043E-05	
2.796296E-12	3.684670E-13	-5.697877E-05	
6.617745E-13	6.123017E-12	-1.399221E-04	
-5.871367E-12	9.526699E-12	-2.820537E-04	
-1.340917E-11	2.493822E-11	6.607600E-04	
-5.978953E-12	4.402903E-11	5.223777E-04	
2.684090E-12	3.535005E-11	4.439654E-04	
8.002629E-12	1.808102E-11	5.223777E-04	
1.497681E-11	8.765143E-12	6.607600E-04	
1.149566E-11	-2.013478E-12	-2.820536E-04	
4.279683E-12	-4.350690E-12	-1.399221E-04	
1.088286E-12	-7.441913E-12	-5.697874E-05	
5.605398E-13	-9.061158E-12	-2.644041E-05	
9.191023E-13	-1.637836E-12	-2.623135E-05	
2.568024E-12	1.462346E-13	-5.571811E-05	
2.850070E-12	6.554077E-12	-1.328736E-04	
-2.935818E-12	1.078147E-11	-2.547758E-04	
1.379025E-11	-7.626853E-13	-2.547757E-04	
1.438016E-11	-3.368421E-12	-1.328736E-04	
9.011797E-12	-7.209945E-12	-5.571808E-05	
2.742397E-12	-8.879066E-12	-2.623134E-05	
-8.930723E-13	-1.616741E-12	-2.577245E-05	
-3.663452E-12	4.697442E-13	-5.310947E-05	
-5.725438E-12	6.229963E-12	-1.193064E-04	
-6.959876E-12	1.065346E-11	-2.072138E-04	
-7.967018E-12	2.016683E-11	-2.547757E-04	
-6.987293E-12	2.286661E-11	-2.820536E-04	
-1.658083E-12	2.940490E-11	-3.429076E-04	
1.201157E-11	2.714075E-11	-3.939561E-04	
2.058199E-11	1.356871E-11	-3.429076E-04	
1.948189E-11	8.641510E-12	-2.820536E-04	
1.936871E-11	5.156041E-12	-2.547757E-04	
1.779658E-11	-4.127690E-13	-2.072138E-04	
1.389723E-11	-3.316296E-12	-1.193064E-04	
8.455260E-12	-6.913213E-12	-5.310947E-05	
2.530365E-12	-8.520287E-12	-2.577246E-05	
-9.086752E-13	-1.336380E-12	-2.419398E-05	
-2.703421E-12	1.006299E-12	-4.523885E-05	
-3.556236E-12	5.151957E-12	-8.493346E-05	
-3.410465E-12	8.579524E-12	-1.193064E-04	
-3.281415E-12	1.423293E-11	-1.328736E-04	
-2.131784E-12	1.477641E-11	-1.399221E-04	
1.244547E-12	1.714411E-11	-1.572300E-04	
8.419230E-12	1.577418E-11	-1.754148E-04	
1.380803E-11	9.765874E-12	-1.572300E-04	
1.409218E-11	6.521004E-12	-1.399221E-04	
1.396744E-11	-1.215405E-12	-1.328736E-04	
1.322586E-11	7.424324E-13	-1.193064E-04	
1.085384E-11	-2.493845E-12	-8.493345E-05	
6.854875E-12	-5.761235E-12	-4.523884E-05	
2.218943E-12	-7.283491E-12	-2.419398E-05	
-5.452020E-13	-6.658131E-13	-2.059115E-05	
-1.149638E-12	1.051122E-12	-3.148729E-05	
-9.342606E-13	3.274018E-12	-4.523885E-05	
-4.771623E-13	4.948346E-12	-5.310948E-05	
-3.171008E-13	8.753601E-12	-5.571806E-05	
2.070908E-13	6.285980E-12	-5.697874E-05	
1.723022E-12	7.339302E-12	-5.994954E-05	
4.538621E-12	6.883172E-12	-6.300230E-05	
6.483438E-12	4.892014E-12	-5.994955E-05	
6.467432E-12	3.539387E-12	-5.697875E-05	
6.438989E-12	-3.139653E-12	-5.571807E-05	
6.701015E-12	3.995651E-13	-5.310946E-05	
6.564919E-12	-1.226186E-12	-4.523884E-05	
4.893635E-12	-3.481780E-12	-3.148728E-05	
1.767189E-12	-4.740476E-12	-2.059115E-05	
-1.350394E-13	-1.447804E-13	-1.655498E-05	
2.235864E-14	4.257382E-13	-2.059116E-05	
6.851497E-13	1.060198E-12	-2.419399E-05	
1.281139E-12	1.495473E-12	-2.577246E-05	
1.501828E-12	3.050457E-12	-2.623132E-05	
1.636454E-12	1.188966E-12	-2.644041E-05	
2.049595E-12	1.484353E-12	-2.691448E-05	
3.148241E-12	1.596993E-12	-2.737131E-05	
4.268472E-12	1.481475E-12	-2.691448E-05	
4.695200E-12	1.239688E-12	-2.644041E-05	
4.870617E-12	-2.040011E-12	-2.623133E-05	
4.778716E-12	-3.115883E-13	-2.577245E-05	
4.509654E-12	-4.156830E-13	-2.419398E-05	
3.597115E-12	-1.075688E-12	-2.059115E-05	
1.408948E-12	-1.568114E-12	-1.655498E-05	
-1.592975E-06	-1.592975E-06	-1.591137E-05	
-3.499208E-06	-3.720946E-06	-1.976115E-05	
-3.427742E-06	-5.732745E-06	-2.322823E-05	
-2.727515E-06	-6.633231E-06	-2.474793E-05	
-2.394926E-06	-6.842774E-06	-2.519067E-05	
-2.201248E-06	-6.936096E-06	-2.539237E-05	
-1.629192E-06	-7.235970E-06	-2.584814E-05	
-5.740156E-12	-7.387684E-06	-2.629010E-05	
1.629180E-06	-7.235970E-06	-2.584814E-05	
2.201236E-06	-6.936097E-06	-2.539237E-05	
2.394914E-06	-6.842784E-06	-2.519069E-05	
2.727503E-06	-6.633231E-06	-2.474791E-05	
3.427732E-06	-5.732745E-06	-2.322821E-05	
3.499201E-06	-3.720946E-06	-1.976113E-05	
1.592972E-06	-1.592975E-06	-1.591135E-05	
-3.720945E-06	-3.499210E-06	-1.976115E-05	
-1.131000E-05	-1.131000E-05	-2.955324E-05	
-1.548349E-05	-2.668190E-05	-4.128208E-05	
-1.494691E-05	-3.741513E-05	-4.791428E-05	
-1.403917E-05	-4.142206E-05	-5.009967E-05	
-1.319235E-05	-4.341445E-05	-5.115525E-05	
-1.035817E-05	-4.787603E-05	-5.365170E-05	
-4.479259E-12	-5.306670E-05	-5.619782E-05	
1.035816E-05	-4.787603E-05	-5.365170E-05	
1.319234E-05	-4.341445E-05	-5.115524E-05	
1.403916E-05	-4.142210E-05	-5.009970E-05	
1.494690E-05	-3.741513E-05	-4.791426E-05	
1.548348E-05	-2.668190E-05	-4.128206E-05	
1.131000E-05	-1.131000E-05	-2.955323E-05	
3.720943E-06	-3.499210E-06	-1.976113E-05	
-5.732745E-06	-3.427745E-06	-2.322823E-05	
-2.668190E-05	-1.548350E-05	-4.128208E-05	
-5.689468E-05	-5.689468E-05	-6.993713E-05	
-7.307894E-05	-1.184838E-04	-8.965851E-05	
-7.415859E-05	-1.454393E-04	-9.689840E-05	
-7.192664E-05	-1.602045E-04	-1.005456E-04	
-5.882844E-05	-1.992369E-04	-1.092262E-04	
-2.669771E-12	-2.375227E-04	-1.182838E-04	
5.882843E-05	-1.992369E-04	-1.092262E-04	
7.192663E-05	-1.602045E-04	-1.005456E-04	
7.415858E-05	-1.454393E-04	-9.689841E-05	
7.307893E-05	-1.184838E-04	-8.965848E-05	
5.689467E-05	-5.689468E-05	-6.993710E-05	
2.668190E-05	-1.548349E-05	-4.128206E-05	
5.732742E-06	-3.427745E-06	-2.322821E-05	
-6.633232E-06	-2.727519E-06	-2.474793E-05	
-3.741514E-05	-1.494692E-05	-4.791429E-05	
-1.184838E-04	-7.307895E-05	-8.965852E-05	
-2.238497E-04	-2.238497E-04	-1.103222E-04	
-2.723523E-04	-3.651100E-04	-1.102497E-04	
-2.560971E-04	-4.535245E-04	-1.086056E-04	
-1.795447E-04	-6.111361E-04	-1.092055E-04	
-5.240868E-13	-6.984408E-04	-1.189708E-04	
1.795447E-04	-6.111361E-04	-1.092055E-04	
2.560971E-04	-4.535245E-04	-1.086056E-04	
2.723523E-04	-3.651100E-04	-1.102497E-04	
2.238497E-04	-2.238497E-04	-1.103221E-04	
1.184838E-04	-7.307894E-05	-8.965849E-05	
3.741512E-05	-1.494691E-05	-4.791426E-05	
6.633227E-06	-2.727518E-06	-2.474791E-05	
-6.842781E-06	-2.394930E-06	-2.519067E-05	
-4.142209E-05	-1.403917E-05	-5.009967E-05	
-1.454393E-04	-7.415860E-05	-9.689838E-05	
-3.651101E-04	-2.723523E-04	-1.102497E-04	
-5.106659E-04	-5.106659E-04	2.701968E-05	
-4.509713E-04	-6.652412E-04	1.586259E-04	
-2.691655E-04	-9.164979E-04	1.772572E-04	
3.383888E-11	-1.024240E-03	1.699507E-04	
2.691656E-04	-9.164978E-04	1.772572E-04	
4.509712E-04	-6.652412E-04	1.586258E-04	
5.106659E-04	-5.106659E-04	2.701950E-05	
3.651100E-04	-2.723523E-04	-1.102497E-04	
1.454393E-04	-7.415859E-05	-9.689835E-05	
4.142207E-05	-1.403917E-05	-5.009965E-05	
6.842776E-06	-2.394929E-06	-2.519066E-05	
-6.936098E-06	-2.201251E-06	-2.539238E-05	
-4.341446E-05	-1.319236E-05	-5.115525E-05	
-1.602046E-04	-7.192665E-05	-1.005456E-04	
-4.535245E-04	-2.560971E-04	-1.086056E-04	
-6.652412E-04	-4.509713E-04	1.586258E-04	
-6.101367E-04	-6.101367E-04	4.177640E-04	
-3.467951E-04	-9.984834E-04	4.609176E-04	
7.559114E-12	-1.063845E-03	4.530163E-04	
3.467951E-04	-9.984834E-04	4.609177E-04	
6.101367E-04	-6.101367E-04	4.177640E-04	
6.652412E-04	-4.509713E-04	1.586256E-04	
4.535245E-04	-2.560971E-04	-1.086056E-04	
1.602045E-04	-7.192664E-05	-1.005456E-04	
4.341445E-05	-1.319236E-05	-5.115523E-05	
6.936095E-06	-2.201250E-06	-2.539237E-05	
-7.235972E-06	-1.629195E-06	-2.584814E-05	
-4.787604E-05	-1.035817E-05	-5.365171E-05	
-1.992369E-04	-5.882845E-05	-1.092262E-04	
-6.111361E-04	-1.795447E-04	-1.092055E-04	
-9.164979E-04	-2.691656E-04	1.772572E-04	
-9.984834E-04	-3.467951E-04	4.609176E-04	
-5.681452E-04	-5.681451E-04	1.500728E-03	
-1.388598E-10	-5.853755E-04	1.193663E-03	
5.681451E-04	-5.681453E-04	1.500728E-03	
9.984834E-04	-3.467951E-04	4.609176E-04	
9.164978E-04	-2.691655E-04	1.772570E-04	
6.111361E-04	-1.795447E-04	-1.092055E-04	
1.992368E-04	-5.882844E-05	-1.092261E-04	
4.787602E-05	-1.035817E-05	-5.365169E-05	
7.235969E-06	-1.629195E-06	-2.584813E-05	
-7.387687E-06	-6.742630E-12	-2.629011E-05	
-5.306671E-05	-5.582603E-12	-5.619782E-05	
-2.375227E-04	-3.528112E-12	-1.182838E-04	
-6.984409E-04	-3.440473E-12	-1.189708E-04	
-1.024240E-03	-5.308619E-11	1.699507E-04	
-1.063845E-03	3.174340E-12	4.530163E-04	
-5.853755E-04	3.634597E-11	1.193663E-03	
-1.220270E-11	-1.705237E-12	8.620642E-04	
5.853754E-04	-1.270431E-10	1.193663E-03	
1.063845E-03	3.407781E-11	4.530163E-04	
1.024240E-03	1.315774E-10	1.699507E-04	
6.984408E-04	-2.604232E-12	-1.189708E-04	
2.375227E-04	-8.277410E-12	-1.182838E-04	
5.306669E-05	-7.249370E-12	-5.619780E-05	
7.387684E-06	-8.536992E-12	-2.629009E-05	
-7.235972E-06	1.629181E-06	-2.584815E-05	
-4.787603E-05	1.035816E-05	-5.365171E-05	
-1.992369E-04	5.882844E-05	-1.092262E-04	
-6.111361E-04	1.795447E-04	-1.092055E-04	
-9.164979E-04	2.691655E-04	1.772571E-04	
-9.984834E-04	3.467950E-04	4.609176E-04	
-5.681451E-04	5.681451E-04	1.500728E-03	
5.295078E-11	5.853754E-04	1.193663E-03	
5.681451E-04	5.681451E-04	1.500728E-03	
9.984833E-04	3.467951E-04	4.609176E-04	
9.164978E-04	2.691657E-04	1.772572E-04	
6.111361E-04	1.795447E-04	-1.092054E-04	
1.992368E-04	5.882842E-05	-1.092261E-04	
4.787602E-05	1.035815E-05	-5.365169E-05	
7.235970E-06	1.629178E-06	-2.584813E-05	
-6.936097E-06	2.201237E-06	-2.539238E-05	
-4.341445E-05	1.319235E-05	-5.115525E-05	
-1.602045E-04	7.192664E-05	-1.005456E-04	
-4.535246E-04	2.560971E-04	-1.086056E-04	
-6.652412E-04	4.509713E-04	1.586258E-04	
-6.101367E-04	6.101367E-04	4.177640E-04	
-3.467951E-04	9.984833E-04	4.609176E-04	
-5.443062E-11	1.063845E-03	4.530163E-04	
3.467950E-04	9.984834E-04	4.609176E-04	
6.101366E-04	6.101367E-04	4.177640E-04	
6.652411E-04	4.509713E-04	1.586259E-04	
4.535245E-04	2.560971E-04	-1.086055E-04	
1.602045E-04	7.192662E-05	-1.005455E-04	
4.341446E-05	1.319234E-05	-5.115523E-05	
6.936097E-06	2.201233E-06	-2.539236E-05	
-6.842779E-06	2.394915E-06	-2.519070E-05	
-4.142208E-05	1.403916E-05	-5.009971E-05	
-1.454393E-04	7.415860E-05	-9.689844E-05	
-3.651101E-04	2.723523E-04	-1.102498E-04	
-5.106659E-04	5.106659E-04	2.701967E-05	
-4.509713E-04	6.652412E-04	1.586258E-04	
-2.691656E-04	9.164978E-04	1.772572E-04	
-1.020573E-10	1.024240E-03	1.699507E-04	
2.691654E-04	9.164978E-04	1.772571E-04	
4.509712E-04	6.652412E-04	1.586258E-04	
5.106658E-04	5.106659E-04	2.701967E-05	
3.651100E-04	2.723523E-04	-1.102497E-04	
1.454393E-04	7.415857E-05	-9.689840E-05	
4.142208E-05	1.403915E-05	-5.009969E-05	
6.842780E-06	2.394911E-06	-2.519068E-05	
-6.633232E-06	2.727504E-06	-2.474791E-05	
-3.741514E-05	1.494690E-05	-4.791426E-05	
-1.184838E-04	7.307895E-05	-8.965848E-05	
-2.238497E-04	2.238497E-04	-1.103221E-04	
-2.723524E-04	3.651101E-04	-1.102497E-04	
-2.560971E-04	4.535245E-04	-1.086055E-04	
-1.795447E-04	6.111361E-04	-1.092054E-04	
3.767076E-12	6.984408E-04	-1.189708E-04	
1.795447E-04	6.111361E-04	-1.092055E-04	
2.560971E-04	4.535245E-04	-1.086055E-04	
2.723523E-04	3.651100E-04	-1.102497E-04	
2.238497E-04	2.238497E-04	-1.103221E-04	
1.184838E-04	7.307893E-05	-8.965847E-05	
3.741514E-05	1.494690E-05	-4.791425E-05	
6.633233E-06	2.727501E-06	-2.474791E-05	
-5.732746E-06	3.427734E-06	-2.322821E-05	
-2.668191E-05	1.548349E-05	-4.128205E-05	
-5.689468E-05	5.689468E-05	-6.993710E-05	
-7.307895E-05	1.184838E-04	-8.965848E-05	
-7.415859E-05	1.454393E-04	-9.689837E-05	
-7.192664E-05	1.602045E-04	-1.005455E-04	
-5.882844E-05	1.992369E-04	-1.092261E-04	
2.091731E-12	2.375227E-04	-1.182838E-04	
5.882844E-05	1.992369E-04	-1.092261E-04	
7.192665E-05	1.602045E-04	-1.005455E-04	
7.415860E-05	1.454393E-04	-9.689837E-05	
7.307895E-05	1.184838E-04	-8.965847E-05	
5.689468E-05	5.689467E-05	-6.993709E-05	
2.668191E-05	1.548348E-05	-4.128205E-05	
5.732747E-06	3.427731E-06	-2.322821E-05	
-3.720946E-06	3.499203E-06	-1.976113E-05	
-1.131000E-05	1.131000E-05	-2.955323E-05	
-1.548349E-05	2.668191E-05	-4.128206E-05	
-1.494691E-05	3.741514E-05	-4.791427E-05	
-1.403917E-05	4.142209E-05	-5.009966E-05	
-1.319235E-05	4.341445E-05	-5.115523E-05	
-1.035816E-05	4.787603E-05	-5.365168E-05	
3.555602E-13	5.306670E-05	-5.619780E-05	
1.035816E-05	4.787603E-05	-5.365169E-05	
1.319235E-05	4.341445E-05	-5.115523E-05	
1.403917E-05	4.142206E-05	-5.009968E-05	
1.494691E-05	3.741513E-05	-4.791425E-05	
1.548349E-05	2.668190E-05	-4.128205E-05	
1.131000E-05	1.131000E-05	-2.955323E-05	
3.720946E-06	3.499201E-06	-1.976113E-05	
-1.592975E-06	1.592974E-06	-1.591136E-05	
-3.499207E-06	3.720945E-06	-1.976114E-05	
-3.427740E-06	5.732746E-06	-2.322822E-05	
-2.727512E-06	6.633233E-06	-2.474792E-05	
-2.394922E-06	6.842785E-06	-2.519066E-05	
-2.201244E-06	6.936097E-06	-2.539236E-05	
-1.629187E-06	7.235970E-06	-2.584813E-05	
6.627638E-13	7.387685E-06	-2.629009E-05	
1.629189E-06	7.235971E-06	-2.584813E-05	
2.201245E-06	6.936096E-06	-2.539237E-05	
2.394923E-06	6.842769E-06	-2.519068E-05	
2.727512E-06	6.633230E-06	-2.474791E-05	
3.427741E-06	5.732744E-06	-2.322821E-05	
3.499208E-06	3.720943E-06	-1.976113E-05	
1.592975E-06	1.592973E-06	-1.591135E-05	
-2.278167E-06	-2.278168E-06	-1.342680E-05	
-5.036283E-06	-5.198849E-06	-1.659061E-05	
-4.969873E-06	-8.113840E-06	-1.953050E-05	
-3.976094E-06	-9.260160E-06	-2.087675E-05	
-3.503747E-06	-9.569588E-06	-2.128054E-05	
-3.217888E-06	-9.703983E-06	-2.146726E-05	
-2.387655E-06	-9.964624E-06	-2.189428E-05	
-7.911608E-12	-1.015808E-05	-2.231684E-05	
2.387639E-06	-9.964624E-06	-2.189428E-05	
3.217873E-06	-9.703982E-06	-2.146726E-05	
3.503732E-06	-9.569592E-06	-2.128055E-05	
3.976079E-06	-9.260161E-06	-2.087673E-05	
4.969861E-06	-8.113840E-06	-1.953048E-05	
5.036275E-06	-5.198848E-06	-1.659059E-05	
2.278164E-06	-2.278167E-06	-1.342679E-05	
-5.198848E-06	-5.036285E-06	-1.659061E-05	
-1.506232E-05	-1.506232E-05	-2.295457E-05	
-1.997563E-05	-3.311966E-05	-2.863059E-05	
-1.905839E-05	-4.633496E-05	-3.114364E-05	
-1.780820E-05	-5.109435E-05	-3.187348E-05	
-1.674670E-05	-5.347662E-05	-3.220643E-05	
-1.310980E-05	-5.934488E-05	-3.296532E-05	
-6.768257E-12	-6.566906E-05	-3.368363E-05	
1.310979E-05	-5.934488E-05	-3.296532E-05	
1.674669E-05	-5.347663E-05	-3.220643E-05	
1.780819E-05	-5.109436E-05	-3.187349E-05	
1.905838E-05	-4.633496E-05	-3.114362E-05	
1.997562E-05	-3.311966E-05	-2.863057E-05	
1.506231E-05	-1.506232E-05	-2.295455E-05	
5.198845E-06	-5.036283E-06	-1.659060E-05	
-8.113840E-06	-4.969877E-06	-1.953050E-05	
-3.311966E-05	-1.997564E-05	-2.863059E-05	
-6.190725E-05	-6.190726E-05	-3.114955E-05	
-7.417214E-05	-1.089421E-04	-2.447953E-05	
-7.437290E-05	-1.299148E-04	-2.079919E-05	
-7.139898E-05	-1.412500E-04	-1.868591E-05	
-5.775203E-05	-1.684839E-04	-1.318206E-05	
-6.321308E-12	-1.962247E-04	-7.223680E-06	
5.775202E-05	-1.684839E-04	-1.318206E-05	
7.139896E-05	-1.412500E-04	-1.868591E-05	
7.437288E-05	-1.299149E-04	-2.079920E-05	
7.417213E-05	-1.089421E-04	-2.447951E-05	
6.190724E-05	-6.190725E-05	-3.114953E-05	
3.311965E-05	-1.997563E-05	-2.863058E-05	
8.113836E-06	-4.969874E-06	-1.953049E-05	
-9.260161E-06	-3.976098E-06	-2.087675E-05	
-4.633496E-05	-1.905840E-05	-3.114364E-05	
-1.089421E-04	-7.417215E-05	-2.447953E-05	
-1.521121E-04	-1.521121E-04	2.007960E-05	
-1.603807E-04	-1.879614E-04	5.228041E-05	
-1.554918E-04	-2.080448E-04	7.190320E-05	
-1.244373E-04	-2.590185E-04	1.135699E-04	
-6.813059E-12	-3.078959E-04	1.435096E-04	
1.244373E-04	-2.590185E-04	1.135699E-04	
1.554918E-04	-2.080447E-04	7.190320E-05	
1.603806E-04	-1.879614E-04	5.228043E-05	
1.521121E-04	-1.521121E-04	2.007962E-05	
1.089421E-04	-7.417214E-05	-2.447951E-05	
4.633495E-05	-1.905839E-05	-3.114362E-05	
9.260156E-06	-3.976094E-06	-2.087674E-05	
-9.569591E-06	-3.503751E-06	-2.128054E-05	
-5.109436E-05	-1.780821E-05	-3.187348E-05	
-1.299149E-04	-7.437291E-05	-2.079918E-05	
-1.879614E-04	-1.603807E-04	5.228043E-05	
-1.989930E-04	-1.989930E-04	1.016877E-04	
-1.958619E-04	-2.208636E-04	1.250186E-04	
-1.573516E-04	-2.796025E-04	2.055471E-04	
-3.281207E-12	-3.341401E-04	2.509363E-04	
1.573516E-04	-2.796025E-04	2.055471E-04	
1.958619E-04	-2.208636E-04	1.250186E-04	
1.989930E-04	-1.989930E-04	1.016878E-04	
1.879613E-04	-1.603806E-04	5.228045E-05	
1.299148E-04	-7.437290E-05	-2.079916E-05	
5.109434E-05	-1.780820E-05	-3.187346E-05	
9.569586E-06	-3.503748E-06	-2.128052E-05	
-9.703984E-06	-3.217892E-06	-2.146726E-05	
-5.347663E-05	-1.674671E-05	-3.220643E-05	
-1.412500E-04	-7.139899E-05	-1.868591E-05	
-2.080448E-04	-1.554918E-04	7.190320E-05	
-2.208636E-04	-1.958619E-04	1.250186E-04	
-2.170605E-04	-2.170605E-04	1.465135E-04	
-1.746512E-04	-2.656265E-04	2.667077E-04	
1.636137E-11	-3.205784E-04	3.182016E-04	
1.746512E-04	-2.656265E-04	2.667077E-04	
2.170605E-04	-2.170605E-04	1.465135E-04	
2.208636E-04	-1.958619E-04	1.250186E-04	
2.080447E-04	-1.554918E-04	7.190322E-05	
1.412499E-04	-7.139898E-05	-1.868589E-05	
5.347661E-05	-1.674670E-05	-3.220642E-05	
9.703981E-06	-3.217889E-06	-2.146725E-05	
-9.964626E-06	-2.387658E-06	-2.189428E-05	
-5.934489E-05	-1.310981E-05	-3.296532E-05	
-1.684839E-04	-5.775204E-05	-1.318206E-05	
-2.590186E-04	-1.244373E-04	1.135699E-04	
-2.796026E-04	-1.573516E-04	2.055471E-04	
-2.656265E-04	-1.746513E-04	2.667077E-04	
-2.121166E-04	-2.121166E-04	3.398743E-04	
-4.997997E-11	-2.537469E-04	4.423296E-04	
2.121165E-04	-2.121166E-04	3.398743E-04	
2.656264E-04	-1.746512E-04	2.667077E-04	
2.796025E-04	-1.573516E-04	2.055471E-04	
2.590185E-04	-1.244373E-04	1.135699E-04	
1.684838E-04	-5.775203E-05	-1.318204E-05	
5.934487E-05	-1.310980E-05	-3.296530E-05	
9.964622E-06	-2.387655E-06	-2.189427E-05	
-1.015808E-05	-1.000964E-11	-2.231684E-05	
-6.566907E-05	-1.022818E-11	-3.368364E-05	
-1.962248E-04	-9.548822E-12	-7.223685E-06	
-3.078960E-04	-1.086667E-11	1.435096E-04	
-3.341401E-04	-9.415695E-12	2.509363E-04	
-3.205784E-04	-2.660638E-11	3.182015E-04	
-2.537470E-04	-5.726646E-12	4.423296E-04	
-4.023781E-11	-2.174149E-12	5.428289E-04	
2.537469E-04	-2.134322E-13	4.423296E-04	
3.205783E-04	1.503624E-11	3.182016E-04	
3.341401E-04	-6.418790E-12	2.509363E-04	
3.078959E-04	-1.034512E-11	1.435096E-04	
1.962247E-04	-8.500755E-12	-7.223659E-06	
6.566905E-05	-7.138270E-12	-3.368362E-05	
1.015808E-05	-8.351181E-12	-2.231683E-05	
-9.964627E-06	2.387639E-06	-2.189429E-05	
-5.934489E-05	1.310979E-05	-3.296532E-05	
-1.684839E-04	5.775203E-05	-1.318207E-05	
-2.590186E-04	1.244373E-04	1.135699E-04	
-2.796026E-04	1.573516E-04	2.055470E-04	
-2.656265E-04	1.746512E-04	2.667076E-04	
-2.121166E-04	2.121166E-04	3.398743E-04	
-3.853878E-11	2.537469E-04	4.423296E-04	
2.121166E-04	2.121166E-04	3.398743E-04	
2.656265E-04	1.746512E-04	2.667077E-04	
2.796025E-04	1.573516E-04	2.055471E-04	
2.590185E-04	1.244373E-04	1.135699E-04	
1.684839E-04	5.775201E-05	-1.318203E-05	
5.934487E-05	1.310979E-05	-3.296530E-05	
9.964622E-06	2.387639E-06	-2.189427E-05	
-9.703984E-06	3.217873E-06	-2.146726E-05	
-5.347663E-05	1.674669E-05	-3.220643E-05	
-1.412500E-04	7.139898E-05	-1.868592E-05	
-2.080448E-04	1.554918E-04	7.190319E-05	
-2.208636E-04	1.958619E-04	1.250186E-04	
-2.170605E-04	2.170605E-04	1.465135E-04	
-1.746513E-04	2.656265E-04	2.667076E-04	
-4.384302E-11	3.205784E-04	3.182016E-04	
1.746512E-04	2.656265E-04	2.667077E-04	
2.170605E-04	2.170605E-04	1.465135E-04	
2.208636E-04	1.958619E-04	1.250186E-04	
2.080447E-04	1.554918E-04	7.190322E-05	
1.412500E-04	7.139896E-05	-1.868589E-05	
5.347662E-05	1.674669E-05	-3.220641E-05	
9.703980E-06	3.217872E-06	-2.146725E-05	
-9.569590E-06	3.503732E-06	-2.128056E-05	
-5.109436E-05	1.780819E-05	-3.187351E-05	
-1.299149E-04	7.437290E-05	-2.079922E-05	
-1.879614E-04	1.603807E-04	5.228039E-05	
-1.989930E-04	1.989930E-04	1.016877E-04	
-1.958619E-04	2.208636E-04	1.250186E-04	
-1.573516E-04	2.796025E-04	2.055470E-04	
-1.243504E-11	3.341401E-04	2.509363E-04	
1.573516E-04	2.796025E-04	2.055470E-04	
1.958619E-04	2.208636E-04	1.250186E-04	
1.989930E-04	1.989930E-04	1.016877E-04	
1.879613E-04	1.603806E-04	5.228042E-05	
1.299148E-04	7.437288E-05	-2.079919E-05	
5.109435E-05	1.780819E-05	-3.187349E-05	
9.569589E-06	3.503731E-06	-2.128054E-05	
-9.260162E-06	3.976080E-06	-2.087673E-05	
-4.633497E-05	1.905838E-05	-3.114361E-05	
-1.089421E-04	7.417214E-05	-2.447950E-05	
-1.521121E-04	1.521121E-04	2.007963E-05	
-1.603807E-04	1.879614E-04	5.228046E-05	
-1.554918E-04	2.080447E-04	7.190323E-05	
-1.244373E-04	2.590185E-04	1.135699E-04	
-2.717119E-12	3.078959E-04	1.435097E-04	
1.244373E-04	2.590185E-04	1.135699E-04	
1.554918E-04	2.080447E-04	7.190323E-05	
1.603806E-04	1.879613E-04	5.228044E-05	
1.521121E-04	1.521121E-04	2.007964E-05	
1.089421E-04	7.417213E-05	-2.447950E-05	
4.633496E-05	1.905838E-05	-3.114361E-05	
9.260161E-06	3.976079E-06	-2.087673E-05	
-8.113841E-06	4.969862E-06	-1.953048E-05	
-3.311967E-05	1.997563E-05	-2.863057E-05	
-6.190726E-05	6.190725E-05	-3.114953E-05	
-7.417215E-05	1.089421E-04	-2.447950E-05	
-7.437290E-05	1.299149E-04	-2.079917E-05	
-7.139898E-05	1.412500E-04	-1.868588E-05	
-5.775203E-05	1.684839E-04	-1.318203E-05	
-3.559320E-12	1.962247E-04	-7.223652E-06	
5.775203E-05	1.684839E-04	-1.318203E-05	
7.139897E-05	1.412500E-04	-1.868589E-05	
7.437289E-05	1.299148E-04	-2.079917E-05	
7.417214E-05	1.089421E-04	-2.447949E-05	
6.190725E-05	6.190724E-05	-3.114952E-05	
3.311966E-05	1.997562E-05	-2.863057E-05	
8.113840E-06	4.969862E-06	-1.953048E-05	
-5.198849E-06	5.036276E-06	-1.659059E-05	
-1.506232E-05	1.506231E-05	-2.295456E-05	
-1.997564E-05	3.311966E-05	-2.863058E-05	
-1.905839E-05	4.633496E-05	-3.114362E-05	
-1.780820E-05	5.109435E-05	-3.187347E-05	
-1.674670E-05	5.347662E-05	-3.220641E-05	
-1.310980E-05	5.934487E-05	-3.296530E-05	
-2.942507E-12	6.566906E-05	-3.368362E-05	
1.310980E-05	5.934487E-05	-3.296530E-05	
1.674670E-05	5.347662E-05	-3.220641E-05	
1.780820E-05	5.109434E-05	-3.187348E-05	
1.905839E-05	4.633496E-05	-3.114361E-05	
1.997563E-05	3.311966E-05	-2.863057E-05	
1.506231E-05	1.506231E-05	-2.295455E-05	
5.198848E-06	5.036276E-06	-1.659059E-05	
-2.278167E-06	2.278165E-06	-1.342679E-05	
-5.036282E-06	5.198847E-06	-1.659060E-05	
-4.969871E-06	8.113839E-06	-1.953049E-05	
-3.976090E-06	9.260161E-06	-2.087674E-05	
-3.503742E-06	9.569591E-06	-2.128053E-05	
-3.217883E-06	9.703981E-06	-2.146725E-05	
-2.387650E-06	9.964623E-06	-2.189427E-05	
-1.225238E-12	1.015808E-05	-2.231683E-05	
2.387648E-06	9.964624E-06	-2.189427E-05	
3.217882E-06	9.703982E-06	-2.146725E-05	
3.503741E-06	9.569584E-06	-2.128054E-05	
3.976088E-06	9.260158E-06	-2.087673E-05	
4.969869E-06	8.113838E-06	-1.953048E-05	
5.036281E-06	5.198846E-06	-1.659059E-05	
2.278167E-06	2.278165E-06	-1.342679E-05	
-3.186109E-06	-3.186110E-06	-5.792926E-06	
-7.126411E-06	-6.904233E-06	-7.125043E-06	
-7.191185E-06	-1.094551E-05	-8.399269E-06	
-5.882258E-06	-1.298312E-05	-9.015057E-06	
-5.227534E-06	-1.361265E-05	-9.205527E-06	
-4.820340E-06	-1.390717E-05	-9.295097E-06	
-3.613074E-06	-1.458841E-05	-9.503385E-06	
-9.499126E-12	-1.526697E-05	-9.712399E-06	
3.613055E-06	-1.458841E-05	-9.503385E-06	
4.820321E-06	-1.390717E-05	-9.295097E-06	
5.227514E-06	-1.361265E-05	-9.205533E-06	
5.882240E-06	-1.298312E-05	-9.015049E-06	
7.191171E-06	-1.094551E-05	-8.399263E-06	
7.126402E-06	-6.904231E-06	-7.125039E-06	
3.186106E-06	-3.186109E-06	-5.792922E-06	
-6.904232E-06	-7.126414E-06	-7.125043E-06	
-1.787290E-05	-1.787290E-05	-9.144974E-06	
-2.124127E-05	-3.214353E-05	-9.967950E-06	
-1.904953E-05	-4.064599E-05	-9.784101E-06	
-1.745723E-05	-4.351630E-05	-9.632842E-06	
-1.628308E-05	-4.491517E-05	-9.540563E-06	
-1.250845E-05	-4.822152E-05	-9.288393E-06	
-8.510705E-12	-5.160416E-05	-8.986976E-06	
1.250843E-05	-4.822152E-05	-9.288393E-06	
1.628306E-05	-4.491517E-05	-9.540562E-06	
1.745721E-05	-4.351631E-05	-9.632843E-06	
1.904951E-05	-4.064599E-05	-9.784093E-06	
2.124126E-05	-3.214352E-05	-9.967943E-06	
1.787289E-05	-1.787289E-05	-9.144968E-06	
6.904228E-06	-7.126411E-06	-7.125039E-06	
-1.094551E-05	-7.191189E-06	-8.399269E-06	
-3.214353E-05	-2.124128E-05	-9.967950E-06	
-4.321362E-05	-4.321363E-05	-3.679172E-06	
-4.162243E-05	-5.768743E-05	5.525770E-06	
-3.903306E-05	-6.273604E-05	9.662413E-06	
-3.672672E-05	-6.523078E-05	1.189861E-05	
-2.873964E-05	-7.124259E-05	1.742910E-05	
-9.282962E-12	-7.754760E-05	2.335273E-05	
2.873962E-05	-7.124259E-05	1.742910E-05	
3.672670E-05	-6.523078E-05	1.189862E-05	
3.903304E-05	-6.273605E-05	9.662418E-06	
4.162241E-05	-5.768742E-05	5.525779E-06	
4.321361E-05	-4.321362E-05	-3.679163E-06	
3.214351E-05	-2.124127E-05	-9.967943E-06	
1.094551E-05	-7.191183E-06	-8.399263E-06	
-1.298312E-05	-5.882263E-06	-9.015057E-06	
-4.064599E-05	-1.904953E-05	-9.784101E-06	
-5.768742E-05	-4.162244E-05	5.525771E-06	
-5.707190E-05	-5.707191E-05	2.679482E-05	
-5.385974E-05	-6.255455E-05	3.514226E-05	
-5.083484E-05	-6.525167E-05	3.948197E-05	
-4.019688E-05	-7.166218E-05	5.132159E-05	
-1.136528E-11	-7.864770E-05	6.550236E-05	
4.019686E-05	-7.166218E-05	5.132159E-05	
5.083481E-05	-6.525166E-05	3.948197E-05	
5.385971E-05	-6.255454E-05	3.514227E-05	
5.707188E-05	-5.707189E-05	2.679483E-05	
5.768740E-05	-4.162242E-05	5.525779E-06	
4.064598E-05	-1.904952E-05	-9.784093E-06	
1.298311E-05	-5.882256E-06	-9.015050E-06	
-1.361265E-05	-5.227538E-06	-9.205527E-06	
-4.351631E-05	-1.745723E-05	-9.632839E-06	
-6.273604E-05	-3.903307E-05	9.662419E-06	
-6.255454E-05	-5.385975E-05	3.514227E-05	
-5.919508E-05	-5.919509E-05	4.486259E-05	
-5.577430E-05	-6.180693E-05	5.112111E-05	
-4.419538E-05	-6.782911E-05	6.269849E-05	
-1.935394E-11	-7.457797E-05	8.037554E-05	
4.419535E-05	-6.782911E-05	6.269850E-05	
5.577427E-05	-6.180692E-05	5.112111E-05	
5.919506E-05	-5.919508E-05	4.486259E-05	
6.255452E-05	-5.385973E-05	3.514227E-05	
6.273602E-05	-3.903305E-05	9.662426E-06	
4.351629E-05	-1.745722E-05	-9.632832E-06	
1.361264E-05	-5.227531E-06	-9.205520E-06	
-1.390717E-05	-4.820345E-06	-9.295098E-06	
-4.491518E-05	-1.628308E-05	-9.540564E-06	
-6.523079E-05	-3.672673E-05	1.189861E-05	
-6.525168E-05	-5.083484E-05	3.948197E-05	
-6.180694E-05	-5.577430E-05	5.112110E-05	
-5.827111E-05	-5.827110E-05	5.912949E-05	
-4.622082E-05	-6.449339E-05	6.697893E-05	
-1.428814E-11	-7.083863E-05	8.716795E-05	
4.622078E-05	-6.449338E-05	6.697892E-05	
5.827107E-05	-5.827109E-05	5.912950E-05	
6.180690E-05	-5.577429E-05	5.112109E-05	
6.525164E-05	-5.083483E-05	3.948197E-05	
6.523076E-05	-3.672672E-05	1.189862E-05	
4.491516E-05	-1.628307E-05	-9.540559E-06	
1.390716E-05	-4.820337E-06	-9.295095E-06	
-1.458841E-05	-3.613078E-06	-9.503386E-06	
-4.822152E-05	-1.250845E-05	-9.288395E-06	
-7.124260E-05	-2.873965E-05	1.742909E-05	
-7.166220E-05	-4.019689E-05	5.132158E-05	
-6.782913E-05	-4.419538E-05	6.269847E-05	
-6.449340E-05	-4.622081E-05	6.697892E-05	
-5.138787E-05	-5.138785E-05	9.041482E-05	
-3.422000E-11	-5.668336E-05	1.102190E-04	
5.138781E-05	-5.138785E-05	9.041483E-05	
6.449335E-05	-4.622080E-05	6.697893E-05	
6.782908E-05	-4.419538E-05	6.269848E-05	
7.166215E-05	-4.019687E-05	5.132159E-05	
7.124257E-05	-2.873964E-05	1.742910E-05	
4.822150E-05	-1.250844E-05	-9.288388E-06	
1.458840E-05	-3.613072E-06	-9.503381E-06	
-1.526697E-05	-1.278260E-11	-9.712401E-06	
-5.160417E-05	-1.414628E-11	-8.986978E-06	
-7.754762E-05	-1.508732E-11	2.335272E-05	
-7.864771E-05	-1.503261E-11	6.550236E-05	
-7.457799E-05	-9.362072E-12	8.037552E-05	
-7.083865E-05	-1.721067E-11	8.716794E-05	
-5.668339E-05	-9.306453E-12	1.102190E-04	
-2.560087E-11	-7.282489E-12	1.379125E-04	
5.668333E-05	-8.389743E-12	1.102190E-04	
7.083860E-05	-6.657749E-12	8.716795E-05	
7.457794E-05	-1.446264E-11	8.037552E-05	
7.864767E-05	-7.947435E-12	6.550236E-05	
7.754758E-05	-6.085876E-12	2.335273E-05	
5.160415E-05	-5.747185E-12	-8.986970E-06	
1.526696E-05	-7.480129E-12	-9.712395E-06	
-1.458841E-05	3.613052E-06	-9.503387E-06	
-4.822152E-05	1.250843E-05	-9.288397E-06	
-7.124260E-05	2.873962E-05	1.742909E-05	
-7.166219E-05	4.019686E-05	5.132158E-05	
-6.782913E-05	4.419536E-05	6.269846E-05	
-6.449340E-05	4.622078E-05	6.697892E-05	
-5.138787E-05	5.138783E-05	9.041481E-05	
-2.263947E-11	5.668334E-05	1.102190E-04	
5.138783E-05	5.138783E-05	9.041482E-05	
6.449336E-05	4.622079E-05	6.697892E-05	
6.782909E-05	4.419535E-05	6.269849E-05	
7.166216E-05	4.019686E-05	5.132159E-05	
7.124257E-05	2.873963E-05	1.742910E-05	
4.822150E-05	1.250843E-05	-9.288386E-06	
1.458840E-05	3.613057E-06	-9.503381E-06	
-1.390717E-05	4.820318E-06	-9.295099E-06	
-4.491518E-05	1.628305E-05	-9.540566E-06	
-6.523079E-05	3.672670E-05	1.189861E-05	
-6.525168E-05	5.083481E-05	3.948196E-05	
-6.180694E-05	5.577428E-05	5.112108E-05	
-5.827111E-05	5.827107E-05	5.912949E-05	
-4.622082E-05	6.449336E-05	6.697892E-05	
-1.936724E-11	7.083861E-05	8.716795E-05	
4.622078E-05	6.449337E-05	6.697893E-05	
5.827108E-05	5.827108E-05	5.912950E-05	
6.180690E-05	5.577427E-05	5.112110E-05	
6.525165E-05	5.083482E-05	3.948198E-05	
6.523076E-05	3.672671E-05	1.189862E-05	
4.491516E-05	1.628306E-05	-9.540556E-06	
1.390716E-05	4.820322E-06	-9.295093E-06	
-1.361265E-05	5.227512E-06	-9.205535E-06	
-4.351631E-05	1.745720E-05	-9.632852E-06	
-6.273605E-05	3.903304E-05	9.662403E-06	
-6.255455E-05	5.385971E-05	3.514225E-05	
-5.919509E-05	5.919506E-05	4.486257E-05	
-5.577430E-05	6.180690E-05	5.112107E-05	
-4.419537E-05	6.782909E-05	6.269846E-05	
-6.695365E-12	7.457795E-05	8.037550E-05	
4.419536E-05	6.782909E-05	6.269847E-05	
5.577428E-05	6.180691E-05	5.112108E-05	
5.919506E-05	5.919506E-05	4.486258E-05	
6.255452E-05	5.385972E-05	3.514226E-05	
6.273603E-05	3.903305E-05	9.662416E-06	
4.351630E-05	1.745721E-05	-9.632842E-06	
1.361265E-05	5.227516E-06	-9.205529E-06	
-1.298312E-05	5.882238E-06	-9.015048E-06	
-4.064599E-05	1.904951E-05	-9.784090E-06	
-5.768743E-05	4.162241E-05	5.525785E-06	
-5.707190E-05	5.707188E-05	2.679483E-05	
-5.385974E-05	6.255452E-05	3.514228E-05	
-5.083484E-05	6.525164E-05	3.948198E-05	
-4.019688E-05	7.166216E-05	5.132160E-05	
-1.100300E-11	7.864767E-05	6.550237E-05	
4.019686E-05	7.166216E-05	5.132159E-05	
5.083481E-05	6.525165E-05	3.948197E-05	
5.385972E-05	6.255452E-05	3.514226E-05	
5.707188E-05	5.707188E-05	2.679483E-05	
5.768741E-05	4.162242E-05	5.525782E-06	
4.064599E-05	1.904951E-05	-9.784091E-06	
1.298312E-05	5.882242E-06	-9.015050E-06	
-1.094551E-05	7.191169E-06	-8.399262E-06	
-3.214353E-05	2.124126E-05	-9.967941E-06	
-4.321363E-05	4.321361E-05	-3.679161E-06	
-4.162243E-05	5.768741E-05	5.525782E-06	
-3.903307E-05	6.273603E-05	9.662423E-06	
-3.672673E-05	6.523076E-05	1.189863E-05	
-2.873964E-05	7.124257E-05	1.742911E-05	
-1.016094E-11	7.754759E-05	2.335274E-05	
2.873962E-05	7.124257E-05	1.742910E-05	
3.672670E-05	6.523077E-05	1.189862E-05	
3.903304E-05	6.273603E-05	9.662424E-06	
4.162241E-05	5.768741E-05	5.525785E-06	
4.321361E-05	4.321361E-05	-3.679160E-06	
3.214352E-05	2.124126E-05	-9.967941E-06	
1.094551E-05	7.191172E-06	-8.399263E-06	
-6.904232E-06	7.126402E-06	-7.125038E-06	
-1.787290E-05	1.787289E-05	-9.144968E-06	
-2.124127E-05	3.214352E-05	-9.967943E-06	
-1.904953E-05	4.064599E-05	-9.784094E-06	
-1.745723E-05	4.351630E-05	-9.632837E-06	
-1.628308E-05	4.491516E-05	-9.540556E-06	
-1.250845E-05	4.822150E-05	-9.288386E-06	
-6.953723E-12	5.160415E-05	-8.986969E-06	
1.250843E-05	4.822151E-05	-9.288388E-06	
1.628306E-05	4.491516E-05	-9.540557E-06	
1.745721E-05	4.351630E-05	-9.632836E-06	
1.904951E-05	4.064598E-05	-9.784089E-06	
2.124127E-05	3.214352E-05	-9.967940E-06	
1.787289E-05	1.787289E-05	-9.144967E-06	
6.904231E-06	7.126403E-06	-7.125038E-06	
-3.186109E-06	3.186106E-06	-5.792923E-06	
-7.126410E-06	6.904230E-06	-7.125040E-06	
-7.191182E-06	1.094551E-05	-8.399265E-06	
-5.882254E-06	1.298312E-05	-9.015052E-06	
-5.227529E-06	1.361265E-05	-9.205525E-06	
-4.820335E-06	1.390716E-05	-9.295093E-06	
-3.613069E-06	1.458841E-05	-9.503381E-06	
-3.371914E-12	1.526696E-05	-9.712395E-06	
3.613062E-06	1.458841E-05	-9.503382E-06	
4.820328E-06	1.390716E-05	-9.295094E-06	
5.227522E-06	1.361264E-05	-9.205525E-06	
5.882248E-06	1.298312E-05	-9.015048E-06	
7.191177E-06	1.094551E-05	-8.399262E-06	
7.126408E-06	6.904229E-06	-7.125038E-06	
3.186108E-06	3.186106E-06	-5.792922E-06	
