flux
3
1575
-7.333800E-11	9.215732E-11	1.694604E-04	
-1.134952E-10	-1.422311E-10	6.882269E-05	
-2.767068E-11	-2.026225E-10	-1.212592E-06	
3.915713E-11	2.162166E-11	6.882251E-05	
6.977070E-11	7.561870E-11	1.694606E-04	
-7.680862E-11	8.094161E-11	1.694608E-04	
2.267432E-10	1.128697E-10	6.882222E-05	
3.828794E-10	1.091774E-10	-1.212464E-06	
1.394263E-10	1.263392E-10	6.882255E-05	
5.939257E-11	6.849963E-11	1.694605E-04	
4.663252E-11	1.364702E-12	1.694609E-04	
3.282192E-11	-4.273252E-11	6.882244E-05	
3.094018E-13	7.081251E-12	-1.212878E-06	
-8.457439E-11	3.337376E-11	6.882257E-05	
-2.878609E-11	8.361394E-11	1.694610E-04	
3.696035E-11	6.255104E-11	1.694608E-04	
4.434255E-11	7.439496E-11	6.882249E-05	
-1.849584E-11	9.758234E-11	-1.212783E-06	
-3.278064E-11	9.367890E-11	6.882245E-05	
-1.761120E-11	7.535571E-11	1.694607E-04	
5.790276E-11	7.227908E-11	-5.960727E-05	
-6.177649E-11	1.238031E-10	-5.960728E-05	
1.523379E-11	6.042892E-11	-5.960698E-05	
-4.159997E-11	7.018457E-11	-5.960745E-05	
-2.721986E-10	4.873917E-10	2.502578E-03	
4.525704E-10	-2.510753E-10	1.723119E-03	
6.587462E-10	1.066680E-09	2.502578E-03	
3.905489E-10	-3.576563E-10	1.723119E-03	
2.767217E-10	-9.541049E-11	9.141672E-04	
-1.319356E-10	1.658167E-09	1.723119E-03	
-1.044220E-09	-6.964717E-10	2.502578E-03	
-1.539043E-09	2.600552E-10	1.723119E-03	
-5.410694E-10	7.435626E-10	2.502578E-03	
3.186056E-06	3.186057E-06	-5.792830E-06	
7.126305E-06	6.904105E-06	-7.124925E-06	
7.191106E-06	1.094529E-05	-8.399135E-06	
5.882232E-06	1.298285E-05	-9.014921E-06	
5.227534E-06	1.361236E-05	-9.205391E-06	
4.820340E-06	1.390696E-05	-9.294896E-06	
3.613075E-06	1.458818E-05	-9.503185E-06	
3.917535E-11	1.526671E-05	-9.712203E-06	
-3.612990E-06	1.458815E-05	-9.503193E-06	
-4.820244E-06	1.390692E-05	-9.294905E-06	
-5.227434E-06	1.361241E-05	-9.205341E-06	
-5.882146E-06	1.298288E-05	-9.014894E-06	
-7.191049E-06	1.094531E-05	-8.399114E-06	
-7.126278E-06	6.904108E-06	-7.124912E-06	
-3.186050E-06	3.186054E-06	-5.792822E-06	
6.904104E-06	7.126308E-06	-7.124926E-06	
1.787257E-05	1.787257E-05	-9.144810E-06	
2.124088E-05	3.214291E-05	-9.967751E-06	
1.904916E-05	4.064519E-05	-9.783889E-06	
1.745687E-05	4.351542E-05	-9.632618E-06	
1.628275E-05	4.491437E-05	-9.540346E-06	
1.250820E-05	4.822063E-05	-9.288175E-06	
1.146786E-11	5.160319E-05	-8.986757E-06	
-1.250819E-05	4.822062E-05	-9.288176E-06	
-1.628275E-05	4.491434E-05	-9.540348E-06	
-1.745688E-05	4.351552E-05	-9.632632E-06	
-1.904915E-05	4.064521E-05	-9.783874E-06	
-2.124086E-05	3.214292E-05	-9.967734E-06	
-1.787256E-05	1.787257E-05	-9.144797E-06	
-6.904104E-06	7.126294E-06	-7.124918E-06	
1.094529E-05	7.191111E-06	-8.399136E-06	
3.214290E-05	2.124088E-05	-9.967753E-06	
4.321277E-05	4.321278E-05	-3.678989E-06	
4.162157E-05	5.768626E-05	5.525889E-06	
3.903223E-05	6.273473E-05	9.662480E-06	
3.672594E-05	6.522944E-05	1.189855E-05	
2.873902E-05	7.124110E-05	1.742897E-05	
1.387888E-11	7.754595E-05	2.335250E-05	
-2.873899E-05	7.124111E-05	1.742897E-05	
-3.672591E-05	6.522946E-05	1.189856E-05	
-3.903220E-05	6.273480E-05	9.662416E-06	
-4.162154E-05	5.768624E-05	5.525892E-06	
-4.321276E-05	4.321278E-05	-3.678975E-06	
-3.214291E-05	2.124088E-05	-9.967740E-06	
-1.094530E-05	7.191082E-06	-8.399128E-06	
1.298285E-05	5.882239E-06	-9.014922E-06	
4.064518E-05	1.904916E-05	-9.783894E-06	
5.768625E-05	4.162157E-05	5.525882E-06	
5.707065E-05	5.707064E-05	2.679463E-05	
5.385851E-05	6.255313E-05	3.514185E-05	
5.083367E-05	6.525020E-05	3.948143E-05	
4.019594E-05	7.166052E-05	5.132076E-05	
1.724524E-11	7.864583E-05	6.550112E-05	
-4.019590E-05	7.166052E-05	5.132073E-05	
-5.083361E-05	6.525019E-05	3.948141E-05	
-5.385845E-05	6.255316E-05	3.514188E-05	
-5.707059E-05	5.707064E-05	2.679464E-05	
-5.768622E-05	4.162158E-05	5.525889E-06	
-4.064520E-05	1.904917E-05	-9.783881E-06	
-1.298287E-05	5.882197E-06	-9.014917E-06	
1.361236E-05	5.227542E-06	-9.205391E-06	
4.351541E-05	1.745688E-05	-9.632631E-06	
6.273471E-05	3.903223E-05	9.662496E-06	
6.255312E-05	5.385850E-05	3.514191E-05	
5.919370E-05	5.919370E-05	4.486195E-05	
5.577298E-05	6.180547E-05	5.112030E-05	
4.419431E-05	6.782746E-05	6.269725E-05	
2.128985E-11	7.457613E-05	8.037369E-05	
-4.419427E-05	6.782746E-05	6.269717E-05	
-5.577293E-05	6.180545E-05	5.112024E-05	
-5.919364E-05	5.919369E-05	4.486193E-05	
-6.255307E-05	5.385851E-05	3.514192E-05	
-6.273471E-05	3.903226E-05	9.662494E-06	
-4.351544E-05	1.745689E-05	-9.632618E-06	
-1.361237E-05	5.227494E-06	-9.205387E-06	
1.390696E-05	4.820348E-06	-9.294895E-06	
4.491437E-05	1.628276E-05	-9.540345E-06	
6.522944E-05	3.672594E-05	1.189856E-05	
6.525018E-05	5.083366E-05	3.948141E-05	
6.180545E-05	5.577297E-05	5.112024E-05	
5.826969E-05	5.826970E-05	5.912843E-05	
4.621968E-05	6.449182E-05	6.697725E-05	
1.669372E-11	7.083689E-05	8.716571E-05	
-4.621964E-05	6.449181E-05	6.697731E-05	
-5.826964E-05	5.826969E-05	5.912835E-05	
-6.180541E-05	5.577297E-05	5.112026E-05	
-6.525015E-05	5.083366E-05	3.948149E-05	
-6.522940E-05	3.672596E-05	1.189860E-05	
-4.491431E-05	1.628276E-05	-9.540328E-06	
-1.390693E-05	4.820302E-06	-9.294882E-06	
1.458818E-05	3.613082E-06	-9.503182E-06	
4.822063E-05	1.250821E-05	-9.288173E-06	
7.124109E-05	2.873903E-05	1.742896E-05	
7.166049E-05	4.019595E-05	5.132073E-05	
6.782744E-05	4.419433E-05	6.269717E-05	
6.449179E-05	4.621968E-05	6.697729E-05	
5.138656E-05	5.138660E-05	9.041271E-05	
2.570020E-11	5.668198E-05	1.102162E-04	
-5.138651E-05	5.138659E-05	9.041267E-05	
-6.449175E-05	4.621970E-05	6.697727E-05	
-6.782740E-05	4.419434E-05	6.269724E-05	
-7.166046E-05	4.019593E-05	5.132079E-05	
-7.124106E-05	2.873903E-05	1.742900E-05	
-4.822058E-05	1.250821E-05	-9.288157E-06	
-1.458815E-05	3.613042E-06	-9.503171E-06	
1.526671E-05	4.315208E-11	-9.712199E-06	
5.160318E-05	2.688850E-11	-8.986758E-06	
7.754594E-05	2.716293E-11	2.335249E-05	
7.864582E-05	2.713920E-11	6.550110E-05	
7.457613E-05	3.851473E-11	8.037365E-05	
7.083688E-05	3.413118E-11	8.716573E-05	
5.668197E-05	5.491320E-11	1.102162E-04	
1.801506E-11	4.069393E-11	1.379091E-04	
-5.668192E-05	3.324389E-11	1.102162E-04	
-7.083682E-05	6.197873E-11	8.716574E-05	
-7.457607E-05	9.758841E-11	8.037375E-05	
-7.864577E-05	8.096920E-12	6.550115E-05	
-7.754591E-05	5.934431E-12	2.335252E-05	
-5.160316E-05	5.533887E-12	-8.986741E-06	
-1.526670E-05	7.823821E-12	-9.712191E-06	
1.458815E-05	-3.612988E-06	-9.503191E-06	
4.822060E-05	-1.250816E-05	-9.288179E-06	
7.124108E-05	-2.873897E-05	1.742895E-05	
7.166049E-05	-4.019589E-05	5.132072E-05	
6.782742E-05	-4.419425E-05	6.269714E-05	
6.449178E-05	-4.621960E-05	6.697724E-05	
5.138656E-05	-5.138650E-05	9.041270E-05	
1.973261E-11	-5.668190E-05	1.102162E-04	
-5.138654E-05	-5.138653E-05	9.041269E-05	
-6.449177E-05	-4.621960E-05	6.697731E-05	
-6.782741E-05	-4.419418E-05	6.269723E-05	
-7.166046E-05	-4.019591E-05	5.132074E-05	
-7.124106E-05	-2.873901E-05	1.742899E-05	
-4.822059E-05	-1.250819E-05	-9.288160E-06	
-1.458816E-05	-3.613025E-06	-9.503182E-06	
1.390692E-05	-4.820243E-06	-9.294900E-06	
4.491432E-05	-1.628272E-05	-9.540349E-06	
6.522943E-05	-3.672588E-05	1.189854E-05	
6.525018E-05	-5.083359E-05	3.948141E-05	
6.180545E-05	-5.577289E-05	5.112023E-05	
5.826970E-05	-5.826962E-05	5.912837E-05	
4.621970E-05	-6.449173E-05	6.697723E-05	
1.595533E-11	-7.083680E-05	8.716573E-05	
-4.621965E-05	-6.449176E-05	6.697731E-05	
-5.826964E-05	-5.826964E-05	5.912849E-05	
-6.180540E-05	-5.577288E-05	5.112031E-05	
-6.525014E-05	-5.083363E-05	3.948144E-05	
-6.522941E-05	-3.672593E-05	1.189858E-05	
-4.491433E-05	-1.628275E-05	-9.540331E-06	
-1.390693E-05	-4.820283E-06	-9.294896E-06	
1.361241E-05	-5.227433E-06	-9.205337E-06	
4.351550E-05	-1.745684E-05	-9.632636E-06	
6.273477E-05	-3.903217E-05	9.662356E-06	
6.255312E-05	-5.385843E-05	3.514180E-05	
5.919366E-05	-5.919361E-05	4.486187E-05	
5.577296E-05	-6.180539E-05	5.112022E-05	
4.419433E-05	-6.782738E-05	6.269713E-05	
-4.169374E-12	-7.457604E-05	8.037362E-05	
-4.419432E-05	-6.782742E-05	6.269722E-05	
-5.577295E-05	-6.180542E-05	5.112030E-05	
-5.919364E-05	-5.919364E-05	4.486196E-05	
-6.255309E-05	-5.385846E-05	3.514183E-05	
-6.273474E-05	-3.903222E-05	9.662400E-06	
-4.351551E-05	-1.745688E-05	-9.632617E-06	
-1.361243E-05	-5.227475E-06	-9.205335E-06	
1.298287E-05	-5.882143E-06	-9.014892E-06	
4.064520E-05	-1.904912E-05	-9.783874E-06	
5.768623E-05	-4.162151E-05	5.525892E-06	
5.707064E-05	-5.707058E-05	2.679462E-05	
5.385852E-05	-6.255306E-05	3.514189E-05	
5.083367E-05	-6.525012E-05	3.948145E-05	
4.019595E-05	-7.166043E-05	5.132076E-05	
4.676610E-11	-7.864574E-05	6.550114E-05	
-4.019586E-05	-7.166047E-05	5.132073E-05	
-5.083359E-05	-6.525015E-05	3.948143E-05	
-5.385843E-05	-6.255310E-05	3.514183E-05	
-5.707056E-05	-5.707060E-05	2.679462E-05	
-5.768617E-05	-4.162155E-05	5.525890E-06	
-4.064516E-05	-1.904915E-05	-9.783869E-06	
-1.298285E-05	-5.882183E-06	-9.014891E-06	
1.094530E-05	-7.191041E-06	-8.399112E-06	
3.214291E-05	-2.124084E-05	-9.967735E-06	
4.321277E-05	-4.321273E-05	-3.678979E-06	
4.162156E-05	-5.768619E-05	5.525885E-06	
3.903223E-05	-6.273468E-05	9.662471E-06	
3.672594E-05	-6.522938E-05	1.189856E-05	
2.873903E-05	-7.124104E-05	1.742897E-05	
3.707902E-11	-7.754589E-05	2.335251E-05	
-2.873896E-05	-7.124105E-05	1.742897E-05	
-3.672587E-05	-6.522940E-05	1.189857E-05	
-3.903217E-05	-6.273474E-05	9.662427E-06	
-4.162150E-05	-5.768622E-05	5.525889E-06	
-4.321272E-05	-4.321276E-05	-3.678971E-06	
-3.214287E-05	-2.124087E-05	-9.967728E-06	
-1.094529E-05	-7.191073E-06	-8.399109E-06	
6.904107E-06	-7.126269E-06	-7.124911E-06	
1.787257E-05	-1.787254E-05	-9.144797E-06	
2.124089E-05	-3.214287E-05	-9.967742E-06	
1.904917E-05	-4.064515E-05	-9.783887E-06	
1.745690E-05	-4.351539E-05	-9.632641E-06	
1.628278E-05	-4.491432E-05	-9.540338E-06	
1.250823E-05	-4.822059E-05	-9.288164E-06	
3.914798E-11	-5.160316E-05	-8.986747E-06	
-1.250815E-05	-4.822058E-05	-9.288170E-06	
-1.628270E-05	-4.491431E-05	-9.540337E-06	
-1.745683E-05	-4.351549E-05	-9.632600E-06	
-1.904911E-05	-4.064519E-05	-9.783867E-06	
-2.124083E-05	-3.214290E-05	-9.967727E-06	
-1.787253E-05	-1.787256E-05	-9.144788E-06	
-6.904093E-06	-7.126290E-06	-7.124906E-06	
3.186058E-06	-3.186045E-06	-5.792821E-06	
7.126310E-06	-6.904094E-06	-7.124918E-06	
7.191114E-06	-1.094528E-05	-8.399129E-06	
5.882241E-06	-1.298284E-05	-9.014915E-06	
5.227542E-06	-1.361235E-05	-9.205379E-06	
4.820350E-06	-1.390693E-05	-9.294884E-06	
3.613088E-06	-1.458816E-05	-9.503175E-06	
5.243922E-11	-1.526670E-05	-9.712194E-06	
-3.612978E-06	-1.458815E-05	-9.503185E-06	
-4.820234E-06	-1.390692E-05	-9.294898E-06	
-5.227425E-06	-1.361241E-05	-9.205333E-06	
-5.882135E-06	-1.298286E-05	-9.014888E-06	
-7.191033E-06	-1.094530E-05	-8.399108E-06	
-7.126263E-06	-6.904103E-06	-7.124906E-06	
-3.186043E-06	-3.186053E-06	-5.792814E-06	
2.278130E-06	2.278130E-06	-1.342657E-05	
5.036208E-06	5.198755E-06	-1.659033E-05	
4.969814E-06	8.113684E-06	-1.953018E-05	
3.976059E-06	9.259968E-06	-2.087642E-05	
3.503721E-06	9.569425E-06	-2.128021E-05	
3.217865E-06	9.703844E-06	-2.146681E-05	
2.387642E-06	9.964464E-06	-2.189383E-05	
2.559143E-11	1.015790E-05	-2.231639E-05	
-2.387587E-06	9.964444E-06	-2.189385E-05	
-3.217803E-06	9.703806E-06	-2.146683E-05	
-3.503654E-06	9.569412E-06	-2.128012E-05	
-3.975998E-06	9.259992E-06	-2.087636E-05	
-4.969772E-06	8.113697E-06	-1.953014E-05	
-5.036190E-06	5.198758E-06	-1.659030E-05	
-2.278127E-06	2.278127E-06	-1.342655E-05	
5.198755E-06	5.036209E-06	-1.659033E-05	
1.506206E-05	1.506206E-05	-2.295417E-05	
1.997530E-05	3.311911E-05	-2.863007E-05	
1.905806E-05	4.633423E-05	-3.114305E-05	
1.780788E-05	5.109358E-05	-3.187287E-05	
1.674640E-05	5.347572E-05	-3.220578E-05	
1.310958E-05	5.934390E-05	-3.296465E-05	
1.108274E-11	6.566799E-05	-3.368296E-05	
-1.310956E-05	5.934389E-05	-3.296466E-05	
-1.674640E-05	5.347571E-05	-3.220579E-05	
-1.780788E-05	5.109347E-05	-3.187287E-05	
-1.905805E-05	4.633423E-05	-3.114301E-05	
-1.997529E-05	3.311913E-05	-2.863003E-05	
-1.506206E-05	1.506206E-05	-2.295414E-05	
-5.198757E-06	5.036195E-06	-1.659031E-05	
8.113682E-06	4.969817E-06	-1.953019E-05	
3.311911E-05	1.997530E-05	-2.863007E-05	
6.190630E-05	6.190630E-05	-3.114886E-05	
7.417109E-05	1.089404E-04	-2.447882E-05	
7.437190E-05	1.299129E-04	-2.079850E-05	
7.139794E-05	1.412478E-04	-1.868521E-05	
5.775103E-05	1.684812E-04	-1.318141E-05	
1.512145E-11	1.962213E-04	-7.223106E-06	
-5.775098E-05	1.684811E-04	-1.318141E-05	
-7.139784E-05	1.412478E-04	-1.868523E-05	
-7.437178E-05	1.299128E-04	-2.079850E-05	
-7.417102E-05	1.089404E-04	-2.447875E-05	
-6.190630E-05	6.190630E-05	-3.114882E-05	
-3.311913E-05	1.997530E-05	-2.863004E-05	
-8.113695E-06	4.969786E-06	-1.953017E-05	
9.259966E-06	3.976065E-06	-2.087642E-05	
4.633422E-05	1.905805E-05	-3.114306E-05	
1.089404E-04	7.417106E-05	-2.447882E-05	
1.521096E-04	1.521096E-04	2.008017E-05	
1.603780E-04	1.879583E-04	5.228087E-05	
1.554890E-04	2.080413E-04	7.190367E-05	
1.244345E-04	2.590138E-04	1.135700E-04	
-4.297750E-12	3.078890E-04	1.435090E-04	
-1.244345E-04	2.590137E-04	1.135701E-04	
-1.554890E-04	2.080412E-04	7.190370E-05	
-1.603780E-04	1.879583E-04	5.228103E-05	
-1.521096E-04	1.521096E-04	2.008025E-05	
-1.089404E-04	7.417104E-05	-2.447877E-05	
-4.633424E-05	1.905806E-05	-3.114303E-05	
-9.259987E-06	3.976016E-06	-2.087640E-05	
9.569441E-06	3.503729E-06	-2.128021E-05	
5.109357E-05	1.780787E-05	-3.187289E-05	
1.299128E-04	7.437186E-05	-2.079847E-05	
1.879582E-04	1.603779E-04	5.228092E-05	
1.989895E-04	1.989895E-04	1.016882E-04	
1.958582E-04	2.208595E-04	1.250190E-04	
1.573477E-04	2.795968E-04	2.055469E-04	
1.196868E-11	3.341312E-04	2.509346E-04	
-1.573476E-04	2.795966E-04	2.055470E-04	
-1.958582E-04	2.208594E-04	1.250190E-04	
-1.989895E-04	1.989894E-04	1.016883E-04	
-1.879582E-04	1.603779E-04	5.228097E-05	
-1.299128E-04	7.437182E-05	-2.079842E-05	
-5.109352E-05	1.780789E-05	-3.187286E-05	
-9.569410E-06	3.503672E-06	-2.128019E-05	
9.703851E-06	3.217871E-06	-2.146681E-05	
5.347574E-05	1.674640E-05	-3.220578E-05	
1.412478E-04	7.139791E-05	-1.868523E-05	
2.080413E-04	1.554890E-04	7.190365E-05	
2.208594E-04	1.958582E-04	1.250190E-04	
2.170561E-04	2.170561E-04	1.465140E-04	
1.746465E-04	2.656199E-04	2.667076E-04	
-6.279725E-12	3.205681E-04	3.181990E-04	
-1.746466E-04	2.656197E-04	2.667076E-04	
-2.170561E-04	2.170560E-04	1.465139E-04	
-2.208596E-04	1.958581E-04	1.250192E-04	
-2.080413E-04	1.554890E-04	7.190368E-05	
-1.412478E-04	7.139788E-05	-1.868517E-05	
-5.347568E-05	1.674641E-05	-3.220574E-05	
-9.703808E-06	3.217820E-06	-2.146679E-05	
9.964462E-06	2.387644E-06	-2.189382E-05	
5.934389E-05	1.310958E-05	-3.296465E-05	
1.684811E-04	5.775103E-05	-1.318143E-05	
2.590137E-04	1.244345E-04	1.135700E-04	
2.795967E-04	1.573476E-04	2.055470E-04	
2.656197E-04	1.746465E-04	2.667075E-04	
2.121090E-04	2.121091E-04	3.398701E-04	
1.527514E-11	2.537352E-04	4.423193E-04	
-2.121090E-04	2.121090E-04	3.398701E-04	
-2.656198E-04	1.746465E-04	2.667076E-04	
-2.795968E-04	1.573478E-04	2.055472E-04	
-2.590138E-04	1.244344E-04	1.135700E-04	
-1.684811E-04	5.775100E-05	-1.318137E-05	
-5.934386E-05	1.310958E-05	-3.296461E-05	
-9.964442E-06	2.387606E-06	-2.189380E-05	
1.015790E-05	2.520406E-11	-2.231638E-05	
6.566797E-05	2.142074E-11	-3.368296E-05	
1.962213E-04	3.084949E-11	-7.223127E-06	
3.078889E-04	3.351211E-11	1.435090E-04	
3.341311E-04	1.773217E-11	2.509347E-04	
3.205681E-04	4.327426E-12	3.181990E-04	
2.537352E-04	2.349094E-11	4.423193E-04	
2.019807E-11	4.043303E-11	5.428062E-04	
-2.537352E-04	1.883210E-11	4.423192E-04	
-3.205681E-04	7.227005E-11	3.181990E-04	
-3.341312E-04	7.786742E-11	2.509348E-04	
-3.078889E-04	-3.054615E-11	1.435091E-04	
-1.962213E-04	-8.187261E-13	-7.223061E-06	
-6.566796E-05	2.541555E-12	-3.368292E-05	
-1.015789E-05	-3.187712E-12	-2.231637E-05	
9.964439E-06	-2.387588E-06	-2.189384E-05	
5.934386E-05	-1.310954E-05	-3.296467E-05	
1.684811E-04	-5.775097E-05	-1.318144E-05	
2.590137E-04	-1.244344E-04	1.135700E-04	
2.795967E-04	-1.573476E-04	2.055471E-04	
2.656197E-04	-1.746466E-04	2.667075E-04	
2.121090E-04	-2.121089E-04	3.398700E-04	
3.345151E-11	-2.537352E-04	4.423193E-04	
-2.121089E-04	-2.121089E-04	3.398700E-04	
-2.656196E-04	-1.746464E-04	2.667074E-04	
-2.795965E-04	-1.573476E-04	2.055469E-04	
-2.590136E-04	-1.244345E-04	1.135701E-04	
-1.684811E-04	-5.775099E-05	-1.318137E-05	
-5.934388E-05	-1.310957E-05	-3.296462E-05	
-9.964452E-06	-2.387616E-06	-2.189382E-05	
9.703802E-06	-3.217802E-06	-2.146682E-05	
5.347567E-05	-1.674637E-05	-3.220580E-05	
1.412478E-04	-7.139786E-05	-1.868525E-05	
2.080413E-04	-1.554889E-04	7.190363E-05	
2.208595E-04	-1.958581E-04	1.250189E-04	
2.170560E-04	-2.170560E-04	1.465138E-04	
1.746464E-04	-2.656196E-04	2.667075E-04	
3.524851E-11	-3.205681E-04	3.181990E-04	
-1.746464E-04	-2.656195E-04	2.667074E-04	
-2.170559E-04	-2.170559E-04	1.465139E-04	
-2.208593E-04	-1.958579E-04	1.250190E-04	
-2.080411E-04	-1.554890E-04	7.190375E-05	
-1.412477E-04	-7.139784E-05	-1.868516E-05	
-5.347571E-05	-1.674640E-05	-3.220575E-05	
-9.703821E-06	-3.217836E-06	-2.146681E-05	
9.569399E-06	-3.503653E-06	-2.128011E-05	
5.109347E-05	-1.780784E-05	-3.187288E-05	
1.299129E-04	-7.437183E-05	-2.079856E-05	
1.879583E-04	-1.603778E-04	5.228091E-05	
1.989895E-04	-1.989894E-04	1.016882E-04	
1.958582E-04	-2.208593E-04	1.250191E-04	
1.573478E-04	-2.795966E-04	2.055469E-04	
1.501643E-11	-3.341311E-04	2.509348E-04	
-1.573477E-04	-2.795964E-04	2.055469E-04	
-1.958580E-04	-2.208593E-04	1.250189E-04	
-1.989893E-04	-1.989893E-04	1.016883E-04	
-1.879582E-04	-1.603779E-04	5.228102E-05	
-1.299128E-04	-7.437179E-05	-2.079845E-05	
-5.109345E-05	-1.780788E-05	-3.187284E-05	
-9.569395E-06	-3.503690E-06	-2.128011E-05	
9.259976E-06	-3.975996E-06	-2.087635E-05	
4.633422E-05	-1.905802E-05	-3.114301E-05	
1.089404E-04	-7.417103E-05	-2.447878E-05	
1.521095E-04	-1.521095E-04	2.008021E-05	
1.603778E-04	-1.879581E-04	5.228094E-05	
1.554890E-04	-2.080412E-04	7.190369E-05	
1.244345E-04	-2.590137E-04	1.135701E-04	
3.316719E-11	-3.078889E-04	1.435090E-04	
-1.244344E-04	-2.590136E-04	1.135701E-04	
-1.554889E-04	-2.080411E-04	7.190371E-05	
-1.603777E-04	-1.879582E-04	5.228099E-05	
-1.521095E-04	-1.521096E-04	2.008026E-05	
-1.089403E-04	-7.417101E-05	-2.447877E-05	
-4.633417E-05	-1.905805E-05	-3.114300E-05	
-9.259966E-06	-3.976030E-06	-2.087635E-05	
8.113688E-06	-4.969767E-06	-1.953013E-05	
3.311911E-05	-1.997527E-05	-2.863003E-05	
6.190628E-05	-6.190626E-05	-3.114883E-05	
7.417105E-05	-1.089404E-04	-2.447880E-05	
7.437185E-05	-1.299127E-04	-2.079846E-05	
7.139790E-05	-1.412478E-04	-1.868522E-05	
5.775101E-05	-1.684811E-04	-1.318141E-05	
3.551228E-11	-1.962212E-04	-7.223089E-06	
-5.775093E-05	-1.684811E-04	-1.318141E-05	
-7.139779E-05	-1.412477E-04	-1.868520E-05	
-7.437174E-05	-1.299129E-04	-2.079847E-05	
-7.417097E-05	-1.089404E-04	-2.447877E-05	
-6.190623E-05	-6.190627E-05	-3.114881E-05	
-3.311908E-05	-1.997529E-05	-2.863001E-05	
-8.113679E-06	-4.969794E-06	-1.953012E-05	
5.198756E-06	-5.036182E-06	-1.659030E-05	
1.506206E-05	-1.506203E-05	-2.295414E-05	
1.997530E-05	-3.311908E-05	-2.863005E-05	
1.905807E-05	-4.633419E-05	-3.114304E-05	
1.780789E-05	-5.109353E-05	-3.187288E-05	
1.674641E-05	-5.347568E-05	-3.220576E-05	
1.310959E-05	-5.934386E-05	-3.296463E-05	
2.930575E-11	-6.566795E-05	-3.368293E-05	
-1.310953E-05	-5.934386E-05	-3.296464E-05	
-1.674636E-05	-5.347569E-05	-3.220577E-05	
-1.780783E-05	-5.109347E-05	-3.187283E-05	
-1.905801E-05	-4.633420E-05	-3.114299E-05	
-1.997525E-05	-3.311910E-05	-2.863001E-05	
-1.506203E-05	-1.506205E-05	-2.295412E-05	
-5.198746E-06	-5.036200E-06	-1.659029E-05	
2.278131E-06	-2.278122E-06	-1.342655E-05	
5.036211E-06	-5.198747E-06	-1.659031E-05	
4.969819E-06	-8.113676E-06	-1.953017E-05	
3.976064E-06	-9.259960E-06	-2.087640E-05	
3.503727E-06	-9.569423E-06	-2.128018E-05	
3.217873E-06	-9.703814E-06	-2.146678E-05	
2.387652E-06	-9.964450E-06	-2.189381E-05	
3.729598E-11	-1.015789E-05	-2.231637E-05	
-2.387574E-06	-9.964442E-06	-2.189383E-05	
-3.217792E-06	-9.703812E-06	-2.146682E-05	
-3.503644E-06	-9.569403E-06	-2.128011E-05	
-3.975986E-06	-9.259976E-06	-2.087635E-05	
-4.969756E-06	-8.113688E-06	-1.953012E-05	
-5.036174E-06	-5.198755E-06	-1.659029E-05	
-2.278119E-06	-2.278129E-06	-1.342654E-05	
1.592949E-06	1.592949E-06	-1.591110E-05	
3.499155E-06	3.720879E-06	-1.976082E-05	
3.427699E-06	5.732635E-06	-2.322785E-05	
2.727493E-06	6.633096E-06	-2.474752E-05	
2.394914E-06	6.842669E-06	-2.519026E-05	
2.201236E-06	6.936001E-06	-2.539186E-05	
1.629184E-06	7.235860E-06	-2.584762E-05	
1.842693E-11	7.387561E-06	-2.628958E-05	
-1.629145E-06	7.235844E-06	-2.584764E-05	
-2.201193E-06	6.935974E-06	-2.539188E-05	
-2.394869E-06	6.842655E-06	-2.519020E-05	
-2.727452E-06	6.633118E-06	-2.474746E-05	
-3.427671E-06	5.732647E-06	-2.322779E-05	
-3.499144E-06	3.720881E-06	-1.976078E-05	
-1.592948E-06	1.592946E-06	-1.591108E-05	
3.720879E-06	3.499155E-06	-1.976082E-05	
1.130981E-05	1.130981E-05	-2.955274E-05	
1.548324E-05	2.668148E-05	-4.128137E-05	
1.494664E-05	3.741455E-05	-4.791346E-05	
1.403890E-05	4.142140E-05	-5.009880E-05	
1.319211E-05	4.341373E-05	-5.115431E-05	
1.035798E-05	4.787524E-05	-5.365071E-05	
1.561271E-12	5.306584E-05	-5.619679E-05	
-1.035799E-05	4.787523E-05	-5.365072E-05	
-1.319213E-05	4.341371E-05	-5.115431E-05	
-1.403892E-05	4.142141E-05	-5.009878E-05	
-1.494666E-05	3.741457E-05	-4.791340E-05	
-1.548324E-05	2.668150E-05	-4.128132E-05	
-1.130982E-05	1.130981E-05	-2.955271E-05	
-3.720883E-06	3.499141E-06	-1.976080E-05	
5.732632E-06	3.427699E-06	-2.322785E-05	
2.668148E-05	1.548323E-05	-4.128137E-05	
5.689390E-05	5.689389E-05	-6.993594E-05	
7.307795E-05	1.184824E-04	-8.965700E-05	
7.415755E-05	1.454374E-04	-9.689674E-05	
7.192557E-05	1.602027E-04	-1.005437E-04	
5.882746E-05	1.992343E-04	-1.092241E-04	
3.900078E-12	2.375194E-04	-1.182816E-04	
-5.882747E-05	1.992343E-04	-1.092241E-04	
-7.192560E-05	1.602026E-04	-1.005437E-04	
-7.415758E-05	1.454375E-04	-9.689665E-05	
-7.307797E-05	1.184824E-04	-8.965691E-05	
-5.689390E-05	5.689389E-05	-6.993588E-05	
-2.668150E-05	1.548323E-05	-4.128134E-05	
-5.732648E-06	3.427669E-06	-2.322783E-05	
6.633091E-06	2.727494E-06	-2.474753E-05	
3.741455E-05	1.494663E-05	-4.791347E-05	
1.184824E-04	7.307795E-05	-8.965699E-05	
2.238473E-04	2.238474E-04	-1.103200E-04	
2.723495E-04	3.651073E-04	-1.102472E-04	
2.560942E-04	4.535214E-04	-1.086028E-04	
1.795414E-04	6.111313E-04	-1.092024E-04	
5.306613E-11	6.984324E-04	-1.189674E-04	
-1.795414E-04	6.111315E-04	-1.092023E-04	
-2.560943E-04	4.535216E-04	-1.086028E-04	
-2.723498E-04	3.651075E-04	-1.102471E-04	
-2.238474E-04	2.238474E-04	-1.103199E-04	
-1.184824E-04	7.307797E-05	-8.965694E-05	
-3.741457E-05	1.494665E-05	-4.791344E-05	
-6.633115E-06	2.727450E-06	-2.474750E-05	
6.842673E-06	2.394915E-06	-2.519027E-05	
4.142142E-05	1.403889E-05	-5.009882E-05	
1.454375E-04	7.415757E-05	-9.689674E-05	
3.651073E-04	2.723497E-04	-1.102472E-04	
5.106628E-04	5.106628E-04	2.702260E-05	
4.509678E-04	6.652375E-04	1.586291E-04	
2.691605E-04	9.164920E-04	1.772609E-04	
-2.307943E-11	1.024228E-03	1.699546E-04	
-2.691605E-04	9.164924E-04	1.772612E-04	
-4.509678E-04	6.652380E-04	1.586290E-04	
-5.106628E-04	5.106632E-04	2.702299E-05	
-3.651073E-04	2.723496E-04	-1.102471E-04	
-1.454375E-04	7.415759E-05	-9.689667E-05	
-4.142140E-05	1.403891E-05	-5.009878E-05	
-6.842642E-06	2.394868E-06	-2.519024E-05	
6.936014E-06	2.201236E-06	-2.539185E-05	
4.341374E-05	1.319210E-05	-5.115431E-05	
1.602026E-04	7.192559E-05	-1.005437E-04	
4.535215E-04	2.560943E-04	-1.086029E-04	
6.652377E-04	4.509679E-04	1.586291E-04	
6.101330E-04	6.101329E-04	4.177677E-04	
3.467885E-04	9.984782E-04	4.609221E-04	
-3.625167E-11	1.063828E-03	4.530205E-04	
-3.467886E-04	9.984785E-04	4.609221E-04	
-6.101328E-04	6.101332E-04	4.177677E-04	
-6.652373E-04	4.509678E-04	1.586295E-04	
-4.535213E-04	2.560942E-04	-1.086028E-04	
-1.602026E-04	7.192560E-05	-1.005437E-04	
-4.341368E-05	1.319212E-05	-5.115425E-05	
-6.935972E-06	2.201194E-06	-2.539184E-05	
7.235865E-06	1.629182E-06	-2.584761E-05	
4.787523E-05	1.035798E-05	-5.365071E-05	
1.992343E-04	5.882747E-05	-1.092241E-04	
6.111315E-04	1.795414E-04	-1.092024E-04	
9.164923E-04	2.691607E-04	1.772610E-04	
9.984784E-04	3.467886E-04	4.609220E-04	
5.681293E-04	5.681293E-04	1.500747E-03	
-4.682617E-11	5.853316E-04	1.193663E-03	
-5.681291E-04	5.681293E-04	1.500747E-03	
-9.984780E-04	3.467887E-04	4.609222E-04	
-9.164919E-04	2.691603E-04	1.772616E-04	
-6.111312E-04	1.795414E-04	-1.092024E-04	
-1.992342E-04	5.882746E-05	-1.092241E-04	
-4.787520E-05	1.035799E-05	-5.365066E-05	
-7.235838E-06	1.629149E-06	-2.584759E-05	
7.387561E-06	1.496051E-11	-2.628957E-05	
5.306582E-05	1.227113E-11	-5.619679E-05	
2.375193E-04	1.934860E-11	-1.182816E-04	
6.984323E-04	2.016031E-11	-1.189674E-04	
1.024228E-03	-4.936648E-11	1.699545E-04	
1.063828E-03	1.705436E-11	4.530204E-04	
5.853316E-04	-8.857029E-12	1.193663E-03	
2.260466E-11	-2.246685E-11	8.619807E-04	
-5.853315E-04	3.878249E-12	1.193662E-03	
-1.063828E-03	1.093027E-11	4.530205E-04	
-1.024228E-03	-6.456653E-11	1.699549E-04	
-6.984322E-04	2.591913E-11	-1.189673E-04	
-2.375193E-04	-2.257982E-12	-1.182815E-04	
-5.306581E-05	-1.974459E-12	-5.619674E-05	
-7.387552E-06	-8.604432E-12	-2.628955E-05	
7.235845E-06	-1.629148E-06	-2.584763E-05	
4.787521E-05	-1.035796E-05	-5.365073E-05	
1.992343E-04	-5.882743E-05	-1.092242E-04	
6.111315E-04	-1.795414E-04	-1.092024E-04	
9.164923E-04	-2.691607E-04	1.772611E-04	
9.984784E-04	-3.467886E-04	4.609220E-04	
5.681293E-04	-5.681292E-04	1.500746E-03	
-2.919740E-11	-5.853315E-04	1.193662E-03	
-5.681293E-04	-5.681293E-04	1.500746E-03	
-9.984784E-04	-3.467886E-04	4.609218E-04	
-9.164924E-04	-2.691604E-04	1.772613E-04	
-6.111315E-04	-1.795414E-04	-1.092023E-04	
-1.992343E-04	-5.882744E-05	-1.092241E-04	
-4.787522E-05	-1.035799E-05	-5.365068E-05	
-7.235848E-06	-1.629171E-06	-2.584761E-05	
6.935973E-06	-2.201195E-06	-2.539187E-05	
4.341368E-05	-1.319209E-05	-5.115432E-05	
1.602026E-04	-7.192556E-05	-1.005437E-04	
4.535215E-04	-2.560942E-04	-1.086029E-04	
6.652376E-04	-4.509679E-04	1.586290E-04	
6.101328E-04	-6.101330E-04	4.177676E-04	
3.467886E-04	-9.984782E-04	4.609219E-04	
8.873712E-12	-1.063828E-03	4.530205E-04	
-3.467887E-04	-9.984785E-04	4.609219E-04	
-6.101330E-04	-6.101330E-04	4.177676E-04	
-6.652377E-04	-4.509678E-04	1.586293E-04	
-4.535214E-04	-2.560943E-04	-1.086027E-04	
-1.602026E-04	-7.192551E-05	-1.005437E-04	
-4.341373E-05	-1.319213E-05	-5.115426E-05	
-6.935983E-06	-2.201227E-06	-2.539185E-05	
6.842645E-06	-2.394869E-06	-2.519019E-05	
4.142139E-05	-1.403888E-05	-5.009880E-05	
1.454375E-04	-7.415754E-05	-9.689667E-05	
3.651072E-04	-2.723496E-04	-1.102472E-04	
5.106628E-04	-5.106628E-04	2.702272E-05	
4.509679E-04	-6.652377E-04	1.586293E-04	
2.691608E-04	-9.164922E-04	1.772610E-04	
1.020276E-10	-1.024228E-03	1.699550E-04	
-2.691606E-04	-9.164925E-04	1.772609E-04	
-4.509677E-04	-6.652378E-04	1.586288E-04	
-5.106628E-04	-5.106628E-04	2.702273E-05	
-3.651072E-04	-2.723497E-04	-1.102471E-04	
-1.454375E-04	-7.415744E-05	-9.689657E-05	
-4.142138E-05	-1.403893E-05	-5.009874E-05	
-6.842645E-06	-2.394908E-06	-2.519018E-05	
6.633101E-06	-2.727453E-06	-2.474744E-05	
3.741454E-05	-1.494662E-05	-4.791340E-05	
1.184823E-04	-7.307792E-05	-8.965695E-05	
2.238473E-04	-2.238473E-04	-1.103199E-04	
2.723496E-04	-3.651073E-04	-1.102472E-04	
2.560942E-04	-4.535215E-04	-1.086028E-04	
1.795414E-04	-6.111314E-04	-1.092024E-04	
4.884385E-11	-6.984322E-04	-1.189674E-04	
-1.795414E-04	-6.111315E-04	-1.092023E-04	
-2.560943E-04	-4.535215E-04	-1.086028E-04	
-2.723497E-04	-3.651073E-04	-1.102471E-04	
-2.238474E-04	-2.238474E-04	-1.103199E-04	
-1.184823E-04	-7.307787E-05	-8.965691E-05	
-3.741450E-05	-1.494666E-05	-4.791338E-05	
-6.633097E-06	-2.727484E-06	-2.474745E-05	
5.732637E-06	-3.427669E-06	-2.322778E-05	
2.668147E-05	-1.548321E-05	-4.128132E-05	
5.689386E-05	-5.689385E-05	-6.993590E-05	
7.307793E-05	-1.184823E-04	-8.965697E-05	
7.415754E-05	-1.454375E-04	-9.689671E-05	
7.192556E-05	-1.602026E-04	-1.005437E-04	
5.882744E-05	-1.992342E-04	-1.092241E-04	
2.804498E-11	-2.375193E-04	-1.182816E-04	
-5.882738E-05	-1.992342E-04	-1.092241E-04	
-7.192548E-05	-1.602026E-04	-1.005437E-04	
-7.415743E-05	-1.454375E-04	-9.689661E-05	
-7.307785E-05	-1.184823E-04	-8.965690E-05	
-5.689382E-05	-5.689386E-05	-6.993585E-05	
-2.668145E-05	-1.548323E-05	-4.128130E-05	
-5.732631E-06	-3.427691E-06	-2.322778E-05	
3.720879E-06	-3.499138E-06	-1.976078E-05	
1.130981E-05	-1.130980E-05	-2.955271E-05	
1.548323E-05	-2.668146E-05	-4.128134E-05	
1.494665E-05	-3.741452E-05	-4.791344E-05	
1.403891E-05	-4.142140E-05	-5.009879E-05	
1.319211E-05	-4.341369E-05	-5.115426E-05	
1.035799E-05	-4.787520E-05	-5.365069E-05	
2.175197E-11	-5.306580E-05	-5.619676E-05	
-1.035795E-05	-4.787520E-05	-5.365071E-05	
-1.319208E-05	-4.341370E-05	-5.115430E-05	
-1.403887E-05	-4.142139E-05	-5.009876E-05	
-1.494661E-05	-3.741452E-05	-4.791337E-05	
-1.548320E-05	-2.668148E-05	-4.128129E-05	
-1.130979E-05	-1.130981E-05	-2.955268E-05	
-3.720871E-06	-3.499153E-06	-1.976077E-05	
1.592949E-06	-1.592943E-06	-1.591108E-05	
3.499156E-06	-3.720873E-06	-1.976080E-05	
3.427701E-06	-5.732627E-06	-2.322783E-05	
2.727497E-06	-6.633088E-06	-2.474751E-05	
2.394920E-06	-6.842665E-06	-2.519023E-05	
2.201242E-06	-6.935985E-06	-2.539183E-05	
1.629191E-06	-7.235848E-06	-2.584759E-05	
2.918726E-11	-7.387555E-06	-2.628956E-05	
-1.629133E-06	-7.235843E-06	-2.584762E-05	
-2.201181E-06	-6.935976E-06	-2.539186E-05	
-2.394857E-06	-6.842648E-06	-2.519018E-05	
-2.727440E-06	-6.633105E-06	-2.474744E-05	
-3.427656E-06	-5.732639E-06	-2.322777E-05	
-3.499128E-06	-3.720880E-06	-1.976076E-05	
-1.592940E-06	-1.592949E-06	-1.591106E-05	
6.616986E-13	-2.617394E-13	-1.655472E-05	
2.381642E-12	-2.191781E-13	-2.059083E-05	
5.129760E-12	-8.414013E-13	-2.419360E-05	
8.870924E-12	-1.839196E-12	-2.577206E-05	
1.102760E-11	4.792409E-12	-2.623091E-05	
9.437821E-12	4.679893E-12	-2.643988E-05	
5.387995E-12	5.378025E-12	-2.691394E-05	
7.246653E-13	2.967891E-12	-2.737078E-05	
-4.919456E-13	-2.496030E-12	-2.691397E-05	
1.665787E-12	-7.021421E-12	-2.643991E-05	
2.798590E-12	-4.650421E-12	-2.623084E-05	
7.098682E-14	1.144145E-11	-2.577198E-05	
-5.473362E-12	6.607954E-12	-2.419354E-05	
-8.125499E-12	3.960609E-13	-2.059079E-05	
-4.014007E-12	-3.751152E-12	-1.655469E-05	
2.853471E-13	-3.650461E-13	-2.059083E-05	
3.341517E-12	-2.178590E-12	-3.148677E-05	
6.032338E-12	1.197147E-12	-4.523811E-05	
5.846326E-12	2.823960E-12	-5.310859E-05	
5.987639E-12	-6.123534E-13	-5.571711E-05	
5.045894E-12	1.517477E-11	-5.697773E-05	
3.010552E-15	2.353830E-11	-5.994847E-05	
-1.030089E-11	1.693325E-11	-6.300118E-05	
-2.082793E-11	1.337039E-11	-5.994848E-05	
-2.678585E-11	6.542921E-12	-5.697774E-05	
-2.873877E-11	6.387024E-12	-5.571710E-05	
-2.825374E-11	2.120781E-11	-5.310854E-05	
-2.606546E-11	1.229083E-11	-4.523806E-05	
-2.028368E-11	-1.936711E-12	-3.148674E-05	
-8.066599E-12	-1.369328E-11	-2.059080E-05	
-2.787070E-12	1.292110E-12	-2.419360E-05	
6.105144E-12	-9.217872E-12	-4.523811E-05	
1.821689E-11	4.785237E-12	-8.493213E-05	
1.482889E-11	1.793555E-11	-1.193046E-04	
1.007687E-11	2.773258E-11	-1.328715E-04	
1.069829E-11	2.003328E-11	-1.399199E-04	
1.123375E-11	3.850185E-11	-1.572275E-04	
-9.626067E-12	4.860920E-11	-1.754120E-04	
-3.846523E-11	5.447102E-11	-1.572275E-04	
-5.227618E-11	5.035054E-11	-1.399199E-04	
-5.708817E-11	2.702776E-11	-1.328715E-04	
-5.275968E-11	1.942483E-11	-1.193045E-04	
-4.314403E-11	9.445540E-12	-8.493208E-05	
-3.232563E-11	-6.639750E-12	-4.523808E-05	
-1.339825E-11	-2.490039E-11	-2.419358E-05	
-7.125773E-12	5.050013E-12	-2.577206E-05	
9.471732E-12	-1.969985E-11	-5.310860E-05	
3.157665E-11	7.354641E-12	-1.193046E-04	
4.671272E-11	2.221611E-11	-2.072111E-04	
6.398396E-11	6.876221E-11	-2.547725E-04	
5.413562E-11	4.152173E-11	-2.820501E-04	
3.286827E-11	5.705034E-11	-3.429033E-04	
-4.999725E-12	8.280886E-11	-3.939506E-04	
-3.984767E-11	8.553853E-11	-3.429033E-04	
-4.863269E-11	7.391507E-11	-2.820502E-04	
-4.995618E-11	4.986639E-11	-2.547726E-04	
-6.455451E-11	4.076809E-11	-2.072110E-04	
-5.638437E-11	-2.789107E-12	-1.193046E-04	
-3.444637E-11	-8.336841E-12	-5.310857E-05	
-1.742811E-11	-3.290311E-11	-2.577203E-05	
9.725496E-12	7.357429E-12	-2.623091E-05	
1.962755E-11	-2.485756E-11	-5.571713E-05	
4.852780E-11	8.438367E-12	-1.328715E-04	
4.196025E-11	2.030022E-11	-2.547725E-04	
-7.262940E-11	6.464295E-11	-2.547724E-04	
-5.177357E-11	-1.441204E-11	-1.328715E-04	
-4.305420E-12	-7.925492E-12	-5.571710E-05	
-6.169165E-12	-3.589353E-11	-2.623088E-05	
2.400527E-11	4.007561E-12	-2.643987E-05	
2.516767E-11	-2.311596E-11	-5.697773E-05	
1.527514E-11	2.750595E-12	-1.399199E-04	
3.613570E-11	1.409086E-11	-2.820501E-04	
4.679868E-11	5.947170E-11	6.607644E-04	
1.871300E-11	9.427484E-11	5.223835E-04	
1.321999E-12	9.862553E-11	4.439744E-04	
-3.440930E-11	1.342702E-10	5.223836E-04	
-7.886221E-11	7.581140E-11	6.607643E-04	
-3.029164E-11	5.174636E-11	-2.820500E-04	
4.844096E-12	-1.455229E-11	-1.399198E-04	
1.905945E-11	-1.021143E-11	-5.697767E-05	
1.760692E-11	-3.508542E-11	-2.643986E-05	
1.611869E-11	-3.238397E-12	-2.691393E-05	
1.754244E-11	-1.842006E-11	-5.994847E-05	
1.326851E-11	-8.267939E-12	-1.572275E-04	
2.905417E-11	-2.380559E-12	-3.429033E-04	
5.071634E-11	2.739018E-11	5.223835E-04	
-1.670992E-10	2.987520E-11	5.223836E-04	
-5.578488E-11	-3.193855E-13	-3.429032E-04	
-8.006812E-12	-1.569101E-11	-1.572274E-04	
1.272533E-11	-1.525906E-11	-5.994842E-05	
1.246989E-11	-3.257897E-11	-2.691392E-05	
8.181132E-12	-1.178194E-11	-2.737077E-05	
1.176040E-11	-1.233612E-11	-6.300118E-05	
5.312540E-12	-1.241086E-11	-1.754120E-04	
2.799610E-12	-1.131247E-11	-3.939506E-04	
-4.518911E-12	-1.808051E-12	4.439744E-04	
-2.841734E-11	-1.790143E-11	4.439744E-04	
-1.950398E-11	-3.587659E-11	-3.939505E-04	
-5.976230E-12	-2.268932E-11	-1.754119E-04	
7.320193E-12	-2.193829E-11	-6.300113E-05	
7.392168E-12	-2.718220E-11	-2.737075E-05	
1.753367E-12	-1.734895E-11	-2.691396E-05	
3.354053E-12	-1.043581E-11	-5.994848E-05	
-5.027309E-12	-7.467784E-12	-1.572275E-04	
-4.837118E-11	1.128208E-11	-3.429033E-04	
-1.107584E-10	4.478096E-11	5.223836E-04	
3.830626E-11	1.635018E-11	5.223834E-04	
2.599638E-11	-2.834967E-11	-3.429033E-04	
2.299136E-12	-2.524938E-11	-1.572275E-04	
3.966450E-12	-2.687482E-11	-5.994844E-05	
5.131972E-12	-2.204246E-11	-2.691393E-05	
-3.711642E-12	-1.874090E-11	-2.643989E-05	
-3.048428E-12	-1.259541E-11	-5.697774E-05	
-1.077257E-11	-1.269190E-12	-1.399199E-04	
-2.131042E-11	2.826811E-11	-2.820501E-04	
-4.095607E-11	8.280404E-11	6.607646E-04	
1.664741E-11	1.564137E-10	5.223833E-04	
6.512208E-11	1.076537E-10	4.439746E-04	
5.812192E-11	1.263223E-10	5.223837E-04	
6.479891E-11	5.934314E-11	6.607644E-04	
4.327324E-11	-1.121034E-11	-2.820500E-04	
5.772081E-12	-2.259905E-11	-1.399198E-04	
3.141833E-12	-2.743749E-11	-5.697769E-05	
3.979324E-12	-1.940217E-11	-2.643988E-05	
-8.188863E-12	-1.928401E-11	-2.623082E-05	
-3.668358E-12	-1.368541E-11	-5.571711E-05	
-2.045465E-11	2.744869E-12	-1.328715E-04	
-7.109347E-11	2.238129E-11	-2.547726E-04	
5.882302E-11	6.715819E-13	-2.547725E-04	
2.134903E-11	-2.179311E-11	-1.328714E-04	
1.171735E-11	-2.701364E-11	-5.571705E-05	
6.240639E-12	-1.807377E-11	-2.623081E-05	
-4.847114E-12	-1.601042E-11	-2.577198E-05	
-1.901846E-11	-1.040098E-11	-5.310853E-05	
-3.744485E-11	7.356540E-12	-1.193045E-04	
-4.212232E-11	2.681312E-11	-2.072110E-04	
-3.475645E-11	3.728657E-11	-2.547724E-04	
-2.964087E-11	6.936626E-11	-2.820501E-04	
-1.938050E-11	7.851500E-11	-3.429033E-04	
1.606958E-11	9.717998E-11	-3.939505E-04	
6.098859E-11	9.332162E-11	-3.429033E-04	
7.765534E-11	5.847151E-11	-2.820501E-04	
7.619636E-11	4.972997E-11	-2.547725E-04	
6.697992E-11	4.072978E-12	-2.072110E-04	
4.643502E-11	-1.598005E-11	-1.193045E-04	
2.079292E-11	-2.483780E-11	-5.310851E-05	
3.525054E-12	-1.852208E-11	-2.577197E-05	
-4.400657E-12	-9.241901E-12	-2.419354E-05	
-1.560382E-11	-3.099327E-12	-4.523805E-05	
-2.340946E-11	1.036101E-11	-8.493208E-05	
-2.193157E-11	2.078497E-11	-1.193046E-04	
-2.067230E-11	1.740343E-12	-1.328715E-04	
-2.268515E-11	5.159704E-11	-1.399198E-04	
-2.148875E-11	5.197076E-11	-1.572275E-04	
4.535533E-12	5.719405E-11	-1.754120E-04	
3.459409E-11	3.842503E-11	-1.572275E-04	
4.315372E-11	2.895308E-11	-1.399198E-04	
4.631240E-11	2.623555E-11	-1.328714E-04	
4.283322E-11	1.211368E-11	-1.193045E-04	
3.304185E-11	-5.679061E-12	-8.493203E-05	
1.791073E-11	-1.871564E-11	-4.523803E-05	
4.235497E-12	-1.787034E-11	-2.419353E-05	
-2.541695E-12	-3.042055E-12	-2.059079E-05	
-7.763092E-12	2.826025E-12	-3.148673E-05	
-1.319857E-11	1.185575E-11	-4.523808E-05	
-1.919460E-11	1.755794E-11	-5.310857E-05	
-2.235161E-11	9.536662E-12	-5.571708E-05	
-1.866115E-11	2.412224E-11	-5.697768E-05	
-1.053621E-11	2.273684E-11	-5.994844E-05	
5.908942E-13	1.977716E-11	-6.300114E-05	
5.564305E-12	1.825551E-11	-5.994845E-05	
2.124400E-12	1.780736E-11	-5.697771E-05	
2.226589E-13	7.010991E-12	-5.571707E-05	
5.473931E-12	3.232725E-12	-5.310851E-05	
1.349462E-11	-4.044353E-12	-4.523803E-05	
1.280083E-11	-1.086447E-11	-3.148671E-05	
4.717709E-12	-1.264458E-11	-2.059077E-05	
-2.273869E-13	-1.573245E-13	-1.655469E-05	
8.251597E-13	2.434335E-12	-2.059080E-05	
4.133995E-12	7.082265E-12	-2.419358E-05	
8.163894E-12	1.199327E-11	-2.577203E-05	
1.018438E-11	-2.105584E-12	-2.623086E-05	
9.959908E-12	-1.321327E-12	-2.643985E-05	
9.409895E-12	8.375049E-13	-2.691392E-05	
9.120741E-12	3.057293E-12	-2.737075E-05	
9.824532E-12	8.583989E-12	-2.691394E-05	
1.091437E-11	1.162704E-11	-2.643988E-05	
1.138839E-11	7.680838E-12	-2.623081E-05	
1.187697E-11	-5.684402E-12	-2.577197E-05	
1.227215E-11	-3.592236E-12	-2.419353E-05	
1.027049E-11	-3.530703E-12	-2.059077E-05	
4.145580E-12	-4.322227E-12	-1.655467E-05	
-1.592948E-06	-1.592949E-06	-1.591110E-05	
-3.499152E-06	-3.720879E-06	-1.976082E-05	
-3.427693E-06	-5.732636E-06	-2.322785E-05	
-2.727492E-06	-6.633100E-06	-2.474753E-05	
-2.394921E-06	-6.842649E-06	-2.519027E-05	
-2.201240E-06	-6.935986E-06	-2.539185E-05	
-1.629183E-06	-7.235851E-06	-2.584761E-05	
-1.996367E-11	-7.387560E-06	-2.628958E-05	
1.629139E-06	-7.235854E-06	-2.584764E-05	
2.201187E-06	-6.935997E-06	-2.539188E-05	
2.394864E-06	-6.842668E-06	-2.519021E-05	
2.727445E-06	-6.633094E-06	-2.474746E-05	
3.427658E-06	-5.732635E-06	-2.322779E-05	
3.499128E-06	-3.720881E-06	-1.976078E-05	
1.592940E-06	-1.592953E-06	-1.591108E-05	
-3.720879E-06	-3.499155E-06	-1.976082E-05	
-1.130981E-05	-1.130982E-05	-2.955275E-05	
-1.548323E-05	-2.668148E-05	-4.128137E-05	
-1.494665E-05	-3.741453E-05	-4.791347E-05	
-1.403891E-05	-4.142141E-05	-5.009881E-05	
-1.319212E-05	-4.341372E-05	-5.115430E-05	
-1.035799E-05	-4.787521E-05	-5.365071E-05	
-2.228931E-11	-5.306581E-05	-5.619680E-05	
1.035794E-05	-4.787521E-05	-5.365073E-05	
1.319206E-05	-4.341371E-05	-5.115432E-05	
1.403885E-05	-4.142138E-05	-5.009880E-05	
1.494659E-05	-3.741454E-05	-4.791341E-05	
1.548319E-05	-2.668148E-05	-4.128133E-05	
1.130978E-05	-1.130982E-05	-2.955271E-05	
3.720868E-06	-3.499168E-06	-1.976080E-05	
-5.732638E-06	-3.427698E-06	-2.322785E-05	
-2.668147E-05	-1.548325E-05	-4.128137E-05	
-5.689385E-05	-5.689388E-05	-6.993594E-05	
-7.307788E-05	-1.184823E-04	-8.965701E-05	
-7.415747E-05	-1.454375E-04	-9.689676E-05	
-7.192552E-05	-1.602026E-04	-1.005437E-04	
-5.882743E-05	-1.992342E-04	-1.092241E-04	
-2.650377E-11	-2.375193E-04	-1.182816E-04	
5.882741E-05	-1.992343E-04	-1.092242E-04	
7.192555E-05	-1.602026E-04	-1.005438E-04	
7.415755E-05	-1.454376E-04	-9.689668E-05	
7.307791E-05	-1.184823E-04	-8.965694E-05	
5.689383E-05	-5.689388E-05	-6.993590E-05	
2.668144E-05	-1.548325E-05	-4.128134E-05	
5.732622E-06	-3.427719E-06	-2.322783E-05	
-6.633104E-06	-2.727496E-06	-2.474753E-05	
-3.741453E-05	-1.494668E-05	-4.791347E-05	
-1.184823E-04	-7.307794E-05	-8.965700E-05	
-2.238473E-04	-2.238474E-04	-1.103200E-04	
-2.723495E-04	-3.651073E-04	-1.102472E-04	
-2.560941E-04	-4.535214E-04	-1.086028E-04	
-1.795414E-04	-6.111312E-04	-1.092024E-04	
-4.267977E-11	-6.984322E-04	-1.189674E-04	
1.795413E-04	-6.111313E-04	-1.092024E-04	
2.560942E-04	-4.535215E-04	-1.086028E-04	
2.723496E-04	-3.651073E-04	-1.102472E-04	
2.238473E-04	-2.238474E-04	-1.103200E-04	
1.184823E-04	-7.307795E-05	-8.965693E-05	
3.741450E-05	-1.494667E-05	-4.791343E-05	
6.633084E-06	-2.727522E-06	-2.474750E-05	
-6.842641E-06	-2.394922E-06	-2.519027E-05	
-4.142139E-05	-1.403895E-05	-5.009882E-05	
-1.454375E-04	-7.415754E-05	-9.689676E-05	
-3.651071E-04	-2.723498E-04	-1.102473E-04	
-5.106626E-04	-5.106628E-04	2.702279E-05	
-4.509678E-04	-6.652375E-04	1.586291E-04	
-2.691607E-04	-9.164920E-04	1.772607E-04	
-9.066671E-11	-1.024228E-03	1.699545E-04	
2.691603E-04	-9.164921E-04	1.772607E-04	
4.509675E-04	-6.652377E-04	1.586292E-04	
5.106626E-04	-5.106627E-04	2.702222E-05	
3.651072E-04	-2.723498E-04	-1.102473E-04	
1.454375E-04	-7.415759E-05	-9.689667E-05	
4.142140E-05	-1.403893E-05	-5.009878E-05	
6.842653E-06	-2.394949E-06	-2.519024E-05	
-6.935972E-06	-2.201244E-06	-2.539184E-05	
-4.341372E-05	-1.319215E-05	-5.115429E-05	
-1.602026E-04	-7.192558E-05	-1.005437E-04	
-4.535215E-04	-2.560943E-04	-1.086029E-04	
-6.652377E-04	-4.509678E-04	1.586293E-04	
-6.101330E-04	-6.101329E-04	4.177678E-04	
-3.467886E-04	-9.984781E-04	4.609220E-04	
6.573919E-12	-1.063828E-03	4.530205E-04	
3.467886E-04	-9.984782E-04	4.609218E-04	
6.101330E-04	-6.101331E-04	4.177678E-04	
6.652377E-04	-4.509679E-04	1.586285E-04	
4.535214E-04	-2.560943E-04	-1.086028E-04	
1.602025E-04	-7.192561E-05	-1.005437E-04	
4.341373E-05	-1.319214E-05	-5.115425E-05	
6.935996E-06	-2.201268E-06	-2.539183E-05	
-7.235847E-06	-1.629192E-06	-2.584760E-05	
-4.787522E-05	-1.035801E-05	-5.365071E-05	
-1.992343E-04	-5.882747E-05	-1.092241E-04	
-6.111313E-04	-1.795414E-04	-1.092024E-04	
-9.164921E-04	-2.691605E-04	1.772610E-04	
-9.984782E-04	-3.467886E-04	4.609220E-04	
-5.681293E-04	-5.681292E-04	1.500747E-03	
3.514740E-12	-5.853315E-04	1.193663E-03	
5.681293E-04	-5.681292E-04	1.500746E-03	
9.984780E-04	-3.467886E-04	4.609220E-04	
9.164917E-04	-2.691610E-04	1.772608E-04	
6.111311E-04	-1.795415E-04	-1.092024E-04	
1.992343E-04	-5.882747E-05	-1.092241E-04	
4.787522E-05	-1.035801E-05	-5.365067E-05	
7.235856E-06	-1.629210E-06	-2.584759E-05	
-7.387558E-06	-3.172773E-11	-2.628957E-05	
-5.306582E-05	-2.334135E-11	-5.619679E-05	
-2.375193E-04	-2.163374E-11	-1.182816E-04	
-6.984323E-04	-3.242484E-11	-1.189674E-04	
-1.024228E-03	9.672697E-11	1.699547E-04	
-1.063828E-03	2.729536E-11	4.530205E-04	
-5.853316E-04	6.347905E-11	1.193663E-03	
1.537876E-11	3.520821E-11	8.619807E-04	
5.853316E-04	1.610217E-11	1.193662E-03	
1.063828E-03	6.198403E-11	4.530204E-04	
1.024228E-03	-3.911233E-10	1.699545E-04	
6.984323E-04	-7.007878E-11	-1.189673E-04	
2.375193E-04	-3.385557E-11	-1.182816E-04	
5.306581E-05	-3.616558E-11	-5.619674E-05	
7.387560E-06	-4.190415E-11	-2.628955E-05	
-7.235858E-06	1.629128E-06	-2.584762E-05	
-4.787523E-05	1.035796E-05	-5.365072E-05	
-1.992343E-04	5.882744E-05	-1.092242E-04	
-6.111314E-04	1.795414E-04	-1.092024E-04	
-9.164922E-04	2.691605E-04	1.772612E-04	
-9.984784E-04	3.467887E-04	4.609221E-04	
-5.681293E-04	5.681293E-04	1.500746E-03	
5.034162E-11	5.853316E-04	1.193663E-03	
5.681293E-04	5.681292E-04	1.500747E-03	
9.984782E-04	3.467885E-04	4.609218E-04	
9.164921E-04	2.691605E-04	1.772605E-04	
6.111313E-04	1.795414E-04	-1.092023E-04	
1.992343E-04	5.882739E-05	-1.092241E-04	
4.787522E-05	1.035793E-05	-5.365068E-05	
7.235850E-06	1.629123E-06	-2.584761E-05	
-6.935998E-06	2.201182E-06	-2.539186E-05	
-4.341373E-05	1.319209E-05	-5.115431E-05	
-1.602026E-04	7.192556E-05	-1.005437E-04	
-4.535215E-04	2.560944E-04	-1.086028E-04	
-6.652378E-04	4.509677E-04	1.586294E-04	
-6.101330E-04	6.101330E-04	4.177679E-04	
-3.467886E-04	9.984783E-04	4.609218E-04	
-1.231906E-10	1.063828E-03	4.530205E-04	
3.467885E-04	9.984782E-04	4.609222E-04	
6.101330E-04	6.101329E-04	4.177677E-04	
6.652376E-04	4.509677E-04	1.586288E-04	
4.535214E-04	2.560942E-04	-1.086027E-04	
1.602026E-04	7.192550E-05	-1.005437E-04	
4.341372E-05	1.319206E-05	-5.115427E-05	
6.935987E-06	2.201171E-06	-2.539186E-05	
-6.842671E-06	2.394863E-06	-2.519018E-05	
-4.142142E-05	1.403888E-05	-5.009879E-05	
-1.454375E-04	7.415752E-05	-9.689665E-05	
-3.651074E-04	2.723498E-04	-1.102472E-04	
-5.106631E-04	5.106628E-04	2.702268E-05	
-4.509681E-04	6.652376E-04	1.586292E-04	
-2.691604E-04	9.164921E-04	1.772609E-04	
6.946165E-10	1.024228E-03	1.699547E-04	
2.691609E-04	9.164921E-04	1.772611E-04	
4.509676E-04	6.652376E-04	1.586292E-04	
5.106627E-04	5.106626E-04	2.702265E-05	
3.651072E-04	2.723497E-04	-1.102471E-04	
1.454375E-04	7.415746E-05	-9.689659E-05	
4.142141E-05	1.403885E-05	-5.009875E-05	
6.842655E-06	2.394847E-06	-2.519018E-05	
-6.633113E-06	2.727443E-06	-2.474746E-05	
-3.741457E-05	1.494662E-05	-4.791341E-05	
-1.184824E-04	7.307792E-05	-8.965693E-05	
-2.238474E-04	2.238475E-04	-1.103199E-04	
-2.723497E-04	3.651073E-04	-1.102471E-04	
-2.560943E-04	4.535214E-04	-1.086028E-04	
-1.795415E-04	6.111313E-04	-1.092024E-04	
-2.410734E-12	6.984324E-04	-1.189673E-04	
1.795415E-04	6.111314E-04	-1.092023E-04	
2.560943E-04	4.535214E-04	-1.086028E-04	
2.723497E-04	3.651072E-04	-1.102471E-04	
2.238474E-04	2.238473E-04	-1.103198E-04	
1.184824E-04	7.307787E-05	-8.965688E-05	
3.741455E-05	1.494659E-05	-4.791337E-05	
6.633104E-06	2.727431E-06	-2.474744E-05	
-5.732646E-06	3.427658E-06	-2.322779E-05	
-2.668150E-05	1.548321E-05	-4.128132E-05	
-5.689390E-05	5.689387E-05	-6.993589E-05	
-7.307795E-05	1.184824E-04	-8.965693E-05	
-7.415755E-05	1.454375E-04	-9.689663E-05	
-7.192558E-05	1.602026E-04	-1.005436E-04	
-5.882749E-05	1.992343E-04	-1.092241E-04	
-2.194076E-11	2.375194E-04	-1.182816E-04	
5.882746E-05	1.992343E-04	-1.092241E-04	
7.192557E-05	1.602026E-04	-1.005437E-04	
7.415754E-05	1.454375E-04	-9.689660E-05	
7.307794E-05	1.184823E-04	-8.965689E-05	
5.689389E-05	5.689384E-05	-6.993585E-05	
2.668149E-05	1.548319E-05	-4.128129E-05	
5.732639E-06	3.427650E-06	-2.322778E-05	
-3.720884E-06	3.499133E-06	-1.976078E-05	
-1.130982E-05	1.130980E-05	-2.955271E-05	
-1.548325E-05	2.668148E-05	-4.128134E-05	
-1.494667E-05	3.741454E-05	-4.791343E-05	
-1.403893E-05	4.142139E-05	-5.009876E-05	
-1.319214E-05	4.341373E-05	-5.115425E-05	
-1.035801E-05	4.787525E-05	-5.365068E-05	
-1.469512E-11	5.306583E-05	-5.619675E-05	
1.035798E-05	4.787524E-05	-5.365069E-05	
1.319211E-05	4.341374E-05	-5.115428E-05	
1.403890E-05	4.142139E-05	-5.009876E-05	
1.494664E-05	3.741453E-05	-4.791339E-05	
1.548323E-05	2.668147E-05	-4.128130E-05	
1.130982E-05	1.130979E-05	-2.955268E-05	
3.720881E-06	3.499126E-06	-1.976077E-05	
-1.592949E-06	1.592943E-06	-1.591108E-05	
-3.499153E-06	3.720877E-06	-1.976080E-05	
-3.427689E-06	5.732641E-06	-2.322782E-05	
-2.727478E-06	6.633110E-06	-2.474750E-05	
-2.394900E-06	6.842633E-06	-2.519023E-05	
-2.201222E-06	6.935979E-06	-2.539183E-05	
-1.629170E-06	7.235855E-06	-2.584759E-05	
-4.842049E-12	7.387561E-06	-2.628955E-05	
1.629161E-06	7.235858E-06	-2.584761E-05	
2.201216E-06	6.935996E-06	-2.539185E-05	
2.394895E-06	6.842661E-06	-2.519017E-05	
2.727474E-06	6.633096E-06	-2.474745E-05	
3.427685E-06	5.732632E-06	-2.322778E-05	
3.499150E-06	3.720873E-06	-1.976077E-05	
1.592948E-06	1.592940E-06	-1.591106E-05	
-2.278130E-06	-2.278131E-06	-1.342657E-05	
-5.036207E-06	-5.198755E-06	-1.659034E-05	
-4.969812E-06	-8.113684E-06	-1.953019E-05	
-3.976054E-06	-9.259968E-06	-2.087642E-05	
-3.503715E-06	-9.569402E-06	-2.128021E-05	
-3.217861E-06	-9.703826E-06	-2.146681E-05	
-2.387644E-06	-9.964455E-06	-2.189382E-05	
-3.314661E-11	-1.015790E-05	-2.231639E-05	
2.387578E-06	-9.964455E-06	-2.189384E-05	
3.217797E-06	-9.703826E-06	-2.146683E-05	
3.503650E-06	-9.569418E-06	-2.128013E-05	
3.975991E-06	-9.259973E-06	-2.087636E-05	
4.969758E-06	-8.113687E-06	-1.953014E-05	
5.036173E-06	-5.198758E-06	-1.659030E-05	
2.278118E-06	-2.278135E-06	-1.342655E-05	
-5.198755E-06	-5.036209E-06	-1.659033E-05	
-1.506206E-05	-1.506206E-05	-2.295417E-05	
-1.997530E-05	-3.311911E-05	-2.863007E-05	
-1.905806E-05	-4.633421E-05	-3.114306E-05	
-1.780788E-05	-5.109352E-05	-3.187287E-05	
-1.674641E-05	-5.347571E-05	-3.220578E-05	
-1.310959E-05	-5.934387E-05	-3.296465E-05	
-3.361810E-11	-6.566797E-05	-3.368296E-05	
1.310952E-05	-5.934388E-05	-3.296467E-05	
1.674634E-05	-5.347571E-05	-3.220580E-05	
1.780781E-05	-5.109351E-05	-3.187288E-05	
1.905799E-05	-4.633421E-05	-3.114302E-05	
1.997524E-05	-3.311911E-05	-2.863004E-05	
1.506202E-05	-1.506207E-05	-2.295414E-05	
5.198741E-06	-5.036223E-06	-1.659032E-05	
-8.113688E-06	-4.969816E-06	-1.953019E-05	
-3.311911E-05	-1.997532E-05	-2.863007E-05	
-6.190628E-05	-6.190630E-05	-3.114887E-05	
-7.417106E-05	-1.089404E-04	-2.447883E-05	
-7.437186E-05	-1.299129E-04	-2.079854E-05	
-7.139791E-05	-1.412478E-04	-1.868522E-05	
-5.775101E-05	-1.684811E-04	-1.318142E-05	
-3.081130E-11	-1.962213E-04	-7.223137E-06	
5.775093E-05	-1.684811E-04	-1.318144E-05	
7.139777E-05	-1.412478E-04	-1.868525E-05	
7.437171E-05	-1.299128E-04	-2.079851E-05	
7.417095E-05	-1.089404E-04	-2.447878E-05	
6.190622E-05	-6.190629E-05	-3.114884E-05	
3.311906E-05	-1.997531E-05	-2.863005E-05	
8.113668E-06	-4.969836E-06	-1.953017E-05	
-9.259977E-06	-3.976061E-06	-2.087642E-05	
-4.633421E-05	-1.905810E-05	-3.114305E-05	
-1.089404E-04	-7.417107E-05	-2.447882E-05	
-1.521096E-04	-1.521096E-04	2.008017E-05	
-1.603779E-04	-1.879583E-04	5.228091E-05	
-1.554890E-04	-2.080413E-04	7.190368E-05	
-1.244344E-04	-2.590137E-04	1.135700E-04	
2.039312E-12	-3.078890E-04	1.435090E-04	
1.244344E-04	-2.590137E-04	1.135700E-04	
1.554889E-04	-2.080412E-04	7.190367E-05	
1.603778E-04	-1.879582E-04	5.228096E-05	
1.521096E-04	-1.521097E-04	2.008021E-05	
1.089404E-04	-7.417099E-05	-2.447879E-05	
4.633415E-05	-1.905808E-05	-3.114304E-05	
9.259956E-06	-3.976084E-06	-2.087640E-05	
-9.569397E-06	-3.503724E-06	-2.128020E-05	
-5.109350E-05	-1.780793E-05	-3.187288E-05	
-1.299128E-04	-7.437186E-05	-2.079851E-05	
-1.879582E-04	-1.603779E-04	5.228091E-05	
-1.989895E-04	-1.989895E-04	1.016881E-04	
-1.958582E-04	-2.208595E-04	1.250190E-04	
-1.573477E-04	-2.795967E-04	2.055467E-04	
1.249685E-11	-3.341312E-04	2.509346E-04	
1.573477E-04	-2.795966E-04	2.055467E-04	
1.958582E-04	-2.208593E-04	1.250190E-04	
1.989894E-04	-1.989893E-04	1.016882E-04	
1.879582E-04	-1.603781E-04	5.228092E-05	
1.299128E-04	-7.437172E-05	-2.079845E-05	
5.109348E-05	-1.780790E-05	-3.187287E-05	
9.569404E-06	-3.503747E-06	-2.128019E-05	
-9.703808E-06	-3.217871E-06	-2.146680E-05	
-5.347570E-05	-1.674645E-05	-3.220579E-05	
-1.412478E-04	-7.139791E-05	-1.868523E-05	
-2.080413E-04	-1.554890E-04	7.190363E-05	
-2.208596E-04	-1.958582E-04	1.250190E-04	
-2.170561E-04	-2.170560E-04	1.465140E-04	
-1.746466E-04	-2.656198E-04	2.667075E-04	
2.457474E-11	-3.205681E-04	3.181990E-04	
1.746466E-04	-2.656197E-04	2.667074E-04	
2.170562E-04	-2.170560E-04	1.465139E-04	
2.208597E-04	-1.958579E-04	1.250190E-04	
2.080413E-04	-1.554891E-04	7.190366E-05	
1.412478E-04	-7.139781E-05	-1.868520E-05	
5.347573E-05	-1.674642E-05	-3.220574E-05	
9.703829E-06	-3.217892E-06	-2.146679E-05	
-9.964441E-06	-2.387652E-06	-2.189382E-05	
-5.934387E-05	-1.310961E-05	-3.296466E-05	
-1.684811E-04	-5.775102E-05	-1.318143E-05	
-2.590138E-04	-1.244345E-04	1.135700E-04	
-2.795967E-04	-1.573477E-04	2.055469E-04	
-2.656198E-04	-1.746465E-04	2.667076E-04	
-2.121090E-04	-2.121090E-04	3.398701E-04	
1.135348E-12	-2.537352E-04	4.423193E-04	
2.121090E-04	-2.121090E-04	3.398700E-04	
2.656198E-04	-1.746465E-04	2.667075E-04	
2.795968E-04	-1.573476E-04	2.055470E-04	
2.590138E-04	-1.244345E-04	1.135700E-04	
1.684811E-04	-5.775098E-05	-1.318138E-05	
5.934389E-05	-1.310960E-05	-3.296460E-05	
9.964460E-06	-2.387670E-06	-2.189380E-05	
-1.015789E-05	-4.001181E-11	-2.231638E-05	
-6.566796E-05	-3.147696E-11	-3.368296E-05	
-1.962213E-04	-2.428013E-11	-7.223130E-06	
-3.078890E-04	-1.546918E-11	1.435090E-04	
-3.341312E-04	-8.025752E-11	2.509347E-04	
-3.205681E-04	-5.311852E-11	3.181991E-04	
-2.537352E-04	7.139314E-12	4.423193E-04	
2.549368E-12	1.391323E-11	5.428062E-04	
2.537352E-04	2.726406E-11	4.423192E-04	
3.205680E-04	-2.192598E-11	3.181989E-04	
3.341311E-04	-3.145397E-11	2.509347E-04	
3.078889E-04	-1.112160E-11	1.435091E-04	
1.962213E-04	-3.149278E-11	-7.223064E-06	
6.566797E-05	-4.296274E-11	-3.368291E-05	
1.015790E-05	-5.219973E-11	-2.231636E-05	
-9.964444E-06	2.387572E-06	-2.189384E-05	
-5.934387E-05	1.310954E-05	-3.296467E-05	
-1.684811E-04	5.775097E-05	-1.318144E-05	
-2.590137E-04	1.244344E-04	1.135700E-04	
-2.795967E-04	1.573476E-04	2.055470E-04	
-2.656197E-04	1.746465E-04	2.667076E-04	
-2.121090E-04	2.121090E-04	3.398700E-04	
-3.896588E-11	2.537352E-04	4.423193E-04	
2.121090E-04	2.121090E-04	3.398701E-04	
2.656197E-04	1.746465E-04	2.667074E-04	
2.795966E-04	1.573477E-04	2.055468E-04	
2.590137E-04	1.244344E-04	1.135701E-04	
1.684811E-04	5.775092E-05	-1.318137E-05	
5.934388E-05	1.310951E-05	-3.296461E-05	
9.964457E-06	2.387563E-06	-2.189382E-05	
-9.703816E-06	3.217791E-06	-2.146682E-05	
-5.347570E-05	1.674638E-05	-3.220580E-05	
-1.412478E-04	7.139784E-05	-1.868524E-05	
-2.080413E-04	1.554890E-04	7.190365E-05	
-2.208594E-04	1.958582E-04	1.250191E-04	
-2.170560E-04	2.170561E-04	1.465140E-04	
-1.746465E-04	2.656198E-04	2.667075E-04	
-3.908213E-11	3.205681E-04	3.181990E-04	
1.746465E-04	2.656197E-04	2.667076E-04	
2.170560E-04	2.170560E-04	1.465139E-04	
2.208594E-04	1.958581E-04	1.250190E-04	
2.080412E-04	1.554890E-04	7.190372E-05	
1.412477E-04	7.139776E-05	-1.868517E-05	
5.347572E-05	1.674633E-05	-3.220574E-05	
9.703826E-06	3.217782E-06	-2.146680E-05	
-9.569419E-06	3.503645E-06	-2.128011E-05	
-5.109351E-05	1.780786E-05	-3.187287E-05	
-1.299129E-04	7.437179E-05	-2.079852E-05	
-1.879583E-04	1.603778E-04	5.228091E-05	
-1.989895E-04	1.989895E-04	1.016883E-04	
-1.958582E-04	2.208595E-04	1.250191E-04	
-1.573477E-04	2.795967E-04	2.055471E-04	
2.254071E-11	3.341311E-04	2.509347E-04	
1.573477E-04	2.795967E-04	2.055470E-04	
1.958580E-04	2.208595E-04	1.250192E-04	
1.989894E-04	1.989895E-04	1.016883E-04	
1.879582E-04	1.603779E-04	5.228102E-05	
1.299128E-04	7.437169E-05	-2.079845E-05	
5.109351E-05	1.780780E-05	-3.187282E-05	
9.569419E-06	3.503635E-06	-2.128010E-05	
-9.259987E-06	3.975988E-06	-2.087636E-05	
-4.633424E-05	1.905803E-05	-3.114301E-05	
-1.089404E-04	7.417102E-05	-2.447877E-05	
-1.521096E-04	1.521096E-04	2.008026E-05	
-1.603779E-04	1.879582E-04	5.228099E-05	
-1.554890E-04	2.080413E-04	7.190371E-05	
-1.244345E-04	2.590137E-04	1.135700E-04	
-1.727392E-11	3.078890E-04	1.435091E-04	
1.244345E-04	2.590137E-04	1.135701E-04	
1.554890E-04	2.080413E-04	7.190368E-05	
1.603779E-04	1.879583E-04	5.228095E-05	
1.521096E-04	1.521096E-04	2.008025E-05	
1.089404E-04	7.417095E-05	-2.447875E-05	
4.633421E-05	1.905799E-05	-3.114300E-05	
9.259977E-06	3.975979E-06	-2.087635E-05	
-8.113696E-06	4.969760E-06	-1.953014E-05	
-3.311913E-05	1.997527E-05	-2.863003E-05	
-6.190631E-05	6.190627E-05	-3.114882E-05	
-7.417106E-05	1.089404E-04	-2.447877E-05	
-7.437184E-05	1.299128E-04	-2.079847E-05	
-7.139789E-05	1.412478E-04	-1.868517E-05	
-5.775102E-05	1.684811E-04	-1.318139E-05	
-2.376349E-11	1.962213E-04	-7.223062E-06	
5.775099E-05	1.684811E-04	-1.318137E-05	
7.139786E-05	1.412478E-04	-1.868519E-05	
7.437181E-05	1.299128E-04	-2.079844E-05	
7.417104E-05	1.089404E-04	-2.447875E-05	
6.190629E-05	6.190624E-05	-3.114880E-05	
3.311911E-05	1.997525E-05	-2.863001E-05	
8.113688E-06	4.969753E-06	-1.953013E-05	
-5.198760E-06	5.036179E-06	-1.659030E-05	
-1.506207E-05	1.506204E-05	-2.295414E-05	
-1.997532E-05	3.311910E-05	-2.863004E-05	
-1.905809E-05	4.633421E-05	-3.114303E-05	
-1.780792E-05	5.109350E-05	-3.187286E-05	
-1.674643E-05	5.347571E-05	-3.220574E-05	
-1.310960E-05	5.934389E-05	-3.296462E-05	
-1.712423E-11	6.566798E-05	-3.368292E-05	
1.310956E-05	5.934389E-05	-3.296463E-05	
1.674639E-05	5.347572E-05	-3.220576E-05	
1.780787E-05	5.109350E-05	-3.187283E-05	
1.905804E-05	4.633420E-05	-3.114300E-05	
1.997529E-05	3.311909E-05	-2.863001E-05	
1.506205E-05	1.506203E-05	-2.295412E-05	
5.198755E-06	5.036173E-06	-1.659029E-05	
-2.278131E-06	2.278122E-06	-1.342655E-05	
-5.036207E-06	5.198751E-06	-1.659031E-05	
-4.969805E-06	8.113688E-06	-1.953016E-05	
-3.976043E-06	9.259981E-06	-2.087640E-05	
-3.503702E-06	9.569398E-06	-2.128017E-05	
-3.217848E-06	9.703817E-06	-2.146679E-05	
-2.387627E-06	9.964451E-06	-2.189380E-05	
-9.575192E-12	1.015790E-05	-2.231636E-05	
2.387608E-06	9.964455E-06	-2.189382E-05	
3.217830E-06	9.703827E-06	-2.146681E-05	
3.503685E-06	9.569416E-06	-2.128010E-05	
3.976025E-06	9.259969E-06	-2.087636E-05	
4.969789E-06	8.113681E-06	-1.953013E-05	
5.036197E-06	5.198747E-06	-1.659029E-05	
2.278128E-06	2.278120E-06	-1.342654E-05	
-3.186057E-06	-3.186057E-06	-5.792831E-06	
-7.126308E-06	-6.904104E-06	-7.124927E-06	
-7.191113E-06	-1.094529E-05	-8.399139E-06	
-5.882241E-06	-1.298285E-05	-9.014926E-06	
-5.227543E-06	-1.361239E-05	-9.205400E-06	
-4.820350E-06	-1.390694E-05	-9.294890E-06	
-3.613086E-06	-1.458817E-05	-9.503179E-06	
-4.955467E-11	-1.526671E-05	-9.712201E-06	
3.612984E-06	-1.458816E-05	-9.503191E-06	
4.820241E-06	-1.390694E-05	-9.294905E-06	
5.227433E-06	-1.361241E-05	-9.205344E-06	
5.882141E-06	-1.298286E-05	-9.014895E-06	
7.191036E-06	-1.094530E-05	-8.399116E-06	
7.126262E-06	-6.904109E-06	-7.124913E-06	
3.186042E-06	-3.186062E-06	-5.792822E-06	
-6.904104E-06	-7.126308E-06	-7.124926E-06	
-1.787257E-05	-1.787257E-05	-9.144811E-06	
-2.124088E-05	-3.214290E-05	-9.967754E-06	
-1.904917E-05	-4.064518E-05	-9.783895E-06	
-1.745689E-05	-4.351544E-05	-9.632614E-06	
-1.628277E-05	-4.491435E-05	-9.540339E-06	
-1.250822E-05	-4.822062E-05	-9.288176E-06	
-3.789724E-11	-5.160318E-05	-8.986761E-06	
1.250814E-05	-4.822061E-05	-9.288179E-06	
1.628269E-05	-4.491435E-05	-9.540349E-06	
1.745682E-05	-4.351551E-05	-9.632638E-06	
1.904910E-05	-4.064520E-05	-9.783882E-06	
2.124082E-05	-3.214292E-05	-9.967739E-06	
1.787252E-05	-1.787258E-05	-9.144800E-06	
6.904089E-06	-7.126324E-06	-7.124919E-06	
-1.094530E-05	-7.191109E-06	-8.399135E-06	
-3.214290E-05	-2.124089E-05	-9.967751E-06	
-4.321276E-05	-4.321277E-05	-3.678991E-06	
-4.162155E-05	-5.768623E-05	5.525886E-06	
-3.903221E-05	-6.273470E-05	9.662458E-06	
-3.672592E-05	-6.522943E-05	1.189854E-05	
-2.873901E-05	-7.124108E-05	1.742896E-05	
-3.293760E-11	-7.754592E-05	2.335249E-05	
2.873894E-05	-7.124108E-05	1.742896E-05	
3.672585E-05	-6.522943E-05	1.189856E-05	
3.903214E-05	-6.273478E-05	9.662422E-06	
4.162148E-05	-5.768625E-05	5.525878E-06	
4.321269E-05	-4.321279E-05	-3.678985E-06	
3.214285E-05	-2.124091E-05	-9.967747E-06	
1.094528E-05	-7.191134E-06	-8.399129E-06	
-1.298285E-05	-5.882233E-06	-9.014919E-06	
-4.064518E-05	-1.904917E-05	-9.783885E-06	
-5.768622E-05	-4.162157E-05	5.525881E-06	
-5.707060E-05	-5.707062E-05	2.679464E-05	
-5.385847E-05	-6.255312E-05	3.514185E-05	
-5.083363E-05	-6.525016E-05	3.948143E-05	
-4.019592E-05	-7.166049E-05	5.132075E-05	
-3.451532E-11	-7.864577E-05	6.550112E-05	
4.019585E-05	-7.166049E-05	5.132073E-05	
5.083357E-05	-6.525015E-05	3.948142E-05	
5.385840E-05	-6.255313E-05	3.514187E-05	
5.707054E-05	-5.707065E-05	2.679463E-05	
5.768615E-05	-4.162159E-05	5.525866E-06	
4.064513E-05	-1.904921E-05	-9.783896E-06	
1.298284E-05	-5.882263E-06	-9.014915E-06	
-1.361239E-05	-5.227533E-06	-9.205391E-06	
-4.351545E-05	-1.745690E-05	-9.632623E-06	
-6.273472E-05	-3.903224E-05	9.662490E-06	
-6.255311E-05	-5.385848E-05	3.514191E-05	
-5.919367E-05	-5.919372E-05	4.486198E-05	
-5.577292E-05	-6.180542E-05	5.112027E-05	
-4.419429E-05	-6.782744E-05	6.269717E-05	
-3.554203E-11	-7.457606E-05	8.037368E-05	
4.419425E-05	-6.782744E-05	6.269715E-05	
5.577290E-05	-6.180541E-05	5.112026E-05	
5.919360E-05	-5.919366E-05	4.486199E-05	
6.255303E-05	-5.385851E-05	3.514192E-05	
6.273466E-05	-3.903226E-05	9.662462E-06	
4.351543E-05	-1.745695E-05	-9.632638E-06	
1.361239E-05	-5.227564E-06	-9.205388E-06	
-1.390694E-05	-4.820341E-06	-9.294893E-06	
-4.491434E-05	-1.628277E-05	-9.540355E-06	
-6.522944E-05	-3.672595E-05	1.189855E-05	
-6.525018E-05	-5.083364E-05	3.948145E-05	
-6.180544E-05	-5.577297E-05	5.112026E-05	
-5.826966E-05	-5.826967E-05	5.912843E-05	
-4.621966E-05	-6.449178E-05	6.697722E-05	
-9.523110E-12	-7.083682E-05	8.716573E-05	
4.621963E-05	-6.449179E-05	6.697721E-05	
5.826963E-05	-5.826966E-05	5.912837E-05	
6.180542E-05	-5.577296E-05	5.112028E-05	
6.525016E-05	-5.083367E-05	3.948147E-05	
6.522943E-05	-3.672596E-05	1.189860E-05	
4.491435E-05	-1.628282E-05	-9.540319E-06	
1.390694E-05	-4.820371E-06	-9.294886E-06	
-1.458816E-05	-3.613080E-06	-9.503182E-06	
-4.822061E-05	-1.250822E-05	-9.288183E-06	
-7.124109E-05	-2.873903E-05	1.742896E-05	
-7.166050E-05	-4.019593E-05	5.132075E-05	
-6.782744E-05	-4.419432E-05	6.269717E-05	
-6.449180E-05	-4.621966E-05	6.697730E-05	
-5.138658E-05	-5.138655E-05	9.041269E-05	
-3.646185E-12	-5.668193E-05	1.102162E-04	
5.138656E-05	-5.138655E-05	9.041265E-05	
6.449176E-05	-4.621968E-05	6.697722E-05	
6.782741E-05	-4.419429E-05	6.269721E-05	
7.166047E-05	-4.019595E-05	5.132079E-05	
7.124108E-05	-2.873904E-05	1.742900E-05	
4.822061E-05	-1.250826E-05	-9.288149E-06	
1.458816E-05	-3.613107E-06	-9.503171E-06	
-1.526670E-05	-4.935657E-11	-9.712199E-06	
-5.160317E-05	-3.849178E-11	-8.986761E-06	
-7.754593E-05	-2.636608E-11	2.335249E-05	
-7.864581E-05	-1.960595E-11	6.550112E-05	
-7.457611E-05	-3.986363E-11	8.037367E-05	
-7.083686E-05	-1.215582E-11	8.716575E-05	
-5.668195E-05	2.801400E-12	1.102162E-04	
-8.224357E-12	1.072377E-11	1.379091E-04	
5.668193E-05	1.486923E-11	1.102162E-04	
7.083683E-05	-2.953031E-11	8.716573E-05	
7.457607E-05	-1.728707E-11	8.037370E-05	
7.864578E-05	-2.838002E-11	6.550113E-05	
7.754591E-05	-3.673275E-11	2.335252E-05	
5.160317E-05	-5.241663E-11	-8.986735E-06	
1.526670E-05	-6.381235E-11	-9.712188E-06	
-1.458816E-05	3.612979E-06	-9.503189E-06	
-4.822060E-05	1.250815E-05	-9.288183E-06	
-7.124108E-05	2.873898E-05	1.742896E-05	
-7.166049E-05	4.019589E-05	5.132074E-05	
-6.782743E-05	4.419429E-05	6.269717E-05	
-6.449179E-05	4.621964E-05	6.697725E-05	
-5.138658E-05	5.138655E-05	9.041267E-05	
-1.382515E-11	5.668195E-05	1.102162E-04	
5.138655E-05	5.138658E-05	9.041270E-05	
6.449176E-05	4.621965E-05	6.697729E-05	
6.782740E-05	4.419426E-05	6.269720E-05	
7.166045E-05	4.019589E-05	5.132076E-05	
7.124106E-05	2.873897E-05	1.742899E-05	
4.822060E-05	1.250815E-05	-9.288152E-06	
1.458816E-05	3.612977E-06	-9.503177E-06	
-1.390693E-05	4.820236E-06	-9.294900E-06	
-4.491432E-05	1.628269E-05	-9.540356E-06	
-6.522942E-05	3.672590E-05	1.189855E-05	
-6.525017E-05	5.083359E-05	3.948143E-05	
-6.180543E-05	5.577293E-05	5.112027E-05	
-5.826966E-05	5.826966E-05	5.912845E-05	
-4.621965E-05	6.449178E-05	6.697726E-05	
-1.561564E-11	7.083686E-05	8.716575E-05	
4.621963E-05	6.449181E-05	6.697727E-05	
5.826965E-05	5.826968E-05	5.912842E-05	
6.180541E-05	5.577297E-05	5.112026E-05	
6.525014E-05	5.083362E-05	3.948145E-05	
6.522940E-05	3.672589E-05	1.189860E-05	
4.491433E-05	1.628271E-05	-9.540318E-06	
1.390693E-05	4.820238E-06	-9.294889E-06	
-1.361241E-05	5.227428E-06	-9.205336E-06	
-4.351549E-05	1.745682E-05	-9.632640E-06	
-6.273475E-05	3.903220E-05	9.662379E-06	
-6.255311E-05	5.385843E-05	3.514183E-05	
-5.919366E-05	5.919364E-05	4.486191E-05	
-5.577294E-05	6.180543E-05	5.112025E-05	
-4.419427E-05	6.782743E-05	6.269721E-05	
-8.309839E-12	7.457611E-05	8.037372E-05	
4.419425E-05	6.782745E-05	6.269718E-05	
5.577293E-05	6.180545E-05	5.112024E-05	
5.919365E-05	5.919369E-05	4.486193E-05	
6.255309E-05	5.385846E-05	3.514186E-05	
6.273474E-05	3.903218E-05	9.662424E-06	
4.351549E-05	1.745684E-05	-9.632602E-06	
1.361240E-05	5.227430E-06	-9.205326E-06	
-1.298287E-05	5.882137E-06	-9.014894E-06	
-4.064522E-05	1.904910E-05	-9.783866E-06	
-5.768626E-05	4.162153E-05	5.525895E-06	
-5.707065E-05	5.707057E-05	2.679464E-05	
-5.385852E-05	6.255309E-05	3.514191E-05	
-5.083368E-05	6.525017E-05	3.948147E-05	
-4.019595E-05	7.166048E-05	5.132077E-05	
-2.378643E-11	7.864581E-05	6.550114E-05	
4.019591E-05	7.166050E-05	5.132077E-05	
5.083365E-05	6.525018E-05	3.948146E-05	
5.385850E-05	6.255311E-05	3.514186E-05	
5.707063E-05	5.707060E-05	2.679463E-05	
5.768624E-05	4.162152E-05	5.525886E-06	
4.064520E-05	1.904911E-05	-9.783876E-06	
1.298287E-05	5.882139E-06	-9.014893E-06	
-1.094531E-05	7.191036E-06	-8.399114E-06	
-3.214293E-05	2.124083E-05	-9.967732E-06	
-4.321280E-05	4.321273E-05	-3.678974E-06	
-4.162159E-05	5.768620E-05	5.525893E-06	
-3.903225E-05	6.273471E-05	9.662455E-06	
-3.672596E-05	6.522943E-05	1.189858E-05	
-2.873904E-05	7.124109E-05	1.742898E-05	
-2.380099E-11	7.754594E-05	2.335252E-05	
2.873900E-05	7.124109E-05	1.742899E-05	
3.672592E-05	6.522943E-05	1.189858E-05	
3.903222E-05	6.273473E-05	9.662450E-06	
4.162155E-05	5.768621E-05	5.525896E-06	
4.321276E-05	4.321273E-05	-3.678970E-06	
3.214291E-05	2.124084E-05	-9.967731E-06	
1.094530E-05	7.191036E-06	-8.399112E-06	
-6.904110E-06	7.126267E-06	-7.124912E-06	
-1.787258E-05	1.787254E-05	-9.144796E-06	
-2.124090E-05	3.214289E-05	-9.967739E-06	
-1.904919E-05	4.064518E-05	-9.783880E-06	
-1.745692E-05	4.351544E-05	-9.632635E-06	
-1.628280E-05	4.491433E-05	-9.540330E-06	
-1.250823E-05	4.822061E-05	-9.288158E-06	
-2.560848E-11	5.160318E-05	-8.986742E-06	
1.250818E-05	4.822061E-05	-9.288163E-06	
1.628274E-05	4.491434E-05	-9.540333E-06	
1.745686E-05	4.351548E-05	-9.632596E-06	
1.904914E-05	4.064517E-05	-9.783867E-06	
2.124086E-05	3.214288E-05	-9.967728E-06	
1.787256E-05	1.787254E-05	-9.144789E-06	
6.904104E-06	7.126265E-06	-7.124907E-06	
-3.186058E-06	3.186045E-06	-5.792821E-06	
-7.126307E-06	6.904097E-06	-7.124917E-06	
-7.191101E-06	1.094530E-05	-8.399127E-06	
-5.882217E-06	1.298286E-05	-9.014910E-06	
-5.227513E-06	1.361238E-05	-9.205375E-06	
-4.820321E-06	1.390693E-05	-9.294884E-06	
-3.613059E-06	1.458816E-05	-9.503172E-06	
-1.886551E-11	1.526670E-05	-9.712190E-06	
3.613020E-06	1.458816E-05	-9.503180E-06	
4.820280E-06	1.390693E-05	-9.294894E-06	
5.227473E-06	1.361240E-05	-9.205331E-06	
5.882180E-06	1.298285E-05	-9.014892E-06	
7.191071E-06	1.094529E-05	-8.399111E-06	
7.126289E-06	6.904095E-06	-7.124907E-06	
3.186052E-06	3.186044E-06	-5.792815E-06	
