flux
3
1575
-4.550959E-11	3.475674E-11	1.694573E-04	
-6.863671E-11	1.536120E-10	6.881783E-05	
-1.021544E-10	1.376966E-10	-1.219967E-06	
-1.550793E-10	-8.143606E-11	6.881722E-05	
-4.866088E-11	-8.036573E-11	1.694564E-04	
-7.963675E-11	-2.788872E-11	1.694567E-04	
1.650483E-11	-5.096292E-12	6.881730E-05	
9.428437E-11	7.795867E-12	-1.220354E-06	
1.705503E-11	-1.004460E-10	6.881702E-05	
-1.049595E-10	-2.429991E-11	1.694568E-04	
-1.325776E-10	-4.138173E-11	1.694570E-04	
-7.433946E-11	-2.125776E-11	6.881723E-05	
-8.502655E-11	-2.732935E-11	-1.220380E-06	
-9.142740E-11	-9.754170E-11	6.881738E-05	
-3.907571E-11	-3.696467E-11	1.694571E-04	
1.996352E-12	-7.046414E-11	1.694566E-04	
-8.586643E-11	-4.169022E-11	6.881722E-05	
1.188624E-10	-1.609048E-11	-1.220272E-06	
6.548675E-11	-2.403471E-11	6.881700E-05	
-8.399726E-11	2.705880E-11	1.694567E-04	
-7.409957E-11	-7.646839E-11	-5.961100E-05	
-1.861403E-10	5.810360E-11	-5.961096E-05	
1.153444E-10	-2.238966E-11	-5.961013E-05	
-1.688997E-11	1.109955E-10	-5.961022E-05	
-1.521720E-10	-5.892839E-11	2.502537E-03	
-1.503744E-10	-2.544589E-11	1.723105E-03	
-8.652768E-11	-4.843447E-12	2.502537E-03	
-9.664244E-11	3.922335E-12	1.723105E-03	
-1.163579E-10	-2.301585E-11	9.142958E-04	
-1.162541E-10	-5.916391E-11	1.723105E-03	
-7.685514E-11	1.109533E-11	2.502537E-03	
-1.155796E-10	6.498456E-12	1.723105E-03	
-1.767160E-10	-7.781882E-11	2.502537E-03	
3.186108E-06	3.186110E-06	-5.792926E-06	
7.126406E-06	6.904235E-06	-7.125041E-06	
7.191172E-06	1.094552E-05	-8.399263E-06	
5.882236E-06	1.298313E-05	-9.015048E-06	
5.227508E-06	1.361264E-05	-9.205525E-06	
4.820315E-06	1.390716E-05	-9.295098E-06	
3.613054E-06	1.458840E-05	-9.503389E-06	
-1.390570E-11	1.526698E-05	-9.712397E-06	
-3.613091E-06	1.458842E-05	-9.503373E-06	
-4.820366E-06	1.390719E-05	-9.295086E-06	
-5.227563E-06	1.361265E-05	-9.205540E-06	
-5.882283E-06	1.298312E-05	-9.015079E-06	
-7.191200E-06	1.094551E-05	-8.399283E-06	
-7.126419E-06	6.904238E-06	-7.125051E-06	
-3.186111E-06	3.186112E-06	-5.792930E-06	
6.904231E-06	7.126418E-06	-7.125046E-06	
1.787290E-05	1.787290E-05	-9.144974E-06	
2.124128E-05	3.214354E-05	-9.967948E-06	
1.904953E-05	4.064601E-05	-9.784094E-06	
1.745723E-05	4.351630E-05	-9.632849E-06	
1.628308E-05	4.491516E-05	-9.540561E-06	
1.250845E-05	4.822152E-05	-9.288399E-06	
-9.363028E-12	5.160419E-05	-8.986971E-06	
-1.250846E-05	4.822154E-05	-9.288387E-06	
-1.628309E-05	4.491520E-05	-9.540562E-06	
-1.745724E-05	4.351631E-05	-9.632867E-06	
-1.904954E-05	4.064602E-05	-9.784117E-06	
-2.124128E-05	3.214355E-05	-9.967964E-06	
-1.787290E-05	1.787292E-05	-9.144983E-06	
-6.904235E-06	7.126424E-06	-7.125052E-06	
1.094551E-05	7.191199E-06	-8.399276E-06	
3.214353E-05	2.124128E-05	-9.967953E-06	
4.321364E-05	4.321363E-05	-3.679172E-06	
4.162245E-05	5.768743E-05	5.525771E-06	
3.903309E-05	6.273606E-05	9.662391E-06	
3.672674E-05	6.523080E-05	1.189861E-05	
2.873965E-05	7.124263E-05	1.742908E-05	
-3.003139E-12	7.754765E-05	2.335273E-05	
-2.873965E-05	7.124262E-05	1.742910E-05	
-3.672673E-05	6.523081E-05	1.189862E-05	
-3.903307E-05	6.273606E-05	9.662392E-06	
-4.162244E-05	5.768746E-05	5.525765E-06	
-4.321364E-05	4.321367E-05	-3.679185E-06	
-3.214354E-05	2.124131E-05	-9.967965E-06	
-1.094552E-05	7.191207E-06	-8.399284E-06	
1.298312E-05	5.882280E-06	-9.015069E-06	
4.064599E-05	1.904953E-05	-9.784105E-06	
5.768744E-05	4.162243E-05	5.525770E-06	
5.707192E-05	5.707190E-05	2.679483E-05	
5.385975E-05	6.255459E-05	3.514224E-05	
5.083485E-05	6.525172E-05	3.948194E-05	
4.019689E-05	7.166225E-05	5.132157E-05	
-2.206924E-12	7.864776E-05	6.550236E-05	
-4.019689E-05	7.166220E-05	5.132160E-05	
-5.083483E-05	6.525168E-05	3.948196E-05	
-5.385972E-05	6.255458E-05	3.514226E-05	
-5.707189E-05	5.707195E-05	2.679483E-05	
-5.768744E-05	4.162249E-05	5.525759E-06	
-4.064601E-05	1.904957E-05	-9.784120E-06	
-1.298313E-05	5.882289E-06	-9.015079E-06	
1.361266E-05	5.227559E-06	-9.205524E-06	
4.351634E-05	1.745723E-05	-9.632842E-06	
6.273607E-05	3.903306E-05	9.662433E-06	
6.255455E-05	5.385975E-05	3.514229E-05	
5.919509E-05	5.919514E-05	4.486259E-05	
5.577429E-05	6.180699E-05	5.112113E-05	
4.419538E-05	6.782918E-05	6.269856E-05	
4.495625E-11	7.457805E-05	8.037556E-05	
-4.419533E-05	6.782912E-05	6.269853E-05	
-5.577430E-05	6.180692E-05	5.112117E-05	
-5.919511E-05	5.919514E-05	4.486251E-05	
-6.255455E-05	5.385980E-05	3.514229E-05	
-6.273606E-05	3.903314E-05	9.662441E-06	
-4.351632E-05	1.745727E-05	-9.632827E-06	
-1.361264E-05	5.227568E-06	-9.205511E-06	
1.390718E-05	4.820362E-06	-9.295084E-06	
4.491521E-05	1.628308E-05	-9.540558E-06	
6.523080E-05	3.672672E-05	1.189864E-05	
6.525165E-05	5.083484E-05	3.948202E-05	
6.180690E-05	5.577434E-05	5.112112E-05	
5.827107E-05	5.827116E-05	5.912955E-05	
4.622079E-05	6.449345E-05	6.697898E-05	
1.598751E-11	7.083869E-05	8.716801E-05	
-4.622079E-05	6.449340E-05	6.697899E-05	
-5.827110E-05	5.827109E-05	5.912949E-05	
-6.180693E-05	5.577437E-05	5.112113E-05	
-6.525169E-05	5.083490E-05	3.948200E-05	
-6.523080E-05	3.672679E-05	1.189864E-05	
-4.491516E-05	1.628312E-05	-9.540534E-06	
-1.390716E-05	4.820372E-06	-9.295067E-06	
1.458841E-05	3.613089E-06	-9.503369E-06	
4.822152E-05	1.250845E-05	-9.288387E-06	
7.124260E-05	2.873964E-05	1.742912E-05	
7.166218E-05	4.019690E-05	5.132159E-05	
6.782910E-05	4.419541E-05	6.269852E-05	
6.449339E-05	4.622082E-05	6.697898E-05	
5.138787E-05	5.138789E-05	9.041488E-05	
1.554144E-11	5.668341E-05	1.102190E-04	
-5.138785E-05	5.138787E-05	9.041490E-05	
-6.449341E-05	4.622082E-05	6.697894E-05	
-6.782914E-05	4.419544E-05	6.269851E-05	
-7.166221E-05	4.019694E-05	5.132163E-05	
-7.124260E-05	2.873969E-05	1.742913E-05	
-4.822152E-05	1.250848E-05	-9.288363E-06	
-1.458841E-05	3.613098E-06	-9.503355E-06	
1.526697E-05	1.068536E-11	-9.712383E-06	
5.160417E-05	-2.327410E-12	-8.986971E-06	
7.754762E-05	-7.912063E-12	2.335274E-05	
7.864773E-05	1.991390E-12	6.550236E-05	
7.457802E-05	2.168374E-11	8.037556E-05	
7.083867E-05	-1.091583E-11	8.716798E-05	
5.668339E-05	2.518890E-11	1.102190E-04	
1.188453E-11	1.314795E-11	1.379126E-04	
-5.668336E-05	1.723809E-11	1.102190E-04	
-7.083864E-05	2.226350E-11	8.716798E-05	
-7.457798E-05	6.274460E-12	8.037558E-05	
-7.864771E-05	2.062229E-11	6.550242E-05	
-7.754761E-05	1.353845E-11	2.335275E-05	
-5.160415E-05	1.528489E-11	-8.986953E-06	
-1.526696E-05	1.595569E-11	-9.712378E-06	
1.458841E-05	-3.613068E-06	-9.503366E-06	
4.822152E-05	-1.250845E-05	-9.288392E-06	
7.124260E-05	-2.873966E-05	1.742911E-05	
7.166218E-05	-4.019689E-05	5.132160E-05	
6.782909E-05	-4.419538E-05	6.269853E-05	
6.449338E-05	-4.622081E-05	6.697891E-05	
5.138787E-05	-5.138786E-05	9.041487E-05	
2.708902E-11	-5.668338E-05	1.102190E-04	
-5.138784E-05	-5.138784E-05	9.041487E-05	
-6.449339E-05	-4.622079E-05	6.697897E-05	
-6.782911E-05	-4.419538E-05	6.269852E-05	
-7.166219E-05	-4.019689E-05	5.132165E-05	
-7.124259E-05	-2.873966E-05	1.742911E-05	
-4.822151E-05	-1.250845E-05	-9.288379E-06	
-1.458840E-05	-3.613062E-06	-9.503368E-06	
1.390716E-05	-4.820340E-06	-9.295076E-06	
4.491517E-05	-1.628308E-05	-9.540564E-06	
6.523080E-05	-3.672675E-05	1.189862E-05	
6.525170E-05	-5.083484E-05	3.948202E-05	
6.180695E-05	-5.577431E-05	5.112113E-05	
5.827112E-05	-5.827113E-05	5.912952E-05	
4.622083E-05	-6.449343E-05	6.697899E-05	
3.602894E-11	-7.083865E-05	8.716800E-05	
-4.622078E-05	-6.449337E-05	6.697896E-05	
-5.827109E-05	-5.827108E-05	5.912951E-05	
-6.180692E-05	-5.577430E-05	5.112114E-05	
-6.525167E-05	-5.083486E-05	3.948201E-05	
-6.523078E-05	-3.672675E-05	1.189864E-05	
-4.491516E-05	-1.628308E-05	-9.540549E-06	
-1.390716E-05	-4.820332E-06	-9.295083E-06	
1.361264E-05	-5.227535E-06	-9.205537E-06	
4.351632E-05	-1.745723E-05	-9.632881E-06	
6.273607E-05	-3.903309E-05	9.662433E-06	
6.255456E-05	-5.385974E-05	3.514224E-05	
5.919510E-05	-5.919508E-05	4.486257E-05	
5.577431E-05	-6.180696E-05	5.112102E-05	
4.419539E-05	-6.782916E-05	6.269845E-05	
2.583838E-11	-7.457800E-05	8.037550E-05	
-4.419534E-05	-6.782909E-05	6.269848E-05	
-5.577425E-05	-6.180691E-05	5.112109E-05	
-5.919502E-05	-5.919512E-05	4.486255E-05	
-6.255451E-05	-5.385976E-05	3.514231E-05	
-6.273605E-05	-3.903310E-05	9.662434E-06	
-4.351631E-05	-1.745723E-05	-9.632834E-06	
-1.361265E-05	-5.227527E-06	-9.205523E-06	
1.298313E-05	-5.882259E-06	-9.015066E-06	
4.064602E-05	-1.904953E-05	-9.784112E-06	
5.768745E-05	-4.162245E-05	5.525766E-06	
5.707193E-05	-5.707190E-05	2.679480E-05	
5.385978E-05	-6.255457E-05	3.514229E-05	
5.083488E-05	-6.525171E-05	3.948197E-05	
4.019692E-05	-7.166222E-05	5.132160E-05	
1.556478E-11	-7.864772E-05	6.550237E-05	
-4.019687E-05	-7.166217E-05	5.132159E-05	
-5.083480E-05	-6.525167E-05	3.948196E-05	
-5.385970E-05	-6.255456E-05	3.514223E-05	
-5.707187E-05	-5.707191E-05	2.679485E-05	
-5.768742E-05	-4.162246E-05	5.525782E-06	
-4.064600E-05	-1.904953E-05	-9.784092E-06	
-1.298312E-05	-5.882252E-06	-9.015053E-06	
1.094551E-05	-7.191185E-06	-8.399272E-06	
3.214355E-05	-2.124128E-05	-9.967955E-06	
4.321366E-05	-4.321364E-05	-3.679181E-06	
4.162248E-05	-5.768744E-05	5.525753E-06	
3.903313E-05	-6.273606E-05	9.662437E-06	
3.672678E-05	-6.523080E-05	1.189863E-05	
2.873968E-05	-7.124260E-05	1.742911E-05	
1.933886E-11	-7.754762E-05	2.335274E-05	
-2.873963E-05	-7.124259E-05	1.742910E-05	
-3.672671E-05	-6.523079E-05	1.189861E-05	
-3.903305E-05	-6.273606E-05	9.662386E-06	
-4.162242E-05	-5.768744E-05	5.525796E-06	
-4.321362E-05	-4.321365E-05	-3.679160E-06	
-3.214353E-05	-2.124128E-05	-9.967945E-06	
-1.094551E-05	-7.191182E-06	-8.399266E-06	
6.904235E-06	-7.126412E-06	-7.125045E-06	
1.787291E-05	-1.787291E-05	-9.144979E-06	
2.124130E-05	-3.214354E-05	-9.967961E-06	
1.904955E-05	-4.064602E-05	-9.784113E-06	
1.745726E-05	-4.351631E-05	-9.632836E-06	
1.628311E-05	-4.491516E-05	-9.540539E-06	
1.250847E-05	-4.822151E-05	-9.288382E-06	
2.647883E-11	-5.160417E-05	-8.986969E-06	
-1.250841E-05	-4.822153E-05	-9.288399E-06	
-1.628304E-05	-4.491518E-05	-9.540565E-06	
-1.745719E-05	-4.351631E-05	-9.632833E-06	
-1.904950E-05	-4.064600E-05	-9.784083E-06	
-2.124126E-05	-3.214353E-05	-9.967943E-06	
-1.787289E-05	-1.787290E-05	-9.144972E-06	
-6.904232E-06	-7.126411E-06	-7.125042E-06	
3.186112E-06	-3.186109E-06	-5.792929E-06	
7.126420E-06	-6.904237E-06	-7.125049E-06	
7.191197E-06	-1.094552E-05	-8.399279E-06	
5.882273E-06	-1.298313E-05	-9.015070E-06	
5.227550E-06	-1.361265E-05	-9.205521E-06	
4.820355E-06	-1.390716E-05	-9.295086E-06	
3.613086E-06	-1.458841E-05	-9.503373E-06	
7.777595E-12	-1.526697E-05	-9.712388E-06	
-3.613071E-06	-1.458842E-05	-9.503380E-06	
-4.820341E-06	-1.390717E-05	-9.295086E-06	
-5.227537E-06	-1.361263E-05	-9.205521E-06	
-5.882259E-06	-1.298311E-05	-9.015057E-06	
-7.191184E-06	-1.094551E-05	-8.399269E-06	
-7.126410E-06	-6.904233E-06	-7.125043E-06	
-3.186108E-06	-3.186109E-06	-5.792925E-06	
2.278167E-06	2.278167E-06	-1.342680E-05	
5.036281E-06	5.198851E-06	-1.659060E-05	
4.969868E-06	8.113842E-06	-1.953049E-05	
3.976085E-06	9.260170E-06	-2.087673E-05	
3.503737E-06	9.569575E-06	-2.128055E-05	
3.217880E-06	9.703978E-06	-2.146727E-05	
2.387650E-06	9.964607E-06	-2.189429E-05	
6.416627E-12	1.015809E-05	-2.231684E-05	
-2.387638E-06	9.964632E-06	-2.189426E-05	
-3.217869E-06	9.703996E-06	-2.146725E-05	
-3.503726E-06	9.569587E-06	-2.128056E-05	
-3.976080E-06	9.260170E-06	-2.087678E-05	
-4.969870E-06	8.113841E-06	-1.953052E-05	
-5.036284E-06	5.198854E-06	-1.659062E-05	
-2.278168E-06	2.278168E-06	-1.342680E-05	
5.198848E-06	5.036284E-06	-1.659061E-05	
1.506232E-05	1.506232E-05	-2.295457E-05	
1.997565E-05	3.311967E-05	-2.863059E-05	
1.905841E-05	4.633497E-05	-3.114363E-05	
1.780823E-05	5.109432E-05	-3.187350E-05	
1.674673E-05	5.347660E-05	-3.220642E-05	
1.310982E-05	5.934486E-05	-3.296531E-05	
1.845039E-11	6.566909E-05	-3.368363E-05	
-1.310978E-05	5.934490E-05	-3.296530E-05	
-1.674668E-05	5.347664E-05	-3.220643E-05	
-1.780818E-05	5.109435E-05	-3.187350E-05	
-1.905837E-05	4.633500E-05	-3.114367E-05	
-1.997563E-05	3.311968E-05	-2.863062E-05	
-1.506232E-05	1.506233E-05	-2.295459E-05	
-5.198850E-06	5.036287E-06	-1.659062E-05	
8.113841E-06	4.969874E-06	-1.953051E-05	
3.311967E-05	1.997564E-05	-2.863060E-05	
6.190727E-05	6.190725E-05	-3.114955E-05	
7.417217E-05	1.089421E-04	-2.447954E-05	
7.437293E-05	1.299148E-04	-2.079923E-05	
7.139900E-05	1.412499E-04	-1.868591E-05	
5.775205E-05	1.684839E-04	-1.318208E-05	
1.030901E-11	1.962248E-04	-7.223676E-06	
-5.775202E-05	1.684839E-04	-1.318206E-05	
-7.139896E-05	1.412500E-04	-1.868589E-05	
-7.437289E-05	1.299149E-04	-2.079922E-05	
-7.417214E-05	1.089422E-04	-2.447955E-05	
-6.190726E-05	6.190730E-05	-3.114958E-05	
-3.311967E-05	1.997565E-05	-2.863062E-05	
-8.113845E-06	4.969876E-06	-1.953053E-05	
9.260167E-06	3.976088E-06	-2.087677E-05	
4.633496E-05	1.905840E-05	-3.114365E-05	
1.089421E-04	7.417211E-05	-2.447953E-05	
1.521122E-04	1.521121E-04	2.007959E-05	
1.603807E-04	1.879614E-04	5.228039E-05	
1.554919E-04	2.080448E-04	7.190320E-05	
1.244373E-04	2.590185E-04	1.135699E-04	
3.438276E-12	3.078960E-04	1.435096E-04	
-1.244373E-04	2.590186E-04	1.135699E-04	
-1.554919E-04	2.080448E-04	7.190321E-05	
-1.603807E-04	1.879614E-04	5.228037E-05	
-1.521121E-04	1.521122E-04	2.007961E-05	
-1.089421E-04	7.417220E-05	-2.447955E-05	
-4.633498E-05	1.905840E-05	-3.114366E-05	
-9.260165E-06	3.976085E-06	-2.087678E-05	
9.569603E-06	3.503736E-06	-2.128053E-05	
5.109438E-05	1.780821E-05	-3.187350E-05	
1.299149E-04	7.437285E-05	-2.079913E-05	
1.879614E-04	1.603807E-04	5.228047E-05	
1.989930E-04	1.989930E-04	1.016879E-04	
1.958619E-04	2.208636E-04	1.250185E-04	
1.573516E-04	2.796025E-04	2.055471E-04	
5.745011E-11	3.341401E-04	2.509364E-04	
-1.573515E-04	2.796027E-04	2.055472E-04	
-1.958618E-04	2.208636E-04	1.250187E-04	
-1.989930E-04	1.989931E-04	1.016875E-04	
-1.879614E-04	1.603807E-04	5.228054E-05	
-1.299149E-04	7.437295E-05	-2.079914E-05	
-5.109436E-05	1.780821E-05	-3.187346E-05	
-9.569580E-06	3.503730E-06	-2.128051E-05	
9.703996E-06	3.217877E-06	-2.146724E-05	
5.347670E-05	1.674670E-05	-3.220642E-05	
1.412500E-04	7.139894E-05	-1.868586E-05	
2.080447E-04	1.554919E-04	7.190331E-05	
2.208635E-04	1.958619E-04	1.250189E-04	
2.170605E-04	2.170605E-04	1.465136E-04	
1.746513E-04	2.656265E-04	2.667078E-04	
-2.105686E-11	3.205784E-04	3.182017E-04	
-1.746512E-04	2.656266E-04	2.667078E-04	
-2.170604E-04	2.170605E-04	1.465136E-04	
-2.208635E-04	1.958620E-04	1.250185E-04	
-2.080448E-04	1.554919E-04	7.190331E-05	
-1.412500E-04	7.139902E-05	-1.868586E-05	
-5.347661E-05	1.674670E-05	-3.220639E-05	
-9.703959E-06	3.217875E-06	-2.146721E-05	
9.964616E-06	2.387649E-06	-2.189426E-05	
5.934487E-05	1.310979E-05	-3.296530E-05	
1.684839E-04	5.775202E-05	-1.318201E-05	
2.590186E-04	1.244373E-04	1.135699E-04	
2.796026E-04	1.573516E-04	2.055472E-04	
2.656265E-04	1.746512E-04	2.667078E-04	
2.121166E-04	2.121166E-04	3.398745E-04	
-2.760725E-11	2.537469E-04	4.423297E-04	
-2.121167E-04	2.121167E-04	3.398744E-04	
-2.656266E-04	1.746513E-04	2.667078E-04	
-2.796027E-04	1.573516E-04	2.055472E-04	
-2.590186E-04	1.244374E-04	1.135700E-04	
-1.684839E-04	5.775206E-05	-1.318199E-05	
-5.934490E-05	1.310981E-05	-3.296526E-05	
-9.964624E-06	2.387648E-06	-2.189423E-05	
1.015807E-05	8.950709E-12	-2.231681E-05	
6.566906E-05	-7.675057E-12	-3.368363E-05	
1.962248E-04	4.230548E-12	-7.223671E-06	
3.078960E-04	7.844203E-12	1.435096E-04	
3.341401E-04	2.402460E-11	2.509365E-04	
3.205784E-04	-7.749035E-11	3.182017E-04	
2.537469E-04	-1.000306E-11	4.423297E-04	
7.921939E-12	3.744299E-12	5.428290E-04	
-2.537470E-04	3.162428E-11	4.423297E-04	
-3.205784E-04	1.456927E-11	3.182017E-04	
-3.341401E-04	2.100052E-11	2.509364E-04	
-3.078960E-04	3.253401E-11	1.435097E-04	
-1.962248E-04	2.517924E-12	-7.223616E-06	
-6.566907E-05	-3.057157E-12	-3.368359E-05	
-1.015808E-05	1.649555E-12	-2.231680E-05	
9.964623E-06	-2.387629E-06	-2.189426E-05	
5.934488E-05	-1.310980E-05	-3.296532E-05	
1.684839E-04	-5.775202E-05	-1.318204E-05	
2.590187E-04	-1.244373E-04	1.135699E-04	
2.796028E-04	-1.573516E-04	2.055471E-04	
2.656267E-04	-1.746513E-04	2.667077E-04	
2.121167E-04	-2.121166E-04	3.398744E-04	
3.190589E-11	-2.537469E-04	4.423297E-04	
-2.121166E-04	-2.121166E-04	3.398745E-04	
-2.656266E-04	-1.746513E-04	2.667077E-04	
-2.796026E-04	-1.573516E-04	2.055472E-04	
-2.590186E-04	-1.244373E-04	1.135700E-04	
-1.684839E-04	-5.775206E-05	-1.318200E-05	
-5.934488E-05	-1.310982E-05	-3.296528E-05	
-9.964620E-06	-2.387647E-06	-2.189425E-05	
9.703965E-06	-3.217850E-06	-2.146723E-05	
5.347660E-05	-1.674670E-05	-3.220644E-05	
1.412500E-04	-7.139898E-05	-1.868589E-05	
2.080448E-04	-1.554919E-04	7.190320E-05	
2.208637E-04	-1.958619E-04	1.250186E-04	
2.170606E-04	-2.170605E-04	1.465136E-04	
1.746513E-04	-2.656265E-04	2.667078E-04	
2.686326E-11	-3.205784E-04	3.182017E-04	
-1.746512E-04	-2.656265E-04	2.667078E-04	
-2.170605E-04	-2.170605E-04	1.465135E-04	
-2.208636E-04	-1.958619E-04	1.250189E-04	
-2.080448E-04	-1.554918E-04	7.190332E-05	
-1.412500E-04	-7.139902E-05	-1.868585E-05	
-5.347662E-05	-1.674672E-05	-3.220640E-05	
-9.703981E-06	-3.217880E-06	-2.146723E-05	
9.569574E-06	-3.503706E-06	-2.128052E-05	
5.109433E-05	-1.780820E-05	-3.187346E-05	
1.299149E-04	-7.437291E-05	-2.079917E-05	
1.879614E-04	-1.603807E-04	5.228054E-05	
1.989930E-04	-1.989930E-04	1.016881E-04	
1.958619E-04	-2.208635E-04	1.250186E-04	
1.573516E-04	-2.796026E-04	2.055472E-04	
5.969328E-12	-3.341401E-04	2.509364E-04	
-1.573516E-04	-2.796026E-04	2.055470E-04	
-1.958620E-04	-2.208636E-04	1.250186E-04	
-1.989931E-04	-1.989931E-04	1.016877E-04	
-1.879613E-04	-1.603806E-04	5.228053E-05	
-1.299149E-04	-7.437295E-05	-2.079913E-05	
-5.109437E-05	-1.780822E-05	-3.187347E-05	
-9.569589E-06	-3.503739E-06	-2.128053E-05	
9.260171E-06	-3.976064E-06	-2.087675E-05	
4.633498E-05	-1.905840E-05	-3.114365E-05	
1.089421E-04	-7.417216E-05	-2.447957E-05	
1.521121E-04	-1.521121E-04	2.007960E-05	
1.603807E-04	-1.879614E-04	5.228038E-05	
1.554919E-04	-2.080447E-04	7.190322E-05	
1.244373E-04	-2.590186E-04	1.135700E-04	
-1.971768E-11	-3.078959E-04	1.435097E-04	
-1.244373E-04	-2.590186E-04	1.135699E-04	
-1.554919E-04	-2.080448E-04	7.190323E-05	
-1.603807E-04	-1.879615E-04	5.228043E-05	
-1.521121E-04	-1.521121E-04	2.007963E-05	
-1.089421E-04	-7.417219E-05	-2.447951E-05	
-4.633498E-05	-1.905841E-05	-3.114362E-05	
-9.260167E-06	-3.976088E-06	-2.087674E-05	
8.113844E-06	-4.969862E-06	-1.953050E-05	
3.311967E-05	-1.997564E-05	-2.863060E-05	
6.190727E-05	-6.190727E-05	-3.114957E-05	
7.417216E-05	-1.089421E-04	-2.447956E-05	
7.437291E-05	-1.299149E-04	-2.079912E-05	
7.139898E-05	-1.412500E-04	-1.868586E-05	
5.775202E-05	-1.684839E-04	-1.318203E-05	
-4.145439E-12	-1.962248E-04	-7.223653E-06	
-5.775203E-05	-1.684839E-04	-1.318205E-05	
-7.139899E-05	-1.412500E-04	-1.868590E-05	
-7.437293E-05	-1.299148E-04	-2.079921E-05	
-7.417216E-05	-1.089421E-04	-2.447950E-05	
-6.190726E-05	-6.190728E-05	-3.114954E-05	
-3.311967E-05	-1.997565E-05	-2.863058E-05	
-8.113842E-06	-4.969870E-06	-1.953049E-05	
5.198850E-06	-5.036280E-06	-1.659061E-05	
1.506232E-05	-1.506232E-05	-2.295458E-05	
1.997564E-05	-3.311968E-05	-2.863062E-05	
1.905840E-05	-4.633498E-05	-3.114366E-05	
1.780821E-05	-5.109434E-05	-3.187348E-05	
1.674671E-05	-5.347662E-05	-3.220639E-05	
1.310981E-05	-5.934488E-05	-3.296529E-05	
8.888375E-12	-6.566907E-05	-3.368362E-05	
-1.310980E-05	-5.934489E-05	-3.296531E-05	
-1.674672E-05	-5.347662E-05	-3.220641E-05	
-1.780822E-05	-5.109432E-05	-3.187344E-05	
-1.905840E-05	-4.633498E-05	-3.114362E-05	
-1.997564E-05	-3.311968E-05	-2.863058E-05	
-1.506232E-05	-1.506233E-05	-2.295456E-05	
-5.198849E-06	-5.036282E-06	-1.659060E-05	
2.278170E-06	-2.278166E-06	-1.342680E-05	
5.036288E-06	-5.198852E-06	-1.659062E-05	
4.969874E-06	-8.113847E-06	-1.953052E-05	
3.976087E-06	-9.260168E-06	-2.087677E-05	
3.503736E-06	-9.569587E-06	-2.128053E-05	
3.217876E-06	-9.703983E-06	-2.146724E-05	
2.387646E-06	-9.964616E-06	-2.189426E-05	
1.714296E-12	-1.015808E-05	-2.231682E-05	
-2.387648E-06	-9.964625E-06	-2.189427E-05	
-3.217882E-06	-9.703985E-06	-2.146724E-05	
-3.503739E-06	-9.569576E-06	-2.128055E-05	
-3.976086E-06	-9.260167E-06	-2.087675E-05	
-4.969869E-06	-8.113846E-06	-1.953050E-05	
-5.036281E-06	-5.198851E-06	-1.659061E-05	
-2.278167E-06	-2.278167E-06	-1.342679E-05	
1.592976E-06	1.592974E-06	-1.591136E-05	
3.499210E-06	3.720946E-06	-1.976114E-05	
3.427745E-06	5.732746E-06	-2.322822E-05	
2.727519E-06	6.633241E-06	-2.474791E-05	
2.394929E-06	6.842778E-06	-2.519068E-05	
2.201245E-06	6.936100E-06	-2.539237E-05	
1.629193E-06	7.235951E-06	-2.584815E-05	
1.283244E-11	7.387684E-06	-2.629011E-05	
-1.629179E-06	7.235965E-06	-2.584812E-05	
-2.201238E-06	6.936099E-06	-2.539238E-05	
-2.394916E-06	6.842762E-06	-2.519070E-05	
-2.727503E-06	6.633233E-06	-2.474796E-05	
-3.427731E-06	5.732745E-06	-2.322825E-05	
-3.499206E-06	3.720948E-06	-1.976116E-05	
-1.592976E-06	1.592977E-06	-1.591138E-05	
3.720944E-06	3.499205E-06	-1.976115E-05	
1.131001E-05	1.131000E-05	-2.955325E-05	
1.548351E-05	2.668190E-05	-4.128208E-05	
1.494694E-05	3.741513E-05	-4.791428E-05	
1.403920E-05	4.142210E-05	-5.009969E-05	
1.319238E-05	4.341447E-05	-5.115523E-05	
1.035819E-05	4.787600E-05	-5.365169E-05	
2.612945E-11	5.306671E-05	-5.619782E-05	
-1.035813E-05	4.787602E-05	-5.365169E-05	
-1.319233E-05	4.341446E-05	-5.115523E-05	
-1.403915E-05	4.142208E-05	-5.009969E-05	
-1.494689E-05	3.741516E-05	-4.791431E-05	
-1.548349E-05	2.668192E-05	-4.128210E-05	
-1.131001E-05	1.131001E-05	-2.955326E-05	
-3.720948E-06	3.499208E-06	-1.976117E-05	
5.732744E-06	3.427735E-06	-2.322824E-05	
2.668191E-05	1.548348E-05	-4.128208E-05	
5.689470E-05	5.689466E-05	-6.993713E-05	
7.307895E-05	1.184838E-04	-8.965852E-05	
7.415857E-05	1.454393E-04	-9.689840E-05	
7.192663E-05	1.602045E-04	-1.005456E-04	
5.882844E-05	1.992369E-04	-1.092262E-04	
5.305029E-12	2.375227E-04	-1.182838E-04	
-5.882843E-05	1.992369E-04	-1.092262E-04	
-7.192662E-05	1.602046E-04	-1.005456E-04	
-7.415856E-05	1.454393E-04	-9.689842E-05	
-7.307892E-05	1.184839E-04	-8.965853E-05	
-5.689468E-05	5.689470E-05	-6.993715E-05	
-2.668192E-05	1.548350E-05	-4.128210E-05	
-5.732754E-06	3.427731E-06	-2.322825E-05	
6.633235E-06	2.727508E-06	-2.474794E-05	
3.741512E-05	1.494691E-05	-4.791430E-05	
1.184838E-04	7.307887E-05	-8.965850E-05	
2.238498E-04	2.238497E-04	-1.103222E-04	
2.723525E-04	3.651102E-04	-1.102498E-04	
2.560971E-04	4.535247E-04	-1.086055E-04	
1.795446E-04	6.111361E-04	-1.092055E-04	
-2.177436E-12	6.984409E-04	-1.189708E-04	
-1.795447E-04	6.111361E-04	-1.092055E-04	
-2.560971E-04	4.535246E-04	-1.086056E-04	
-2.723524E-04	3.651100E-04	-1.102498E-04	
-2.238497E-04	2.238498E-04	-1.103222E-04	
-1.184838E-04	7.307898E-05	-8.965854E-05	
-3.741516E-05	1.494693E-05	-4.791430E-05	
-6.633245E-06	2.727500E-06	-2.474795E-05	
6.842773E-06	2.394921E-06	-2.519066E-05	
4.142206E-05	1.403918E-05	-5.009970E-05	
1.454393E-04	7.415847E-05	-9.689833E-05	
3.651099E-04	2.723523E-04	-1.102497E-04	
5.106658E-04	5.106660E-04	2.702007E-05	
4.509712E-04	6.652416E-04	1.586257E-04	
2.691654E-04	9.164979E-04	1.772571E-04	
3.905841E-10	1.024240E-03	1.699508E-04	
-2.691651E-04	9.164979E-04	1.772573E-04	
-4.509712E-04	6.652413E-04	1.586259E-04	
-5.106660E-04	5.106659E-04	2.702012E-05	
-3.651101E-04	2.723524E-04	-1.102496E-04	
-1.454394E-04	7.415864E-05	-9.689835E-05	
-4.142211E-05	1.403919E-05	-5.009968E-05	
-6.842752E-06	2.394914E-06	-2.519065E-05	
6.936097E-06	2.201243E-06	-2.539236E-05	
4.341454E-05	1.319235E-05	-5.115522E-05	
1.602046E-04	7.192655E-05	-1.005455E-04	
4.535245E-04	2.560971E-04	-1.086055E-04	
6.652411E-04	4.509714E-04	1.586264E-04	
6.101367E-04	6.101369E-04	4.177640E-04	
3.467952E-04	9.984835E-04	4.609177E-04	
-6.141000E-11	1.063845E-03	4.530164E-04	
-3.467952E-04	9.984835E-04	4.609176E-04	
-6.101368E-04	6.101368E-04	4.177643E-04	
-6.652413E-04	4.509714E-04	1.586262E-04	
-4.535247E-04	2.560972E-04	-1.086055E-04	
-1.602046E-04	7.192668E-05	-1.005455E-04	
-4.341444E-05	1.319237E-05	-5.115522E-05	
-6.936071E-06	2.201237E-06	-2.539233E-05	
7.235992E-06	1.629177E-06	-2.584812E-05	
4.787605E-05	1.035815E-05	-5.365168E-05	
1.992368E-04	5.882840E-05	-1.092261E-04	
6.111361E-04	1.795447E-04	-1.092055E-04	
9.164980E-04	2.691660E-04	1.772574E-04	
9.984835E-04	3.467951E-04	4.609177E-04	
5.681452E-04	5.681452E-04	1.500728E-03	
1.489523E-11	5.853755E-04	1.193663E-03	
-5.681452E-04	5.681452E-04	1.500728E-03	
-9.984835E-04	3.467951E-04	4.609177E-04	
-9.164979E-04	2.691656E-04	1.772575E-04	
-6.111362E-04	1.795448E-04	-1.092053E-04	
-1.992369E-04	5.882846E-05	-1.092261E-04	
-4.787605E-05	1.035817E-05	-5.365166E-05	
-7.235965E-06	1.629182E-06	-2.584809E-05	
7.387680E-06	5.540647E-12	-2.629008E-05	
5.306669E-05	-6.695193E-12	-5.619781E-05	
2.375227E-04	-1.075483E-11	-1.182838E-04	
6.984409E-04	1.411988E-11	-1.189709E-04	
1.024240E-03	-1.522810E-10	1.699507E-04	
1.063845E-03	-3.779291E-11	4.530164E-04	
5.853755E-04	6.444807E-12	1.193663E-03	
-5.422606E-13	-2.639623E-12	8.620644E-04	
-5.853755E-04	-2.123506E-11	1.193663E-03	
-1.063845E-03	3.332561E-11	4.530165E-04	
-1.024240E-03	5.312557E-11	1.699508E-04	
-6.984409E-04	-1.017346E-11	-1.189707E-04	
-2.375227E-04	-8.498227E-13	-1.182838E-04	
-5.306671E-05	-5.350953E-12	-5.619777E-05	
-7.387682E-06	-8.690354E-13	-2.629006E-05	
7.235970E-06	-1.629169E-06	-2.584812E-05	
4.787604E-05	-1.035818E-05	-5.365171E-05	
1.992369E-04	-5.882841E-05	-1.092262E-04	
6.111361E-04	-1.795447E-04	-1.092056E-04	
9.164979E-04	-2.691660E-04	1.772573E-04	
9.984835E-04	-3.467952E-04	4.609177E-04	
5.681452E-04	-5.681453E-04	1.500728E-03	
-6.700468E-12	-5.853756E-04	1.193663E-03	
-5.681452E-04	-5.681453E-04	1.500728E-03	
-9.984834E-04	-3.467952E-04	4.609177E-04	
-9.164978E-04	-2.691655E-04	1.772570E-04	
-6.111361E-04	-1.795447E-04	-1.092054E-04	
-1.992369E-04	-5.882848E-05	-1.092261E-04	
-4.787604E-05	-1.035818E-05	-5.365167E-05	
-7.235973E-06	-1.629185E-06	-2.584810E-05	
6.936069E-06	-2.201235E-06	-2.539235E-05	
4.341443E-05	-1.319238E-05	-5.115526E-05	
1.602045E-04	-7.192654E-05	-1.005456E-04	
4.535245E-04	-2.560973E-04	-1.086056E-04	
6.652411E-04	-4.509715E-04	1.586260E-04	
6.101367E-04	-6.101369E-04	4.177640E-04	
3.467951E-04	-9.984835E-04	4.609178E-04	
-4.795786E-11	-1.063845E-03	4.530163E-04	
-3.467952E-04	-9.984835E-04	4.609174E-04	
-6.101370E-04	-6.101369E-04	4.177639E-04	
-6.652415E-04	-4.509714E-04	1.586260E-04	
-4.535247E-04	-2.560970E-04	-1.086054E-04	
-1.602046E-04	-7.192670E-05	-1.005455E-04	
-4.341446E-05	-1.319238E-05	-5.115521E-05	
-6.936099E-06	-2.201244E-06	-2.539234E-05	
6.842761E-06	-2.394909E-06	-2.519063E-05	
4.142206E-05	-1.403919E-05	-5.009963E-05	
1.454393E-04	-7.415846E-05	-9.689840E-05	
3.651102E-04	-2.723525E-04	-1.102496E-04	
5.106660E-04	-5.106660E-04	2.701998E-05	
4.509714E-04	-6.652416E-04	1.586261E-04	
2.691655E-04	-9.164979E-04	1.772574E-04	
-2.001070E-11	-1.024240E-03	1.699507E-04	
-2.691656E-04	-9.164977E-04	1.772569E-04	
-4.509714E-04	-6.652413E-04	1.586260E-04	
-5.106659E-04	-5.106661E-04	2.701940E-05	
-3.651100E-04	-2.723523E-04	-1.102497E-04	
-1.454393E-04	-7.415866E-05	-9.689832E-05	
-4.142212E-05	-1.403919E-05	-5.009967E-05	
-6.842790E-06	-2.394925E-06	-2.519067E-05	
6.633243E-06	-2.727502E-06	-2.474791E-05	
3.741513E-05	-1.494693E-05	-4.791430E-05	
1.184839E-04	-7.307888E-05	-8.965855E-05	
2.238499E-04	-2.238498E-04	-1.103222E-04	
2.723525E-04	-3.651101E-04	-1.102498E-04	
2.560972E-04	-4.535247E-04	-1.086055E-04	
1.795447E-04	-6.111361E-04	-1.092055E-04	
-1.099749E-11	-6.984409E-04	-1.189708E-04	
-1.795447E-04	-6.111361E-04	-1.092054E-04	
-2.560971E-04	-4.535246E-04	-1.086055E-04	
-2.723524E-04	-3.651102E-04	-1.102497E-04	
-2.238497E-04	-2.238497E-04	-1.103221E-04	
-1.184838E-04	-7.307900E-05	-8.965850E-05	
-3.741516E-05	-1.494693E-05	-4.791428E-05	
-6.633240E-06	-2.727512E-06	-2.474792E-05	
5.732747E-06	-3.427738E-06	-2.322822E-05	
2.668191E-05	-1.548350E-05	-4.128208E-05	
5.689468E-05	-5.689469E-05	-6.993715E-05	
7.307892E-05	-1.184839E-04	-8.965853E-05	
7.415853E-05	-1.454394E-04	-9.689833E-05	
7.192660E-05	-1.602046E-04	-1.005455E-04	
5.882843E-05	-1.992369E-04	-1.092261E-04	
1.364280E-12	-2.375227E-04	-1.182838E-04	
-5.882845E-05	-1.992369E-04	-1.092262E-04	
-7.192666E-05	-1.602046E-04	-1.005455E-04	
-7.415861E-05	-1.454393E-04	-9.689836E-05	
-7.307896E-05	-1.184838E-04	-8.965851E-05	
-5.689469E-05	-5.689471E-05	-6.993712E-05	
-2.668191E-05	-1.548350E-05	-4.128207E-05	
-5.732747E-06	-3.427739E-06	-2.322822E-05	
3.720948E-06	-3.499206E-06	-1.976115E-05	
1.131001E-05	-1.131001E-05	-2.955326E-05	
1.548349E-05	-2.668191E-05	-4.128210E-05	
1.494692E-05	-3.741514E-05	-4.791431E-05	
1.403919E-05	-4.142209E-05	-5.009967E-05	
1.319237E-05	-4.341447E-05	-5.115522E-05	
1.035816E-05	-4.787603E-05	-5.365168E-05	
-8.678880E-12	-5.306670E-05	-5.619780E-05	
-1.035817E-05	-4.787604E-05	-5.365167E-05	
-1.319236E-05	-4.341447E-05	-5.115521E-05	
-1.403917E-05	-4.142211E-05	-5.009964E-05	
-1.494692E-05	-3.741515E-05	-4.791429E-05	
-1.548349E-05	-2.668192E-05	-4.128207E-05	
-1.131000E-05	-1.131001E-05	-2.955324E-05	
-3.720946E-06	-3.499206E-06	-1.976114E-05	
1.592978E-06	-1.592973E-06	-1.591137E-05	
3.499208E-06	-3.720946E-06	-1.976116E-05	
3.427734E-06	-5.732748E-06	-2.322825E-05	
2.727510E-06	-6.633240E-06	-2.474795E-05	
2.394926E-06	-6.842777E-06	-2.519067E-05	
2.201251E-06	-6.936087E-06	-2.539235E-05	
1.629193E-06	-7.235958E-06	-2.584812E-05	
2.401368E-12	-7.387683E-06	-2.629008E-05	
-1.629180E-06	-7.235974E-06	-2.584813E-05	
-2.201240E-06	-6.936096E-06	-2.539235E-05	
-2.394924E-06	-6.842801E-06	-2.519071E-05	
-2.727510E-06	-6.633239E-06	-2.474794E-05	
-3.427735E-06	-5.732752E-06	-2.322823E-05	
-3.499206E-06	-3.720948E-06	-1.976115E-05	
-1.592974E-06	-1.592975E-06	-1.591136E-05	
1.711857E-12	-2.775585E-12	-1.655499E-05	
7.089664E-12	-3.056105E-12	-2.059116E-05	
1.396763E-11	-4.895044E-12	-2.419399E-05	
1.879649E-11	-2.210569E-12	-2.577247E-05	
2.073286E-11	3.268710E-12	-2.623136E-05	
2.163331E-11	1.232793E-11	-2.644043E-05	
2.124553E-11	3.460065E-13	-2.691450E-05	
1.699329E-11	2.454562E-12	-2.737133E-05	
1.640483E-11	2.866668E-12	-2.691448E-05	
1.693952E-11	2.214835E-11	-2.644043E-05	
1.446843E-11	8.915669E-12	-2.623133E-05	
1.258248E-11	-5.919727E-12	-2.577249E-05	
8.763961E-12	-4.788122E-13	-2.419401E-05	
4.652346E-12	-3.699974E-13	-2.059118E-05	
1.392020E-12	1.845006E-13	-1.655500E-05	
-9.450072E-13	-6.664502E-12	-2.059117E-05	
2.315496E-12	-1.208782E-11	-3.148730E-05	
9.316318E-12	-1.582899E-11	-4.523887E-05	
1.564651E-11	-1.480488E-11	-5.310950E-05	
1.914451E-11	1.227704E-11	-5.571809E-05	
1.876087E-11	1.913502E-11	-5.697873E-05	
1.912890E-11	-1.705195E-12	-5.994955E-05	
1.950734E-11	1.894184E-12	-6.300232E-05	
2.208565E-11	1.260298E-12	-5.994956E-05	
3.242512E-11	2.892800E-13	-5.697875E-05	
3.990803E-11	-3.601898E-12	-5.571809E-05	
3.058142E-11	5.697723E-12	-5.310950E-05	
1.276046E-11	8.484487E-12	-4.523888E-05	
4.004029E-13	-2.892385E-13	-3.148732E-05	
-1.761702E-12	-4.191438E-12	-2.059118E-05	
-2.813861E-12	-9.687259E-12	-2.419400E-05	
-2.802236E-12	-2.180011E-11	-4.523887E-05	
3.182393E-12	-2.688463E-11	-8.493348E-05	
9.414499E-12	-2.909790E-11	-1.193064E-04	
1.312332E-11	-9.098128E-12	-1.328736E-04	
1.564332E-11	-6.115145E-12	-1.399221E-04	
1.211409E-11	-1.643095E-11	-1.572300E-04	
1.240724E-11	-1.156405E-11	-1.754149E-04	
1.467638E-11	-6.126874E-12	-1.572300E-04	
-2.695903E-13	-5.304705E-12	-1.399221E-04	
-1.189237E-11	-3.086355E-11	-1.328736E-04	
-7.971596E-12	1.467067E-11	-1.193064E-04	
1.231444E-12	9.995131E-12	-8.493350E-05	
-3.089691E-12	2.680535E-12	-4.523889E-05	
-6.289448E-12	-1.517115E-11	-2.419401E-05	
-6.950921E-12	-1.325929E-11	-2.577248E-05	
-7.908898E-12	-2.998490E-11	-5.310950E-05	
-6.301880E-12	-2.903370E-11	-1.193064E-04	
2.169226E-12	-4.920775E-11	-2.072138E-04	
1.190496E-11	-1.590429E-11	-2.547757E-04	
2.171802E-11	-5.484123E-11	-2.820536E-04	
2.025801E-11	-3.289171E-11	-3.429077E-04	
1.462420E-11	-1.870823E-11	-3.939562E-04	
3.144002E-11	-2.281457E-11	-3.429077E-04	
4.182485E-11	3.300729E-11	-2.820536E-04	
3.982639E-11	3.855040E-11	-2.547758E-04	
1.018640E-11	3.275841E-11	-2.072139E-04	
1.123549E-12	-1.003966E-11	-1.193064E-04	
-4.896649E-12	9.170702E-12	-5.310951E-05	
-1.358298E-11	-2.791741E-11	-2.577248E-05	
1.692061E-12	-1.488877E-11	-2.623132E-05	
-1.767402E-11	-3.415593E-11	-5.571808E-05	
-6.676606E-11	-2.505541E-11	-1.328736E-04	
-1.244905E-12	-7.031518E-11	-2.547758E-04	
-4.805945E-12	6.064881E-11	-2.547758E-04	
-2.370372E-11	-2.146221E-11	-1.328735E-04	
-6.393708E-12	1.263359E-11	-5.571809E-05	
1.744593E-11	-3.394664E-11	-2.623132E-05	
7.088373E-12	-1.574936E-11	-2.644040E-05	
5.200650E-12	-3.150331E-11	-5.697873E-05	
-5.368820E-12	-2.262903E-11	-1.399221E-04	
-7.013334E-11	-4.072515E-11	-2.820536E-04	
-1.045980E-10	-8.144460E-11	6.607600E-04	
-2.951166E-11	-6.776330E-11	5.223779E-04	
1.992080E-11	-1.600624E-11	4.439654E-04	
-2.369616E-11	5.273421E-12	5.223777E-04	
-6.264542E-11	3.683679E-11	6.607602E-04	
-1.447884E-11	5.653951E-11	-2.820536E-04	
-2.550054E-11	-1.158611E-11	-1.399221E-04	
-1.389187E-11	8.159672E-12	-5.697874E-05	
1.444994E-11	-2.986731E-11	-2.644039E-05	
7.511218E-12	-1.843901E-11	-2.691446E-05	
-1.233528E-11	-2.249788E-11	-5.994954E-05	
-4.694929E-11	-2.070938E-11	-1.572300E-04	
-6.497395E-11	8.168889E-12	-3.429077E-04	
-9.472518E-11	-5.649955E-11	5.223778E-04	
-5.838714E-11	3.821623E-11	5.223778E-04	
-4.697222E-11	4.164479E-11	-3.429076E-04	
-2.526466E-11	6.418928E-12	-1.572300E-04	
-1.435433E-11	4.943069E-13	-5.994953E-05	
4.256024E-12	-2.102815E-11	-2.691446E-05	
-6.225017E-12	-2.558874E-11	-2.737129E-05	
-2.954748E-11	-9.204296E-12	-6.300230E-05	
-5.700080E-11	-1.103291E-11	-1.754149E-04	
-7.585112E-11	8.324824E-12	-3.939562E-04	
-8.536531E-11	4.590775E-12	4.439654E-04	
-1.065846E-10	2.350416E-11	4.439655E-04	
-7.619614E-11	1.313652E-11	-3.939561E-04	
-3.680127E-11	5.785831E-12	-1.754148E-04	
-1.026430E-11	-3.129336E-12	-6.300229E-05	
-6.230090E-14	-7.991151E-12	-2.737129E-05	
-1.170095E-11	-2.732531E-11	-2.691446E-05	
-2.935212E-11	-5.926540E-12	-5.994954E-05	
-3.686478E-11	-9.844882E-12	-1.572300E-04	
-6.635463E-11	1.015669E-11	-3.429076E-04	
-9.074321E-11	1.461366E-11	5.223778E-04	
-1.671487E-10	-1.216955E-11	5.223778E-04	
-1.037999E-10	-3.742245E-11	-3.429077E-04	
-3.451815E-11	-7.578199E-12	-1.572300E-04	
-1.000856E-11	-3.061661E-12	-5.994953E-05	
1.749545E-13	2.732952E-12	-2.691446E-05	
-9.864291E-12	-2.314933E-11	-2.644040E-05	
-2.547535E-11	-1.153971E-11	-5.697874E-05	
-1.924815E-11	-2.720708E-11	-1.399221E-04	
-1.672020E-11	2.870256E-11	-2.820536E-04	
-3.537129E-11	-4.258066E-12	6.607599E-04	
-1.147010E-11	-9.583618E-12	5.223779E-04	
1.313707E-11	1.603910E-11	4.439654E-04	
2.675099E-12	-8.743446E-11	5.223776E-04	
-3.646660E-11	-3.579585E-11	6.607598E-04	
-3.079425E-11	-6.892121E-11	-2.820536E-04	
-1.747622E-11	-8.106105E-12	-1.399220E-04	
-1.142882E-11	-3.206583E-12	-5.697873E-05	
8.212611E-16	6.949089E-12	-2.644040E-05	
-8.417258E-13	-2.209799E-11	-2.623134E-05	
-3.414441E-11	-1.324284E-11	-5.571810E-05	
8.341731E-12	-3.887983E-11	-1.328736E-04	
-5.955085E-11	3.792725E-11	-2.547758E-04	
-2.628262E-11	-7.060781E-11	-2.547758E-04	
-6.117115E-12	-3.726945E-12	-1.328735E-04	
-2.010043E-11	-3.577821E-12	-5.571806E-05	
-5.092988E-12	8.284512E-12	-2.623132E-05	
-2.471030E-12	-1.718720E-11	-2.577247E-05	
-8.078718E-12	-1.233179E-11	-5.310951E-05	
-2.842980E-11	-3.049501E-11	-1.193064E-04	
-2.890678E-11	1.663024E-11	-2.072139E-04	
-1.165956E-11	3.734371E-11	-2.547758E-04	
-1.731011E-11	-8.301968E-12	-2.820537E-04	
-3.213958E-11	6.257654E-12	-3.429076E-04	
-7.866078E-12	-1.311283E-13	-3.939562E-04	
1.992754E-13	-4.476693E-11	-3.429076E-04	
-2.622010E-11	-6.524388E-12	-2.820536E-04	
-2.905257E-11	-5.650457E-11	-2.547758E-04	
-3.171421E-11	-5.814657E-11	-2.072139E-04	
-1.864649E-11	-8.503118E-12	-1.193064E-04	
-7.920532E-12	-4.036717E-12	-5.310949E-05	
-5.816762E-12	5.190008E-12	-2.577246E-05	
-1.574881E-12	-7.592860E-12	-2.419400E-05	
-7.845770E-12	-7.076559E-12	-4.523888E-05	
-2.443123E-11	-8.181533E-12	-8.493351E-05	
-4.055109E-11	-1.305211E-13	-1.193064E-04	
-4.392008E-11	1.861795E-11	-1.328736E-04	
-3.410238E-11	7.856868E-14	-1.399221E-04	
-1.727362E-11	8.583066E-12	-1.572300E-04	
-2.525205E-12	-4.130134E-12	-1.754149E-04	
5.656731E-12	-1.743509E-12	-1.572300E-04	
1.370192E-11	-5.688215E-12	-1.399221E-04	
2.043962E-11	-1.065117E-11	-1.328736E-04	
1.160031E-11	-2.276862E-11	-1.193064E-04	
-7.456618E-14	-1.004449E-11	-8.493348E-05	
-2.035986E-12	-5.661982E-12	-4.523886E-05	
-5.801748E-13	4.474659E-13	-2.419399E-05	
-1.630905E-13	-3.990873E-13	-2.059117E-05	
-4.496493E-12	3.249140E-13	-3.148731E-05	
-1.419632E-11	4.547728E-12	-4.523888E-05	
-2.429199E-11	8.577502E-12	-5.310951E-05	
-2.848432E-11	5.555552E-12	-5.571810E-05	
-2.563318E-11	-6.932017E-12	-5.697877E-05	
-1.722184E-11	-4.443406E-12	-5.994955E-05	
-5.483206E-12	1.524312E-13	-6.300232E-05	
1.369378E-12	-2.859873E-12	-5.994954E-05	
1.532915E-12	-5.705860E-12	-5.697874E-05	
7.643194E-13	-4.238701E-13	-5.571807E-05	
1.996430E-12	-6.975684E-12	-5.310950E-05	
3.414890E-12	-6.731843E-12	-4.523887E-05	
2.305406E-12	-6.219764E-12	-3.148730E-05	
4.468653E-13	-1.658789E-12	-2.059116E-05	
-5.110591E-13	8.092747E-13	-1.655500E-05	
-3.698691E-12	1.429044E-12	-2.059117E-05	
-1.082746E-11	2.771710E-12	-2.419400E-05	
-2.062238E-11	2.998690E-12	-2.577247E-05	
-2.579499E-11	3.893242E-12	-2.623133E-05	
-2.279849E-11	1.895297E-12	-2.644043E-05	
-1.466625E-11	-4.085783E-12	-2.691449E-05	
5.150661E-13	7.059324E-13	-2.737132E-05	
1.248846E-11	1.640668E-12	-2.691449E-05	
1.772330E-11	5.650426E-12	-2.644041E-05	
2.071523E-11	-3.996354E-12	-2.623134E-05	
1.713469E-11	-6.156975E-12	-2.577248E-05	
1.074523E-11	-3.819923E-12	-2.419400E-05	
4.973486E-12	-2.688236E-12	-2.059117E-05	
1.077825E-12	-9.904921E-13	-1.655499E-05	
-1.592972E-06	-1.592978E-06	-1.591136E-05	
-3.499198E-06	-3.720950E-06	-1.976114E-05	
-3.427722E-06	-5.732754E-06	-2.322822E-05	
-2.727486E-06	-6.633242E-06	-2.474793E-05	
-2.394895E-06	-6.842781E-06	-2.519072E-05	
-2.201226E-06	-6.936046E-06	-2.539240E-05	
-1.629172E-06	-7.235965E-06	-2.584815E-05	
2.330700E-11	-7.387685E-06	-2.629010E-05	
1.629204E-06	-7.235964E-06	-2.584815E-05	
2.201249E-06	-6.936095E-06	-2.539237E-05	
2.394925E-06	-6.842755E-06	-2.519065E-05	
2.727513E-06	-6.633234E-06	-2.474793E-05	
3.427743E-06	-5.732746E-06	-2.322824E-05	
3.499213E-06	-3.720948E-06	-1.976116E-05	
1.592978E-06	-1.592975E-06	-1.591137E-05	
-3.720947E-06	-3.499214E-06	-1.976115E-05	
-1.131000E-05	-1.131002E-05	-2.955324E-05	
-1.548349E-05	-2.668192E-05	-4.128208E-05	
-1.494691E-05	-3.741515E-05	-4.791429E-05	
-1.403917E-05	-4.142202E-05	-5.009969E-05	
-1.319235E-05	-4.341441E-05	-5.115521E-05	
-1.035815E-05	-4.787602E-05	-5.365169E-05	
1.725729E-11	-5.306671E-05	-5.619781E-05	
1.035817E-05	-4.787604E-05	-5.365170E-05	
1.319235E-05	-4.341445E-05	-5.115524E-05	
1.403915E-05	-4.142210E-05	-5.009967E-05	
1.494690E-05	-3.741514E-05	-4.791427E-05	
1.548349E-05	-2.668191E-05	-4.128208E-05	
1.131000E-05	-1.131001E-05	-2.955326E-05	
3.720944E-06	-3.499212E-06	-1.976116E-05	
-5.732751E-06	-3.427743E-06	-2.322822E-05	
-2.668191E-05	-1.548351E-05	-4.128207E-05	
-5.689468E-05	-5.689469E-05	-6.993712E-05	
-7.307894E-05	-1.184838E-04	-8.965851E-05	
-7.415859E-05	-1.454392E-04	-9.689841E-05	
-7.192662E-05	-1.602046E-04	-1.005455E-04	
-5.882840E-05	-1.992369E-04	-1.092261E-04	
2.363144E-11	-2.375227E-04	-1.182838E-04	
5.882841E-05	-1.992368E-04	-1.092261E-04	
7.192658E-05	-1.602045E-04	-1.005455E-04	
7.415852E-05	-1.454393E-04	-9.689842E-05	
7.307890E-05	-1.184839E-04	-8.965854E-05	
5.689468E-05	-5.689470E-05	-6.993714E-05	
2.668191E-05	-1.548350E-05	-4.128209E-05	
5.732743E-06	-3.427750E-06	-2.322823E-05	
-6.633246E-06	-2.727508E-06	-2.474792E-05	
-3.741514E-05	-1.494694E-05	-4.791427E-05	
-1.184838E-04	-7.307891E-05	-8.965851E-05	
-2.238497E-04	-2.238497E-04	-1.103222E-04	
-2.723523E-04	-3.651101E-04	-1.102497E-04	
-2.560970E-04	-4.535247E-04	-1.086055E-04	
-1.795446E-04	-6.111361E-04	-1.092054E-04	
-2.130335E-11	-6.984408E-04	-1.189708E-04	
1.795447E-04	-6.111361E-04	-1.092055E-04	
2.560971E-04	-4.535244E-04	-1.086056E-04	
2.723524E-04	-3.651101E-04	-1.102498E-04	
2.238497E-04	-2.238497E-04	-1.103222E-04	
1.184838E-04	-7.307895E-05	-8.965853E-05	
3.741514E-05	-1.494691E-05	-4.791429E-05	
6.633224E-06	-2.727521E-06	-2.474792E-05	
-6.842740E-06	-2.394915E-06	-2.519066E-05	
-4.142211E-05	-1.403921E-05	-5.009968E-05	
-1.454393E-04	-7.415853E-05	-9.689842E-05	
-3.651100E-04	-2.723523E-04	-1.102497E-04	
-5.106660E-04	-5.106660E-04	2.702030E-05	
-4.509714E-04	-6.652414E-04	1.586257E-04	
-2.691657E-04	-9.164979E-04	1.772575E-04	
-1.841588E-10	-1.024240E-03	1.699506E-04	
2.691655E-04	-9.164979E-04	1.772569E-04	
4.509714E-04	-6.652410E-04	1.586259E-04	
5.106659E-04	-5.106662E-04	2.701942E-05	
3.651101E-04	-2.723524E-04	-1.102497E-04	
1.454393E-04	-7.415858E-05	-9.689837E-05	
4.142208E-05	-1.403916E-05	-5.009970E-05	
6.842784E-06	-2.394931E-06	-2.519068E-05	
-6.936086E-06	-2.201243E-06	-2.539235E-05	
-4.341447E-05	-1.319239E-05	-5.115522E-05	
-1.602046E-04	-7.192661E-05	-1.005456E-04	
-4.535245E-04	-2.560971E-04	-1.086055E-04	
-6.652412E-04	-4.509714E-04	1.586260E-04	
-6.101368E-04	-6.101368E-04	4.177640E-04	
-3.467952E-04	-9.984835E-04	4.609177E-04	
-6.385200E-12	-1.063845E-03	4.530164E-04	
3.467951E-04	-9.984835E-04	4.609176E-04	
6.101369E-04	-6.101367E-04	4.177640E-04	
6.652415E-04	-4.509711E-04	1.586260E-04	
4.535247E-04	-2.560971E-04	-1.086055E-04	
1.602045E-04	-7.192664E-05	-1.005455E-04	
4.341444E-05	-1.319235E-05	-5.115524E-05	
6.936112E-06	-2.201252E-06	-2.539237E-05	
-7.235948E-06	-1.629190E-06	-2.584812E-05	
-4.787604E-05	-1.035819E-05	-5.365168E-05	
-1.992369E-04	-5.882843E-05	-1.092261E-04	
-6.111362E-04	-1.795446E-04	-1.092055E-04	
-9.164981E-04	-2.691658E-04	1.772571E-04	
-9.984836E-04	-3.467951E-04	4.609177E-04	
-5.681453E-04	-5.681452E-04	1.500728E-03	
-2.955951E-13	-5.853755E-04	1.193663E-03	
5.681452E-04	-5.681452E-04	1.500728E-03	
9.984835E-04	-3.467952E-04	4.609178E-04	
9.164979E-04	-2.691649E-04	1.772577E-04	
6.111361E-04	-1.795447E-04	-1.092055E-04	
1.992368E-04	-5.882844E-05	-1.092261E-04	
4.787601E-05	-1.035817E-05	-5.365169E-05	
7.235974E-06	-1.629197E-06	-2.584813E-05	
-7.387694E-06	-9.241271E-12	-2.629005E-05	
-5.306673E-05	-1.385877E-11	-5.619779E-05	
-2.375228E-04	-6.016202E-12	-1.182838E-04	
-6.984409E-04	5.366428E-11	-1.189708E-04	
-1.024240E-03	3.623554E-11	1.699507E-04	
-1.063845E-03	1.346763E-11	4.530164E-04	
-5.853755E-04	-7.935585E-12	1.193663E-03	
-1.213327E-11	8.649562E-12	8.620644E-04	
5.853755E-04	2.115262E-11	1.193663E-03	
1.063845E-03	1.869137E-11	4.530165E-04	
1.024240E-03	-1.495917E-11	1.699509E-04	
6.984409E-04	1.300066E-11	-1.189708E-04	
2.375227E-04	1.786219E-11	-1.182838E-04	
5.306670E-05	-7.477053E-12	-5.619780E-05	
7.387682E-06	-7.246782E-12	-2.629009E-05	
-7.235974E-06	1.629177E-06	-2.584812E-05	
-4.787606E-05	1.035815E-05	-5.365165E-05	
-1.992369E-04	5.882840E-05	-1.092261E-04	
-6.111361E-04	1.795447E-04	-1.092054E-04	
-9.164978E-04	2.691660E-04	1.772573E-04	
-9.984834E-04	3.467952E-04	4.609178E-04	
-5.681452E-04	5.681453E-04	1.500728E-03	
-2.448655E-11	5.853756E-04	1.193663E-03	
5.681453E-04	5.681453E-04	1.500728E-03	
9.984836E-04	3.467952E-04	4.609178E-04	
9.164980E-04	2.691652E-04	1.772574E-04	
6.111362E-04	1.795447E-04	-1.092056E-04	
1.992369E-04	5.882846E-05	-1.092261E-04	
4.787603E-05	1.035816E-05	-5.365169E-05	
7.235967E-06	1.629182E-06	-2.584813E-05	
-6.936078E-06	2.201235E-06	-2.539234E-05	
-4.341447E-05	1.319235E-05	-5.115520E-05	
-1.602045E-04	7.192655E-05	-1.005455E-04	
-4.535245E-04	2.560971E-04	-1.086055E-04	
-6.652411E-04	4.509716E-04	1.586263E-04	
-6.101368E-04	6.101371E-04	4.177640E-04	
-3.467952E-04	9.984835E-04	4.609177E-04	
-4.473856E-12	1.063845E-03	4.530164E-04	
3.467952E-04	9.984835E-04	4.609178E-04	
6.101368E-04	6.101368E-04	4.177640E-04	
6.652412E-04	4.509714E-04	1.586257E-04	
4.535245E-04	2.560971E-04	-1.086056E-04	
1.602045E-04	7.192667E-05	-1.005455E-04	
4.341445E-05	1.319235E-05	-5.115523E-05	
6.936101E-06	2.201237E-06	-2.539236E-05	
-6.842793E-06	2.394908E-06	-2.519073E-05	
-4.142214E-05	1.403917E-05	-5.009971E-05	
-1.454394E-04	7.415847E-05	-9.689838E-05	
-3.651102E-04	2.723524E-04	-1.102497E-04	
-5.106662E-04	5.106660E-04	2.701963E-05	
-4.509714E-04	6.652417E-04	1.586258E-04	
-2.691656E-04	9.164980E-04	1.772572E-04	
-2.197570E-10	1.024240E-03	1.699506E-04	
2.691656E-04	9.164980E-04	1.772572E-04	
4.509714E-04	6.652413E-04	1.586256E-04	
5.106659E-04	5.106660E-04	2.701962E-05	
3.651101E-04	2.723524E-04	-1.102497E-04	
1.454393E-04	7.415862E-05	-9.689840E-05	
4.142208E-05	1.403916E-05	-5.009966E-05	
6.842752E-06	2.394914E-06	-2.519066E-05	
-6.633241E-06	2.727494E-06	-2.474794E-05	
-3.741515E-05	1.494691E-05	-4.791430E-05	
-1.184839E-04	7.307888E-05	-8.965857E-05	
-2.238498E-04	2.238498E-04	-1.103221E-04	
-2.723525E-04	3.651103E-04	-1.102497E-04	
-2.560972E-04	4.535248E-04	-1.086056E-04	
-1.795447E-04	6.111362E-04	-1.092055E-04	
3.688599E-12	6.984409E-04	-1.189709E-04	
1.795447E-04	6.111362E-04	-1.092055E-04	
2.560971E-04	4.535246E-04	-1.086056E-04	
2.723524E-04	3.651101E-04	-1.102497E-04	
2.238497E-04	2.238497E-04	-1.103222E-04	
1.184838E-04	7.307896E-05	-8.965852E-05	
3.741514E-05	1.494691E-05	-4.791427E-05	
6.633227E-06	2.727504E-06	-2.474791E-05	
-5.732752E-06	3.427729E-06	-2.322825E-05	
-2.668192E-05	1.548349E-05	-4.128209E-05	
-5.689472E-05	5.689469E-05	-6.993715E-05	
-7.307899E-05	1.184839E-04	-8.965854E-05	
-7.415863E-05	1.454393E-04	-9.689847E-05	
-7.192669E-05	1.602046E-04	-1.005456E-04	
-5.882847E-05	1.992369E-04	-1.092262E-04	
-6.385756E-12	2.375228E-04	-1.182838E-04	
5.882846E-05	1.992369E-04	-1.092262E-04	
7.192667E-05	1.602045E-04	-1.005456E-04	
7.415861E-05	1.454393E-04	-9.689844E-05	
7.307896E-05	1.184838E-04	-8.965853E-05	
5.689470E-05	5.689469E-05	-6.993712E-05	
2.668191E-05	1.548349E-05	-4.128207E-05	
5.732748E-06	3.427733E-06	-2.322822E-05	
-3.720946E-06	3.499209E-06	-1.976116E-05	
-1.131001E-05	1.131001E-05	-2.955325E-05	
-1.548350E-05	2.668193E-05	-4.128207E-05	
-1.494691E-05	3.741516E-05	-4.791427E-05	
-1.403916E-05	4.142206E-05	-5.009973E-05	
-1.319235E-05	4.341446E-05	-5.115528E-05	
-1.035817E-05	4.787601E-05	-5.365172E-05	
1.748575E-12	5.306671E-05	-5.619783E-05	
1.035817E-05	4.787603E-05	-5.365170E-05	
1.319236E-05	4.341446E-05	-5.115524E-05	
1.403917E-05	4.142211E-05	-5.009968E-05	
1.494692E-05	3.741514E-05	-4.791429E-05	
1.548350E-05	2.668191E-05	-4.128207E-05	
1.131001E-05	1.131000E-05	-2.955324E-05	
3.720948E-06	3.499202E-06	-1.976114E-05	
-1.592974E-06	1.592977E-06	-1.591137E-05	
-3.499205E-06	3.720950E-06	-1.976115E-05	
-3.427738E-06	5.732751E-06	-2.322822E-05	
-2.727502E-06	6.633238E-06	-2.474791E-05	
-2.394903E-06	6.842773E-06	-2.519070E-05	
-2.201229E-06	6.936090E-06	-2.539240E-05	
-1.629178E-06	7.235965E-06	-2.584817E-05	
8.306698E-12	7.387681E-06	-2.629012E-05	
1.629197E-06	7.235972E-06	-2.584815E-05	
2.201250E-06	6.936093E-06	-2.539239E-05	
2.394925E-06	6.842780E-06	-2.519066E-05	
2.727516E-06	6.633230E-06	-2.474792E-05	
3.427748E-06	5.732744E-06	-2.322822E-05	
3.499214E-06	3.720942E-06	-1.976114E-05	
1.592977E-06	1.592973E-06	-1.591136E-05	
-2.278163E-06	-2.278171E-06	-1.342679E-05	
-5.036270E-06	-5.198855E-06	-1.659060E-05	
-4.969849E-06	-8.113849E-06	-1.953050E-05	
-3.976059E-06	-9.260176E-06	-2.087675E-05	
-3.503707E-06	-9.569592E-06	-2.128056E-05	
-3.217851E-06	-9.703970E-06	-2.146727E-05	
-2.387629E-06	-9.964625E-06	-2.189428E-05	
1.006927E-11	-1.015808E-05	-2.231684E-05	
2.387653E-06	-9.964629E-06	-2.189427E-05	
3.217878E-06	-9.703981E-06	-2.146724E-05	
3.503735E-06	-9.569574E-06	-2.128054E-05	
3.976086E-06	-9.260154E-06	-2.087676E-05	
4.969875E-06	-8.113841E-06	-1.953051E-05	
5.036287E-06	-5.198851E-06	-1.659062E-05	
2.278169E-06	-2.278168E-06	-1.342680E-05	
-5.198847E-06	-5.036289E-06	-1.659061E-05	
-1.506231E-05	-1.506233E-05	-2.295457E-05	
-1.997563E-05	-3.311969E-05	-2.863060E-05	
-1.905838E-05	-4.633499E-05	-3.114364E-05	
-1.780819E-05	-5.109436E-05	-3.187350E-05	
-1.674669E-05	-5.347659E-05	-3.220640E-05	
-1.310979E-05	-5.934489E-05	-3.296529E-05	
-4.622461E-12	-6.566907E-05	-3.368363E-05	
1.310978E-05	-5.934487E-05	-3.296530E-05	
1.674668E-05	-5.347661E-05	-3.220642E-05	
1.780818E-05	-5.109435E-05	-3.187348E-05	
1.905838E-05	-4.633497E-05	-3.114363E-05	
1.997563E-05	-3.311967E-05	-2.863060E-05	
1.506232E-05	-1.506232E-05	-2.295458E-05	
5.198848E-06	-5.036288E-06	-1.659061E-05	
-8.113845E-06	-4.969874E-06	-1.953050E-05	
-3.311967E-05	-1.997566E-05	-2.863059E-05	
-6.190726E-05	-6.190727E-05	-3.114957E-05	
-7.417213E-05	-1.089421E-04	-2.447956E-05	
-7.437287E-05	-1.299148E-04	-2.079922E-05	
-7.139895E-05	-1.412500E-04	-1.868586E-05	
-5.775201E-05	-1.684839E-04	-1.318198E-05	
-4.693866E-12	-1.962247E-04	-7.223661E-06	
5.775203E-05	-1.684839E-04	-1.318205E-05	
7.139900E-05	-1.412500E-04	-1.868590E-05	
7.437294E-05	-1.299149E-04	-2.079920E-05	
7.417216E-05	-1.089421E-04	-2.447953E-05	
6.190726E-05	-6.190728E-05	-3.114956E-05	
3.311967E-05	-1.997564E-05	-2.863060E-05	
8.113839E-06	-4.969879E-06	-1.953051E-05	
-9.260172E-06	-3.976082E-06	-2.087675E-05	
-4.633496E-05	-1.905842E-05	-3.114363E-05	
-1.089421E-04	-7.417213E-05	-2.447956E-05	
-1.521122E-04	-1.521121E-04	2.007957E-05	
-1.603807E-04	-1.879613E-04	5.228036E-05	
-1.554919E-04	-2.080448E-04	7.190330E-05	
-1.244373E-04	-2.590185E-04	1.135700E-04	
-5.150860E-12	-3.078959E-04	1.435096E-04	
1.244373E-04	-2.590186E-04	1.135699E-04	
1.554919E-04	-2.080448E-04	7.190318E-05	
1.603807E-04	-1.879614E-04	5.228032E-05	
1.521121E-04	-1.521122E-04	2.007961E-05	
1.089421E-04	-7.417221E-05	-2.447954E-05	
4.633498E-05	-1.905838E-05	-3.114365E-05	
9.260157E-06	-3.976094E-06	-2.087675E-05	
-9.569561E-06	-3.503728E-06	-2.128052E-05	
-5.109437E-05	-1.780824E-05	-3.187347E-05	
-1.299149E-04	-7.437287E-05	-2.079918E-05	
-1.879614E-04	-1.603807E-04	5.228046E-05	
-1.989930E-04	-1.989931E-04	1.016875E-04	
-1.958619E-04	-2.208636E-04	1.250186E-04	
-1.573518E-04	-2.796024E-04	2.055473E-04	
-1.259232E-10	-3.341401E-04	2.509364E-04	
1.573516E-04	-2.796026E-04	2.055470E-04	
1.958620E-04	-2.208636E-04	1.250186E-04	
1.989931E-04	-1.989930E-04	1.016872E-04	
1.879614E-04	-1.603808E-04	5.228054E-05	
1.299148E-04	-7.437298E-05	-2.079920E-05	
5.109436E-05	-1.780819E-05	-3.187349E-05	
9.569593E-06	-3.503743E-06	-2.128053E-05	
-9.703966E-06	-3.217870E-06	-2.146722E-05	
-5.347662E-05	-1.674673E-05	-3.220639E-05	
-1.412500E-04	-7.139896E-05	-1.868586E-05	
-2.080448E-04	-1.554918E-04	7.190325E-05	
-2.208636E-04	-1.958620E-04	1.250186E-04	
-2.170606E-04	-2.170605E-04	1.465135E-04	
-1.746513E-04	-2.656264E-04	2.667077E-04	
-1.805377E-11	-3.205784E-04	3.182017E-04	
1.746512E-04	-2.656265E-04	2.667077E-04	
2.170605E-04	-2.170605E-04	1.465135E-04	
2.208636E-04	-1.958619E-04	1.250186E-04	
2.080448E-04	-1.554919E-04	7.190329E-05	
1.412499E-04	-7.139904E-05	-1.868587E-05	
5.347660E-05	-1.674669E-05	-3.220642E-05	
9.703987E-06	-3.217886E-06	-2.146724E-05	
-9.964603E-06	-2.387650E-06	-2.189425E-05	
-5.934487E-05	-1.310982E-05	-3.296529E-05	
-1.684839E-04	-5.775202E-05	-1.318202E-05	
-2.590186E-04	-1.244373E-04	1.135700E-04	
-2.796025E-04	-1.573517E-04	2.055471E-04	
-2.656265E-04	-1.746513E-04	2.667077E-04	
-2.121166E-04	-2.121166E-04	3.398744E-04	
1.683819E-11	-2.537469E-04	4.423297E-04	
2.121167E-04	-2.121166E-04	3.398744E-04	
2.656266E-04	-1.746513E-04	2.667078E-04	
2.796027E-04	-1.573516E-04	2.055472E-04	
2.590186E-04	-1.244373E-04	1.135700E-04	
1.684839E-04	-5.775207E-05	-1.318203E-05	
5.934486E-05	-1.310981E-05	-3.296530E-05	
9.964623E-06	-2.387655E-06	-2.189426E-05	
-1.015808E-05	-1.263761E-12	-2.231679E-05	
-6.566908E-05	-8.236771E-12	-3.368360E-05	
-1.962248E-04	2.878269E-12	-7.223646E-06	
-3.078960E-04	7.807895E-12	1.435097E-04	
-3.341401E-04	1.416656E-11	2.509364E-04	
-3.205784E-04	4.878605E-11	3.182017E-04	
-2.537470E-04	3.763123E-11	4.423297E-04	
-1.296263E-11	2.705283E-11	5.428290E-04	
2.537469E-04	2.180536E-12	4.423297E-04	
3.205784E-04	1.803123E-11	3.182017E-04	
3.341401E-04	-2.850840E-11	2.509364E-04	
3.078960E-04	1.847540E-12	1.435097E-04	
1.962247E-04	-1.002094E-11	-7.223658E-06	
6.566906E-05	-1.487746E-11	-3.368362E-05	
1.015808E-05	-1.027950E-11	-2.231683E-05	
-9.964635E-06	2.387648E-06	-2.189424E-05	
-5.934489E-05	1.310979E-05	-3.296526E-05	
-1.684839E-04	5.775204E-05	-1.318201E-05	
-2.590186E-04	1.244373E-04	1.135700E-04	
-2.796026E-04	1.573517E-04	2.055471E-04	
-2.656266E-04	1.746513E-04	2.667078E-04	
-2.121166E-04	2.121167E-04	3.398745E-04	
-9.970539E-12	2.537470E-04	4.423297E-04	
2.121166E-04	2.121167E-04	3.398744E-04	
2.656266E-04	1.746513E-04	2.667078E-04	
2.796026E-04	1.573516E-04	2.055471E-04	
2.590186E-04	1.244373E-04	1.135699E-04	
1.684839E-04	5.775205E-05	-1.318204E-05	
5.934487E-05	1.310979E-05	-3.296531E-05	
9.964624E-06	2.387636E-06	-2.189427E-05	
-9.703974E-06	3.217864E-06	-2.146720E-05	
-5.347663E-05	1.674670E-05	-3.220639E-05	
-1.412500E-04	7.139899E-05	-1.868583E-05	
-2.080448E-04	1.554919E-04	7.190326E-05	
-2.208636E-04	1.958619E-04	1.250187E-04	
-2.170605E-04	2.170606E-04	1.465136E-04	
-1.746513E-04	2.656266E-04	2.667078E-04	
-1.403737E-11	3.205785E-04	3.182017E-04	
1.746513E-04	2.656266E-04	2.667078E-04	
2.170605E-04	2.170606E-04	1.465136E-04	
2.208636E-04	1.958619E-04	1.250186E-04	
2.080448E-04	1.554919E-04	7.190320E-05	
1.412500E-04	7.139902E-05	-1.868590E-05	
5.347661E-05	1.674669E-05	-3.220642E-05	
9.703988E-06	3.217871E-06	-2.146725E-05	
-9.569614E-06	3.503716E-06	-2.128058E-05	
-5.109439E-05	1.780820E-05	-3.187352E-05	
-1.299149E-04	7.437292E-05	-2.079921E-05	
-1.879614E-04	1.603807E-04	5.228044E-05	
-1.989931E-04	1.989931E-04	1.016876E-04	
-1.958619E-04	2.208637E-04	1.250187E-04	
-1.573516E-04	2.796027E-04	2.055470E-04	
7.187375E-12	3.341402E-04	2.509364E-04	
1.573516E-04	2.796026E-04	2.055471E-04	
1.958619E-04	2.208636E-04	1.250185E-04	
1.989930E-04	1.989930E-04	1.016875E-04	
1.879614E-04	1.603807E-04	5.228047E-05	
1.299149E-04	7.437295E-05	-2.079917E-05	
5.109435E-05	1.780819E-05	-3.187347E-05	
9.569585E-06	3.503731E-06	-2.128052E-05	
-9.260170E-06	3.976075E-06	-2.087678E-05	
-4.633499E-05	1.905840E-05	-3.114366E-05	
-1.089422E-04	7.417216E-05	-2.447958E-05	
-1.521122E-04	1.521121E-04	2.007960E-05	
-1.603807E-04	1.879614E-04	5.228043E-05	
-1.554919E-04	2.080448E-04	7.190324E-05	
-1.244373E-04	2.590187E-04	1.135699E-04	
1.610643E-11	3.078960E-04	1.435096E-04	
1.244373E-04	2.590186E-04	1.135699E-04	
1.554919E-04	2.080448E-04	7.190321E-05	
1.603807E-04	1.879613E-04	5.228046E-05	
1.521121E-04	1.521121E-04	2.007962E-05	
1.089421E-04	7.417218E-05	-2.447951E-05	
4.633498E-05	1.905838E-05	-3.114362E-05	
9.260159E-06	3.976078E-06	-2.087673E-05	
-8.113845E-06	4.969873E-06	-1.953052E-05	
-3.311968E-05	1.997565E-05	-2.863061E-05	
-6.190729E-05	6.190728E-05	-3.114958E-05	
-7.417221E-05	1.089422E-04	-2.447955E-05	
-7.437298E-05	1.299149E-04	-2.079923E-05	
-7.139904E-05	1.412500E-04	-1.868590E-05	
-5.775207E-05	1.684839E-04	-1.318206E-05	
-3.463873E-12	1.962248E-04	-7.223681E-06	
5.775207E-05	1.684839E-04	-1.318206E-05	
7.139904E-05	1.412500E-04	-1.868591E-05	
7.437297E-05	1.299149E-04	-2.079919E-05	
7.417219E-05	1.089421E-04	-2.447952E-05	
6.190728E-05	6.190726E-05	-3.114954E-05	
3.311968E-05	1.997563E-05	-2.863058E-05	
8.113843E-06	4.969860E-06	-1.953049E-05	
-5.198849E-06	5.036290E-06	-1.659062E-05	
-1.506232E-05	1.506233E-05	-2.295457E-05	
-1.997563E-05	3.311970E-05	-2.863059E-05	
-1.905837E-05	4.633501E-05	-3.114364E-05	
-1.780818E-05	5.109436E-05	-3.187351E-05	
-1.674668E-05	5.347662E-05	-3.220644E-05	
-1.310979E-05	5.934487E-05	-3.296533E-05	
4.828509E-12	6.566907E-05	-3.368364E-05	
1.310981E-05	5.934488E-05	-3.296532E-05	
1.674671E-05	5.347662E-05	-3.220643E-05	
1.780822E-05	5.109438E-05	-3.187347E-05	
1.905840E-05	4.633497E-05	-3.114363E-05	
1.997565E-05	3.311967E-05	-2.863059E-05	
1.506232E-05	1.506231E-05	-2.295456E-05	
5.198851E-06	5.036275E-06	-1.659060E-05	
-2.278165E-06	2.278171E-06	-1.342680E-05	
-5.036274E-06	5.198856E-06	-1.659060E-05	
-4.969853E-06	8.113853E-06	-1.953049E-05	
-3.976064E-06	9.260173E-06	-2.087673E-05	
-3.503715E-06	9.569583E-06	-2.128057E-05	
-3.217855E-06	9.703985E-06	-2.146728E-05	
-2.387624E-06	9.964627E-06	-2.189430E-05	
1.717346E-11	1.015808E-05	-2.231685E-05	
2.387659E-06	9.964629E-06	-2.189428E-05	
3.217889E-06	9.703984E-06	-2.146726E-05	
3.503746E-06	9.569592E-06	-2.128053E-05	
3.976095E-06	9.260157E-06	-2.087675E-05	
4.969879E-06	8.113838E-06	-1.953050E-05	
5.036290E-06	5.198845E-06	-1.659060E-05	
2.278170E-06	2.278165E-06	-1.342679E-05	
-3.186105E-06	-3.186113E-06	-5.792925E-06	
-7.126398E-06	-6.904239E-06	-7.125043E-06	
-7.191163E-06	-1.094552E-05	-8.399269E-06	
-5.882232E-06	-1.298313E-05	-9.015061E-06	
-5.227507E-06	-1.361267E-05	-9.205538E-06	
-4.820312E-06	-1.390717E-05	-9.295096E-06	
-3.613044E-06	-1.458841E-05	-9.503378E-06	
2.556123E-11	-1.526697E-05	-9.712397E-06	
3.613097E-06	-1.458842E-05	-9.503373E-06	
4.820370E-06	-1.390718E-05	-9.295082E-06	
5.227567E-06	-1.361264E-05	-9.205540E-06	
5.882286E-06	-1.298311E-05	-9.015068E-06	
7.191202E-06	-1.094551E-05	-8.399277E-06	
7.126419E-06	-6.904233E-06	-7.125048E-06	
3.186111E-06	-3.186111E-06	-5.792929E-06	
-6.904231E-06	-7.126422E-06	-7.125044E-06	
-1.787289E-05	-1.787291E-05	-9.144973E-06	
-2.124126E-05	-3.214356E-05	-9.967952E-06	
-1.904951E-05	-4.064604E-05	-9.784107E-06	
-1.745720E-05	-4.351634E-05	-9.632850E-06	
-1.628306E-05	-4.491515E-05	-9.540551E-06	
-1.250843E-05	-4.822150E-05	-9.288374E-06	
1.715458E-12	-5.160416E-05	-8.986971E-06	
1.250844E-05	-4.822152E-05	-9.288388E-06	
1.628306E-05	-4.491518E-05	-9.540556E-06	
1.745721E-05	-4.351631E-05	-9.632848E-06	
1.904952E-05	-4.064599E-05	-9.784102E-06	
2.124127E-05	-3.214353E-05	-9.967955E-06	
1.787290E-05	-1.787290E-05	-9.144977E-06	
6.904233E-06	-7.126418E-06	-7.125047E-06	
-1.094551E-05	-7.191197E-06	-8.399270E-06	
-3.214353E-05	-2.124129E-05	-9.967948E-06	
-4.321365E-05	-4.321366E-05	-3.679181E-06	
-4.162248E-05	-5.768747E-05	5.525740E-06	
-3.903313E-05	-6.273604E-05	9.662409E-06	
-3.672678E-05	-6.523074E-05	1.189865E-05	
-2.873967E-05	-7.124257E-05	1.742912E-05	
-2.057000E-11	-7.754760E-05	2.335273E-05	
2.873962E-05	-7.124259E-05	1.742909E-05	
3.672670E-05	-6.523078E-05	1.189860E-05	
3.903305E-05	-6.273607E-05	9.662428E-06	
4.162242E-05	-5.768745E-05	5.525791E-06	
4.321362E-05	-4.321365E-05	-3.679174E-06	
3.214353E-05	-2.124129E-05	-9.967955E-06	
1.094551E-05	-7.191196E-06	-8.399274E-06	
-1.298312E-05	-5.882272E-06	-9.015061E-06	
-4.064601E-05	-1.904954E-05	-9.784097E-06	
-5.768746E-05	-4.162248E-05	5.525753E-06	
-5.707193E-05	-5.707192E-05	2.679481E-05	
-5.385978E-05	-6.255454E-05	3.514226E-05	
-5.083488E-05	-6.525164E-05	3.948199E-05	
-4.019692E-05	-7.166217E-05	5.132160E-05	
-3.438995E-11	-7.864770E-05	6.550236E-05	
4.019686E-05	-7.166219E-05	5.132159E-05	
5.083482E-05	-6.525167E-05	3.948195E-05	
5.385971E-05	-6.255457E-05	3.514225E-05	
5.707189E-05	-5.707193E-05	2.679486E-05	
5.768742E-05	-4.162246E-05	5.525778E-06	
4.064600E-05	-1.904955E-05	-9.784112E-06	
1.298312E-05	-5.882272E-06	-9.015064E-06	
-1.361265E-05	-5.227549E-06	-9.205519E-06	
-4.351632E-05	-1.745723E-05	-9.632825E-06	
-6.273609E-05	-3.903312E-05	9.662434E-06	
-6.255461E-05	-5.385976E-05	3.514225E-05	
-5.919515E-05	-5.919511E-05	4.486235E-05	
-5.577433E-05	-6.180689E-05	5.112117E-05	
-4.419542E-05	-6.782910E-05	6.269851E-05	
-4.678787E-11	-7.457798E-05	8.037556E-05	
4.419537E-05	-6.782914E-05	6.269847E-05	
5.577429E-05	-6.180692E-05	5.112107E-05	
5.919505E-05	-5.919510E-05	4.486249E-05	
6.255451E-05	-5.385977E-05	3.514231E-05	
6.273603E-05	-3.903309E-05	9.662397E-06	
4.351631E-05	-1.745725E-05	-9.632839E-06	
1.361265E-05	-5.227548E-06	-9.205521E-06	
-1.390717E-05	-4.820352E-06	-9.295079E-06	
-4.491518E-05	-1.628308E-05	-9.540544E-06	
-6.523080E-05	-3.672677E-05	1.189864E-05	
-6.525171E-05	-5.083486E-05	3.948198E-05	
-6.180696E-05	-5.577434E-05	5.112107E-05	
-5.827113E-05	-5.827106E-05	5.912954E-05	
-4.622083E-05	-6.449337E-05	6.697897E-05	
-1.776847E-11	-7.083863E-05	8.716800E-05	
4.622078E-05	-6.449340E-05	6.697894E-05	
5.827107E-05	-5.827110E-05	5.912949E-05	
6.180691E-05	-5.577431E-05	5.112110E-05	
6.525165E-05	-5.083487E-05	3.948200E-05	
6.523076E-05	-3.672675E-05	1.189861E-05	
4.491516E-05	-1.628310E-05	-9.540549E-06	
1.390716E-05	-4.820354E-06	-9.295085E-06	
-1.458841E-05	-3.613078E-06	-9.503361E-06	
-4.822152E-05	-1.250845E-05	-9.288384E-06	
-7.124262E-05	-2.873966E-05	1.742912E-05	
-7.166224E-05	-4.019690E-05	5.132160E-05	
-6.782918E-05	-4.419541E-05	6.269851E-05	
-6.449344E-05	-4.622078E-05	6.697898E-05	
-5.138788E-05	-5.138784E-05	9.041488E-05	
-6.022196E-12	-5.668335E-05	1.102190E-04	
5.138785E-05	-5.138785E-05	9.041486E-05	
6.449338E-05	-4.622081E-05	6.697894E-05	
6.782910E-05	-4.419538E-05	6.269851E-05	
7.166217E-05	-4.019690E-05	5.132163E-05	
7.124258E-05	-2.873967E-05	1.742911E-05	
4.822150E-05	-1.250847E-05	-9.288382E-06	
1.458840E-05	-3.613086E-06	-9.503375E-06	
-1.526697E-05	9.305318E-12	-9.712378E-06	
-5.160417E-05	7.805916E-12	-8.986958E-06	
-7.754763E-05	1.605150E-11	2.335275E-05	
-7.864773E-05	1.035731E-11	6.550237E-05	
-7.457802E-05	8.694236E-12	8.037555E-05	
-7.083868E-05	2.983289E-11	8.716799E-05	
-5.668340E-05	2.464086E-11	1.102190E-04	
-2.322487E-11	3.049132E-11	1.379126E-04	
5.668335E-05	1.928945E-11	1.102190E-04	
7.083862E-05	1.711017E-11	8.716798E-05	
7.457797E-05	-4.873395E-12	8.037558E-05	
7.864769E-05	-1.398602E-11	6.550239E-05	
7.754760E-05	-2.274763E-11	2.335274E-05	
5.160415E-05	-2.470048E-11	-8.986970E-06	
1.526696E-05	-1.856833E-11	-9.712392E-06	
-1.458842E-05	3.613101E-06	-9.503353E-06	
-4.822154E-05	1.250846E-05	-9.288369E-06	
-7.124261E-05	2.873968E-05	1.742912E-05	
-7.166221E-05	4.019692E-05	5.132161E-05	
-6.782915E-05	4.419542E-05	6.269846E-05	
-6.449342E-05	4.622084E-05	6.697897E-05	
-5.138787E-05	5.138790E-05	9.041487E-05	
-2.726592E-11	5.668342E-05	1.102190E-04	
5.138782E-05	5.138788E-05	9.041485E-05	
6.449336E-05	4.622084E-05	6.697895E-05	
6.782908E-05	4.419537E-05	6.269849E-05	
7.166216E-05	4.019687E-05	5.132162E-05	
7.124259E-05	2.873962E-05	1.742909E-05	
4.822151E-05	1.250842E-05	-9.288393E-06	
1.458841E-05	3.613048E-06	-9.503380E-06	
-1.390718E-05	4.820383E-06	-9.295054E-06	
-4.491519E-05	1.628310E-05	-9.540545E-06	
-6.523080E-05	3.672678E-05	1.189864E-05	
-6.525170E-05	5.083489E-05	3.948200E-05	
-6.180697E-05	5.577435E-05	5.112115E-05	
-5.827114E-05	5.827113E-05	5.912954E-05	
-4.622082E-05	6.449344E-05	6.697896E-05	
-1.630303E-11	7.083870E-05	8.716798E-05	
4.622078E-05	6.449342E-05	6.697894E-05	
5.827108E-05	5.827114E-05	5.912953E-05	
6.180691E-05	5.577430E-05	5.112109E-05	
6.525166E-05	5.083482E-05	3.948199E-05	
6.523078E-05	3.672669E-05	1.189861E-05	
4.491517E-05	1.628305E-05	-9.540562E-06	
1.390717E-05	4.820315E-06	-9.295092E-06	
-1.361266E-05	5.227582E-06	-9.205554E-06	
-4.351635E-05	1.745725E-05	-9.632862E-06	
-6.273610E-05	3.903312E-05	9.662415E-06	
-6.255460E-05	5.385980E-05	3.514224E-05	
-5.919511E-05	5.919513E-05	4.486259E-05	
-5.577433E-05	6.180696E-05	5.112111E-05	
-4.419541E-05	6.782915E-05	6.269852E-05	
4.194013E-12	7.457805E-05	8.037554E-05	
4.419539E-05	6.782914E-05	6.269847E-05	
5.577431E-05	6.180696E-05	5.112118E-05	
5.919511E-05	5.919507E-05	4.486264E-05	
6.255457E-05	5.385972E-05	3.514230E-05	
6.273606E-05	3.903303E-05	9.662442E-06	
4.351632E-05	1.745720E-05	-9.632829E-06	
1.361265E-05	5.227509E-06	-9.205520E-06	
-1.298312E-05	5.882301E-06	-9.015081E-06	
-4.064602E-05	1.904955E-05	-9.784117E-06	
-5.768747E-05	4.162248E-05	5.525755E-06	
-5.707194E-05	5.707195E-05	2.679481E-05	
-5.385978E-05	6.255458E-05	3.514225E-05	
-5.083488E-05	6.525171E-05	3.948197E-05	
-4.019692E-05	7.166222E-05	5.132160E-05	
-3.274437E-12	7.864776E-05	6.550236E-05	
4.019691E-05	7.166221E-05	5.132158E-05	
5.083487E-05	6.525169E-05	3.948199E-05	
5.385977E-05	6.255454E-05	3.514229E-05	
5.707193E-05	5.707189E-05	2.679484E-05	
5.768745E-05	4.162241E-05	5.525790E-06	
4.064600E-05	1.904950E-05	-9.784089E-06	
1.298312E-05	5.882236E-06	-9.015050E-06	
-1.094551E-05	7.191215E-06	-8.399284E-06	
-3.214354E-05	2.124130E-05	-9.967959E-06	
-4.321366E-05	4.321368E-05	-3.679180E-06	
-4.162248E-05	5.768749E-05	5.525765E-06	
-3.903313E-05	6.273607E-05	9.662422E-06	
-3.672678E-05	6.523080E-05	1.189861E-05	
-2.873968E-05	7.124261E-05	1.742910E-05	
-1.014428E-11	7.754763E-05	2.335272E-05	
2.873965E-05	7.124261E-05	1.742909E-05	
3.672674E-05	6.523079E-05	1.189861E-05	
3.903308E-05	6.273606E-05	9.662437E-06	
4.162245E-05	5.768743E-05	5.525790E-06	
4.321364E-05	4.321362E-05	-3.679162E-06	
3.214353E-05	2.124126E-05	-9.967943E-06	
1.094551E-05	7.191168E-06	-8.399264E-06	
-6.904232E-06	7.126429E-06	-7.125049E-06	
-1.787290E-05	1.787292E-05	-9.144977E-06	
-2.124127E-05	3.214357E-05	-9.967950E-06	
-1.904952E-05	4.064606E-05	-9.784106E-06	
-1.745721E-05	4.351632E-05	-9.632849E-06	
-1.628306E-05	4.491516E-05	-9.540564E-06	
-1.250844E-05	4.822151E-05	-9.288395E-06	
5.272286E-12	5.160416E-05	-8.986981E-06	
1.250844E-05	4.822153E-05	-9.288399E-06	
1.628307E-05	4.491518E-05	-9.540569E-06	
1.745722E-05	4.351631E-05	-9.632827E-06	
1.904952E-05	4.064599E-05	-9.784091E-06	
2.124128E-05	3.214352E-05	-9.967946E-06	
1.787290E-05	1.787289E-05	-9.144971E-06	
6.904235E-06	7.126401E-06	-7.125040E-06	
-3.186105E-06	3.186115E-06	-5.792927E-06	
-7.126395E-06	6.904243E-06	-7.125042E-06	
-7.191150E-06	1.094553E-05	-8.399263E-06	
-5.882208E-06	1.298314E-05	-9.015050E-06	
-5.227478E-06	1.361265E-05	-9.205539E-06	
-4.820286E-06	1.390716E-05	-9.295109E-06	
-3.613025E-06	1.458840E-05	-9.503393E-06	
3.315791E-11	1.526697E-05	-9.712403E-06	
3.613097E-06	1.458842E-05	-9.503383E-06	
4.820366E-06	1.390717E-05	-9.295093E-06	
5.227560E-06	1.361264E-05	-9.205525E-06	
5.882282E-06	1.298311E-05	-9.015061E-06	
7.191201E-06	1.094550E-05	-8.399271E-06	
7.126421E-06	6.904228E-06	-7.125043E-06	
3.186112E-06	3.186106E-06	-5.792925E-06	
